4 0.976 0.5409 0.05 0.0338
4 0.9832 0.5024 0.0382 0.0265
4 0.7668 0.4736 0.0647 0.0324
4 0.6731 0.4952 0.0647 0.0316
8 0.6322 0.5793 0.0397 0.0287
5 0.5361 0.5769 0.0706 0.0397
4 0.3293 0.5529 0.075 0.0346
7 0.3774 0.601 0.0743 0.0309
9 0.4375 0.5144 0.1279 0.0588
5 0.1995 0.4976 0.0853 0.0397
4 0.0312 0.4808 0.0618 0.0316
2 0.0457 0.6034 0.0221 0.0147
11 0.0433 0.6082 0.0191 0.014
1 0.2332 0.6947 0.011 0.0176
4 0.9087 0.2284 0.0397 0.0184
4 0.9495 0.274 0.0529 0.0243
4 0.9832 0.3053 0.0338 0.0368
10 0.9303 0.2909 0.0103 0.0147
4 0.9591 0.2933 0.0397 0.0272
1 0.9567 0.3101 0.0118 0.0199
1 0.9688 0.3726 0.0147 0.0206
1 0.9591 0.3486 0.0125 0.0176
1 0.9519 0.3582 0.011 0.0169
1 0.9471 0.3534 0.014 0.0162
1 0.8726 0.3654 0.0103 0.0176
1 0.8774 0.3582 0.0125 0.0154
1 0.875 0.3582 0.0125 0.0154
7 0.7284 0.387 0.0243 0.0257
2 0.7356 0.3822 0.0066 0.0132
1 0.8317 0.351 0.011 0.0162
1 0.8125 0.3317 0.0125 0.0169
1 0.8005 0.3438 0.011 0.0154
1 0.7837 0.3389 0.0125 0.0154
1 0.7909 0.3293 0.0125 0.0162
1 0.7716 0.3317 0.0096 0.0154
1 0.7764 0.3317 0.0103 0.0169
4 0.7163 0.2764 0.0243 0.0382
10 0.6178 0.2981 0.0074 0.0147
2 0.6178 0.2933 0.0074 0.0184
10 0.6034 0.2909 0.0074 0.0176
2 0.6034 0.2885 0.0074 0.0162
10 0.5577 0.2332 0.0199 0.0132
10 0.5216 0.2284 0.0103 0.014
4 0.1947 0.3894 0.0331 0.0265
1 0.1082 0.3029 0.0103 0.0162
4 0.0601 0.2788 0.0353 0.0368
5 0.0938 0.262 0.0265 0.0412
1 0.0841 0.226 0.0081 0.0103
3 0.125 0.238 0.0176 0.0118
10 0.1346 0.2837 0.0191 0.0132
1 0.137 0.2837 0.0118 0.0176
10 0.3389 0.4062 0.0191 0.014
2 0.3389 0.4038 0.0096 0.0154
2 0.3365 0.4062 0.0037 0.0096
1 0.375 0.3798 0.0044 0.0132
1 0.375 0.3726 0.0066 0.0184
10 0.2188 0.363 0.0184 0.0147
2 0.2115 0.3582 0.0074 0.014
2 0.2163 0.3582 0.0103 0.0169
1 0.238 0.3486 0.0059 0.0147
1 0.2404 0.3438 0.0096 0.0184
4 0.2812 0.3413 0.0544 0.0294
4 0.2188 0.3293 0.0544 0.0272
4 0.3341 0.3317 0.0551 0.0301
1 0.375 0.3413 0.0074 0.0206
1 0.3702 0.3365 0.0051 0.0169
10 0.375 0.3438 0.0169 0.0125
4 0.375 0.3221 0.0529 0.0287
7 0.3413 0.3005 0.0257 0.0154
4 0.4471 0.2981 0.0426 0.0309
7 0.488 0.2788 0.0316 0.025
7 0.4952 0.2716 0.0228 0.0199
8 0.5144 0.2668 0.0272 0.0316
7 0.5288 0.2596 0.0316 0.0162
10 0.5024 0.238 0.0066 0.0118
10 0.4856 0.2284 0.0103 0.0147
10 0.476 0.2308 0.0059 0.0169
1 0.4952 0.2452 0.0044 0.0176
10 0.4952 0.2452 0.0132 0.0132
10 0.4688 0.262 0.0088 0.0162
10 0.4832 0.2524 0.014 0.0169
10 0.4688 0.2428 0.0051 0.0154
10 0.4663 0.2308 0.0051 0.014
10 0.4591 0.2404 0.0059 0.0176
10 0.4519 0.2404 0.0066 0.0176
10 0.4471 0.2404 0.0059 0.0154
10 0.4399 0.238 0.0081 0.0162
10 0.4303 0.2332 0.0088 0.0154
1 0.4135 0.2572 0.0051 0.0162
10 0.3365 0.2716 0.0088 0.0125
4 0.3534 0.2692 0.0074 0.014
4 0.3702 0.2668 0.0118 0.014
4 0.3798 0.2644 0.0074 0.0147
4 0.3894 0.262 0.0096 0.0147
4 0.3966 0.2596 0.0096 0.0154
4 0.4038 0.2548 0.0103 0.0176
1 0.4087 0.2524 0.0066 0.0176
7 0.1995 0.2764 0.0169 0.0235
2 0.2716 0.2885 0.0044 0.0088
2 0.2764 0.2812 0.0066 0.0154
1 0.2933 0.2812 0.0081 0.0147
1 0.3005 0.2861 0.0066 0.0154
3 0.1635 0.2668 0.0081 0.0162
10 0.1538 0.2596 0.0125 0.0191
10 0.1442 0.2524 0.0125 0.0162
0 0.2692 0.2308 0.2456 0.0213
0 0.3221 0.2476 0.1515 0.0081
0 0.3029 0.262 0.0537 0.0213
0 0.3534 0.2572 0.0449 0.0103
10 0.2236 0.2548 0.0081 0.0169
10 0.2019 0.2524 0.0081 0.0162
10 0.1899 0.2524 0.0088 0.0162
10 0.1827 0.2524 0.0088 0.0169
10 0.1707 0.2524 0.0081 0.0191
10 0.1803 0.2548 0.0074 0.0162
1 0.4351 0.7115 0.0125 0.0147
1 0.4399 0.7043 0.0118 0.0184
