0 0.4471 0.375 0.1578 0.0859
4 0.5 0.601 0.0516 0.0474
4 0.6226 0.7404 0.0547 0.0594
4 0.2019 0.5144 0.0484 0.0411
4 0.2428 0.4976 0.0516 0.0333
4 0.2668 0.476 0.0432 0.0229
4 0.2668 0.4663 0.0312 0.0224
4 0.7404 0.613 0.0547 0.0479
4 0.6803 0.5505 0.0557 0.0422
4 0.6538 0.5168 0.0385 0.038
4 0.613 0.4808 0.0286 0.0323
4 0.5817 0.4663 0.0302 0.026
4 0.5409 0.4567 0.0297 0.0271
4 0.5 0.4543 0.0323 0.0307
4 0.3005 0.4543 0.0276 0.0286
4 0.1466 0.5577 0.0578 0.0521
0 0.3389 0.4255 0.0677 0.0318
0 0.5625 0.4255 0.0594 0.0359
