0 0.2236 0.613 0.0745 0.0563
0 0.5889 0.3053 0.0135 0.0156
0 0.5505 0.3077 0.024 0.0182
4 0.5697 0.3029 0.0036 0.0052
4 0.5385 0.3245 0.0089 0.0042
4 0.5385 0.3245 0.0094 0.0036
4 0.5409 0.3221 0.0094 0.0031
4 0.5745 0.3317 0.0057 0.0052
1 0.5817 0.3317 0.0021 0.0057
1 0.5938 0.3341 0.0021 0.0052
1 0.5938 0.3341 0.0016 0.0057
2 0.5433 0.3269 0.0021 0.0031
10 0.5433 0.3293 0.0031 0.0031
5 0.5433 0.3462 0.0062 0.0078
2 0.5697 0.3365 0.0021 0.0031
10 0.5697 0.3389 0.0026 0.0031
2 0.5673 0.3438 0.0021 0.0042
10 0.5673 0.3462 0.0026 0.0036
4 0.5625 0.3486 0.0068 0.0052
4 0.5625 0.3534 0.0062 0.0062
4 0.5601 0.3558 0.0068 0.0062
4 0.5577 0.363 0.0062 0.0057
4 0.5457 0.3558 0.0068 0.0068
1 0.5649 0.3606 0.0026 0.0068
1 0.5673 0.363 0.0026 0.0062
1 0.5697 0.3582 0.0021 0.0052
1 0.5697 0.3558 0.0026 0.0057
1 0.5673 0.3702 0.0026 0.0073
2 0.5433 0.363 0.0031 0.0036
10 0.5433 0.363 0.0026 0.0036
2 0.5409 0.3654 0.0031 0.0036
10 0.5409 0.3678 0.0031 0.0052
1 0.5553 0.3774 0.0031 0.0078
2 0.5601 0.375 0.0031 0.0042
10 0.5601 0.3774 0.0026 0.0042
1 0.5577 0.3798 0.0026 0.0073
7 0.5697 0.3846 0.0068 0.0083
1 0.5625 0.387 0.0021 0.0068
2 0.5649 0.3846 0.0036 0.0078
1 0.5288 0.3678 0.0026 0.0068
4 0.5264 0.3726 0.0094 0.0083
1 0.5264 0.375 0.0021 0.0073
2 0.5385 0.3702 0.0026 0.0047
10 0.5385 0.375 0.0026 0.0047
2 0.5361 0.3774 0.0021 0.0047
10 0.5385 0.3798 0.0026 0.0052
4 0.5721 0.3942 0.0104 0.0115
4 0.5529 0.4087 0.0099 0.0099
4 0.5433 0.399 0.0094 0.0104
5 0.4375 0.399 0.0151 0.0094
4 0.4543 0.399 0.0151 0.0078
4 0.4543 0.3918 0.0167 0.0089
4 0.4351 0.3894 0.0141 0.0083
4 0.4784 0.3413 0.0135 0.0062
10 0.5697 0.4135 0.0078 0.0057
10 0.5625 0.4231 0.0068 0.0073
2 0.5529 0.4231 0.0042 0.0057
10 0.5505 0.4255 0.0042 0.0073
2 0.5433 0.4087 0.0036 0.0052
10 0.5433 0.4111 0.0047 0.0104
2 0.5385 0.4159 0.0031 0.0052
10 0.5385 0.4183 0.0026 0.0062
2 0.5361 0.4087 0.0036 0.0052
2 0.5337 0.4111 0.0047 0.0062
10 0.5337 0.4111 0.0026 0.0062
2 0.5264 0.4038 0.0026 0.0047
10 0.5264 0.4062 0.0036 0.0073
4 0.5048 0.4062 0.0115 0.0109
1 0.5048 0.4111 0.0036 0.0083
2 0.5024 0.4135 0.0026 0.0047
10 0.5024 0.4159 0.0031 0.0068
2 0.5168 0.4183 0.0031 0.0052
7 0.5168 0.4207 0.0073 0.0078
2 0.5168 0.4231 0.0031 0.0068
10 0.5168 0.4279 0.0047 0.0057
1 0.5072 0.4255 0.0036 0.0099
7 0.5 0.4279 0.0062 0.0099
8 0.4904 0.4255 0.0099 0.012
4 0.4904 0.4375 0.012 0.0109
4 0.5144 0.4423 0.013 0.0146
5 0.4591 0.4447 0.0229 0.0151
5 0.4856 0.4567 0.0146 0.0177
1 0.5625 0.4327 0.0036 0.0104
8 0.5553 0.4399 0.0078 0.012
2 0.5337 0.4471 0.0036 0.0057
2 0.5337 0.4495 0.0026 0.0057
10 0.5337 0.4519 0.0042 0.0083
2 0.5409 0.4615 0.0036 0.0057
2 0.5409 0.4591 0.0036 0.0068
10 0.5409 0.4639 0.0031 0.0089
4 0.5505 0.4543 0.0146 0.0141
2 0.5457 0.4712 0.0036 0.0068
2 0.5433 0.4688 0.0042 0.0073
10 0.5433 0.4736 0.0047 0.0083
10 0.6034 0.4928 0.0135 0.0109
1 0.5409 0.4904 0.0057 0.0146
2 0.5337 0.476 0.0047 0.0083
10 0.5337 0.4808 0.0047 0.0094
2 0.5288 0.4736 0.0036 0.0052
2 0.5288 0.4688 0.0042 0.0068
10 0.5288 0.476 0.0031 0.0078
2 0.5216 0.4832 0.0052 0.0073
10 0.5216 0.4832 0.0062 0.013
4 0.5457 0.512 0.0193 0.0193
7 0.4591 0.4784 0.0083 0.0109
10 0.4543 0.488 0.0104 0.0089
10 0.4447 0.5024 0.0089 0.0099
4 0.4327 0.5385 0.0193 0.0229
4 0.4135 0.5673 0.0214 0.0224
5 0.3702 0.5625 0.0245 0.026
1 0.4471 0.5337 0.0052 0.0156
2 0.4952 0.4808 0.0047 0.0073
10 0.4928 0.4856 0.0036 0.0083
2 0.512 0.5024 0.0047 0.0099
10 0.512 0.5072 0.0042 0.0094
2 0.4808 0.488 0.0062 0.0094
10 0.4808 0.4904 0.0062 0.0109
2 0.4832 0.5 0.0047 0.0089
10 0.4832 0.5048 0.0047 0.012
2 0.5096 0.5529 0.0057 0.0115
2 0.512 0.5553 0.0036 0.0115
10 0.5096 0.5601 0.0062 0.0115
2 0.488 0.6154 0.0109 0.0146
10 0.488 0.6202 0.0141 0.0198
2 0.5144 0.613 0.0073 0.0115
2 0.5144 0.6082 0.0068 0.0115
10 0.5144 0.6154 0.0078 0.0146
2 0.4952 0.637 0.0115 0.0203
2 0.4928 0.6346 0.0078 0.0115
10 0.4928 0.6418 0.0078 0.0172
1 0.3942 0.6394 0.0073 0.0224
1 0.4014 0.6418 0.0083 0.0234
4 0.3822 0.6226 0.0349 0.038
4 0.3245 0.6202 0.025 0.024
7 0.3678 0.6587 0.0177 0.0328
2 0.4207 0.6394 0.0062 0.0146
10 0.4207 0.649 0.0089 0.0172
2 0.4639 0.6659 0.0083 0.0146
2 0.4639 0.6611 0.0089 0.0109
2 0.4663 0.6635 0.0083 0.0198
10 0.4639 0.6683 0.0099 0.0193
2 0.4014 0.6851 0.0089 0.0177
2 0.4014 0.6827 0.0068 0.0161
10 0.4014 0.6947 0.012 0.0172
10 0.2837 0.5553 0.0188 0.0151
2 0.2476 0.5481 0.0083 0.013
1 0.1394 0.6418 0.0125 0.025
2 0.1442 0.6827 0.0135 0.0151
2 0.1298 0.6851 0.0135 0.0188
2 0.0962 0.7188 0.0115 0.0156
2 0.0793 0.7308 0.0094 0.0141
2 0.0673 0.7284 0.013 0.0167
2 0.0481 0.7548 0.0167 0.0177
2 0.0601 0.7596 0.012 0.0125
2 0.0433 0.7716 0.0135 0.0151
2 0.0312 0.7692 0.0089 0.0182
2 0.024 0.7788 0.0089 0.0083
2 0.012 0.7764 0.0104 0.0094
3 0.0096 0.7476 0.0182 0.012
10 0.0577 0.7043 0.013 0.0234
4 0.3389 0.7067 0.0448 0.051
4 0.3077 0.7572 0.0484 0.0505
1 0.3293 0.7668 0.012 0.025
1 0.3053 0.7764 0.0089 0.0115
4 0.5216 0.7548 0.0359 0.0552
4 0.4639 0.7716 0.0349 0.0219
1 0.4784 0.7764 0.0115 0.0099
2 0.3606 0.7716 0.0151 0.0167
10 0.3606 0.7764 0.0156 0.0115
2 0.3606 0.7452 0.0104 0.0151
2 0.363 0.7404 0.0109 0.0188
10 0.3582 0.7548 0.0161 0.0276
10 0.5913 0.7356 0.0219 0.0193
10 0.5601 0.738 0.0214 0.0219
