4 0.524 0.3774 0.0031 0.0052
4 0.4832 0.4351 0.0094 0.0083
4 0.4736 0.4495 0.0115 0.0125
4 0.4928 0.4904 0.0177 0.0177
4 0.5192 0.4736 0.0125 0.0125
4 0.5312 0.6058 0.0312 0.0323
4 0.4832 0.6106 0.0292 0.0292
4 0.3774 0.6779 0.0469 0.0458
4 0.4639 0.4639 0.0125 0.0125
4 0.4832 0.4279 0.0094 0.0083
4 0.4976 0.4255 0.0094 0.0073
4 0.5 0.4062 0.0083 0.0073
4 0.5024 0.399 0.0073 0.0083
4 0.5144 0.3822 0.0073 0.0052
4 0.3534 0.5721 0.049 0.0208
6 0.3942 0.5745 0.0292 0.0458
8 0.512 0.5793 0.0177 0.024
4 0.5072 0.3894 0.0062 0.0062
2 0.4952 0.4303 0.0042 0.0062
2 0.5048 0.4279 0.0042 0.0062
2 0.512 0.4255 0.0052 0.0062
2 0.4904 0.4688 0.0052 0.0083
2 0.476 0.4784 0.0052 0.0083
2 0.4639 0.5192 0.0073 0.0125
2 0.5361 0.512 0.0052 0.0104
2 0.5216 0.524 0.0062 0.0125
2 0.5216 0.5216 0.0073 0.0135
2 0.4327 0.5769 0.0104 0.0146
2 0.4399 0.5865 0.0094 0.0146
2 0.4279 0.6058 0.0094 0.0177
2 0.4423 0.613 0.0104 0.0177
2 0.4952 0.6659 0.0094 0.0188
2 0.4639 0.6707 0.0167 0.024
2 0.4663 0.6659 0.0104 0.0198
2 0.4183 0.6827 0.0094 0.0229
2 0.4135 0.6875 0.0115 0.0229
10 0.4135 0.6995 0.0135 0.0229
10 0.4663 0.6779 0.0094 0.025
10 0.4976 0.6803 0.0073 0.0208
10 0.3534 0.649 0.025 0.0146
10 0.3534 0.637 0.025 0.0177
10 0.4255 0.6154 0.0115 0.0198
10 0.4423 0.6226 0.0094 0.0208
10 0.4327 0.5841 0.0073 0.0198
10 0.4399 0.5938 0.0104 0.0167
10 0.3966 0.5312 0.0219 0.0125
10 0.4615 0.5264 0.0073 0.0135
10 0.5216 0.5288 0.0052 0.0146
10 0.5361 0.5168 0.0073 0.0104
10 0.4904 0.4712 0.0042 0.0083
10 0.476 0.4832 0.0042 0.0094
10 0.4976 0.4327 0.0042 0.0083
10 0.5048 0.4303 0.0042 0.0083
10 0.512 0.4303 0.0062 0.0083
10 0.4663 0.4712 0.0052 0.0083
1 0.375 0.6418 0.0094 0.0302
1 0.387 0.6418 0.0094 0.0292
2 0.1418 0.7476 0.0177 0.0292
8 0.4832 0.5024 0.0115 0.0177
10 0.4543 0.512 0.0042 0.0115
2 0.4567 0.5048 0.0073 0.0083
