0 0.4688 0.2452 0.1184 0.0485
4 0.4183 0.5745 0.0397 0.05
4 0.5216 0.5745 0.0382 0.0471
4 0.6058 0.6274 0.0426 0.0559
4 0.4471 0.4688 0.0287 0.0338
4 0.5048 0.4423 0.0243 0.0257
4 0.4976 0.3221 0.0176 0.0132
4 0.5072 0.3077 0.0103 0.0103
4 0.5312 0.3245 0.0132 0.0118
4 0.5433 0.351 0.0147 0.0147
4 0.4591 0.2957 0.0103 0.0096
4 0.1322 0.6178 0.0699 0.0544
4 0.1947 0.5481 0.0515 0.0382
4 0.3221 0.3822 0.036 0.0147
4 0.5192 0.7332 0.0559 0.0801
4 0.7308 0.5649 0.0551 0.0478
4 0.6731 0.4712 0.0331 0.0316
4 0.6202 0.3918 0.0191 0.0206
4 0.6538 0.4014 0.025 0.0191
4 0.6611 0.3822 0.0412 0.0162
5 0.5793 0.3173 0.0147 0.014
5 0.6034 0.3149 0.0132 0.014
4 0.8582 0.7548 0.0853 0.0574
1 0.0986 0.6803 0.0162 0.039
1 0.0481 0.7332 0.0199 0.0412
1 0.024 0.7308 0.0176 0.0412
1 0.6346 0.4399 0.0074 0.0199
1 0.6514 0.4423 0.0066 0.0199
1 0.6755 0.4087 0.0066 0.0176
1 0.6827 0.4087 0.0066 0.0169
1 0.5986 0.3389 0.0051 0.0118
4 0.5721 0.3005 0.0132 0.0096
2 0.4399 0.3534 0.0044 0.0103
10 0.4423 0.3558 0.0037 0.0103
1 0.3966 0.3341 0.0037 0.0118
1 0.4159 0.3269 0.0044 0.0096
1 0.399 0.3486 0.0037 0.0118
1 0.7356 0.4159 0.0096 0.0162
2 0.4495 0.3413 0.0044 0.0103
2 0.4519 0.3245 0.0044 0.0081
10 0.4519 0.3269 0.0044 0.0081
10 0.4495 0.3438 0.0044 0.0081
5 0.4111 0.3125 0.0154 0.0125
4 0.4135 0.3053 0.014 0.011
4 0.4207 0.3005 0.0088 0.0088
4 0.4207 0.2981 0.0096 0.0088
5 0.4231 0.2957 0.0162 0.011
4 0.4303 0.2885 0.0096 0.0088
4 0.4351 0.2837 0.0088 0.0081
4 0.4255 0.274 0.0169 0.0074
4 0.4519 0.274 0.014 0.0059
4 0.5048 0.2812 0.0088 0.0088
4 0.4832 0.274 0.0074 0.0066
8 0.4904 0.2788 0.0066 0.0081
2 0.5312 0.3606 0.0051 0.0088
2 0.5312 0.363 0.0051 0.0088
