10 0.1082 0.6779 0.0219 0.0198
5 0.0433 0.7668 0.0615 0.0302
4 0.1562 0.7115 0.0521 0.0406
4 0.1971 0.738 0.0448 0.0427
4 0.1947 0.6731 0.0271 0.0365
3 0.2188 0.6803 0.0125 0.0177
10 0.2284 0.6635 0.0083 0.0208
10 0.2548 0.637 0.0208 0.0167
5 0.2572 0.613 0.0385 0.0354
4 0.2115 0.5913 0.05 0.0198
4 0.2476 0.5553 0.0156 0.0167
1 0.2668 0.5529 0.0073 0.0146
4 0.3197 0.613 0.0354 0.0312
9 0.3245 0.5625 0.0396 0.0198
7 0.2861 0.5337 0.0115 0.0156
4 0.3606 0.5553 0.024 0.0188
4 0.387 0.5288 0.0198 0.0188
4 0.4038 0.5096 0.0146 0.0135
4 0.3726 0.512 0.0344 0.0146
4 0.4183 0.4976 0.0135 0.0135
4 0.399 0.4904 0.024 0.0125
6 0.4038 0.488 0.025 0.0115
6 0.4038 0.4808 0.0281 0.0135
5 0.4038 0.4784 0.0219 0.0115
4 0.4303 0.4808 0.0125 0.0104
4 0.3005 0.7476 0.051 0.0573
4 0.4736 0.7163 0.0292 0.0406
4 0.5144 0.7188 0.0281 0.0396
4 0.4856 0.6755 0.0271 0.0354
4 0.4832 0.5697 0.0208 0.0198
5 0.4976 0.6346 0.0219 0.0292
4 0.5337 0.613 0.0458 0.0219
4 0.5385 0.6034 0.0396 0.0188
4 0.5409 0.5865 0.0396 0.0156
4 0.5385 0.5721 0.0396 0.0177
4 0.5577 0.5457 0.0271 0.0156
7 0.5817 0.6034 0.0104 0.0177
10 0.5865 0.6274 0.0177 0.0125
1 0.5697 0.601 0.0052 0.0156
0 0.5481 0.5216 0.0833 0.026
7 0.4976 0.5264 0.0146 0.0125
4 0.4952 0.5553 0.0208 0.0167
0 0.5264 0.5433 0.0354 0.026
4 0.5096 0.5048 0.0198 0.0115
5 0.5024 0.4976 0.0125 0.0135
4 0.5048 0.4832 0.0115 0.0104
4 0.4808 0.476 0.0115 0.0104
5 0.4688 0.5 0.0167 0.0198
4 0.4736 0.488 0.0125 0.0104
5 0.4904 0.4952 0.0115 0.0135
4 0.524 0.4856 0.0104 0.0104
0 0.5144 0.4928 0.0062 0.0083
1 0.4615 0.5385 0.0073 0.0125
2 0.4519 0.5697 0.0073 0.0125
10 0.4519 0.5721 0.0073 0.0135
0 0.4904 0.5913 0.0094 0.0135
2 0.4712 0.5601 0.0062 0.0115
10 0.4712 0.5625 0.0062 0.0125
1 0.4688 0.5168 0.0052 0.0104
1 0.4784 0.5168 0.0052 0.0104
4 0.5096 0.4567 0.0083 0.0083
4 0.5216 0.4543 0.0094 0.0083
4 0.524 0.4423 0.0115 0.0073
4 0.5745 0.4784 0.0219 0.0094
4 0.5793 0.4832 0.0208 0.0083
4 0.5697 0.4615 0.0198 0.0083
6 0.5793 0.5 0.0302 0.0177
4 0.5745 0.4976 0.0271 0.0094
9 0.5505 0.4856 0.0135 0.0208
4 0.5793 0.488 0.0271 0.0115
0 0.5721 0.4712 0.0125 0.0073
4 0.5697 0.4567 0.0188 0.0073
4 0.5697 0.4543 0.0198 0.0073
5 0.5673 0.4471 0.0177 0.0083
4 0.5721 0.4351 0.0073 0.0073
6 0.5649 0.4351 0.0073 0.0115
5 0.5649 0.4279 0.0135 0.0083
0 0.5673 0.399 0.0208 0.0396
2 0.3846 0.5841 0.0083 0.0115
10 0.3822 0.5865 0.0177 0.0125
5 0.3894 0.4543 0.0198 0.0104
5 0.4303 0.4639 0.0188 0.0104
5 0.4231 0.4591 0.0208 0.0094
5 0.4327 0.4543 0.0208 0.0094
5 0.4351 0.4471 0.0156 0.0094
4 0.4231 0.4423 0.0083 0.0073
4 0.4351 0.4399 0.0177 0.0062
4 0.4375 0.4375 0.0156 0.0073
4 0.4399 0.4303 0.0094 0.0062
4 0.4471 0.4183 0.0083 0.0062
5 0.4615 0.4423 0.0104 0.0104
0 0.5312 0.387 0.0333 0.0698
0 0.4928 0.4087 0.0448 0.0448
4 0.4712 0.4351 0.0094 0.0083
7 0.4712 0.4543 0.0073 0.0073
