4 0.6611 0.726 0.1904 0.1022
4 0.9447 0.7067 0.1147 0.1301
4 0.0865 0.2308 0.0478 0.0213
1 0.2188 0.2284 0.0125 0.0176
1 0.4567 0.2837 0.0103 0.0191
10 0.4567 0.2861 0.0331 0.0191
4 0.625 0.3053 0.0691 0.0316
4 0.7716 0.3678 0.0669 0.0434
5 0.875 0.4663 0.0559 0.0735
7 0.9808 0.5216 0.0397 0.0529
2 0.9832 0.5048 0.0206 0.0176
2 0.9856 0.4279 0.0162 0.0184
2 0.9712 0.4207 0.0162 0.0213
7 0.976 0.4351 0.0485 0.0441
4 0.7861 0.2764 0.0522 0.0257
4 0.7476 0.2548 0.0316 0.0279
1 0.7548 0.2548 0.014 0.0162
0 0.4351 0.2356 0.3713 0.0301
0 0.9111 0.2668 0.1816 0.0934
0 0.7861 0.238 0.0456 0.0375
4 0.7452 0.2284 0.0221 0.0147
