4 0.0697 0.6875 0.0729 0.0464
4 0.0168 0.649 0.0302 0.0375
4 0.012 0.5865 0.0203 0.0271
4 0.0649 0.5577 0.0568 0.0276
4 0.1154 0.5361 0.049 0.0245
4 0.1731 0.5553 0.0469 0.0271
4 0.2596 0.5697 0.0427 0.0286
4 0.2572 0.5433 0.0432 0.0224
4 0.1899 0.5264 0.0422 0.0229
5 0.1707 0.512 0.0359 0.025
4 0.1971 0.4976 0.0406 0.0214
4 0.238 0.4832 0.0333 0.0182
4 0.2764 0.5072 0.0344 0.0208
4 0.3125 0.5096 0.0344 0.0219
4 0.3486 0.5072 0.0271 0.025
4 0.2668 0.4688 0.0302 0.0193
4 0.3029 0.4567 0.0292 0.0156
4 0.3293 0.4615 0.0255 0.0151
5 0.351 0.4688 0.026 0.0177
4 0.3702 0.476 0.0203 0.0172
4 0.387 0.4832 0.026 0.0203
4 0.4135 0.4591 0.0245 0.0161
4 0.3942 0.4471 0.0229 0.0167
4 0.3269 0.4447 0.0266 0.0141
4 0.3462 0.4351 0.025 0.0135
4 0.3702 0.4279 0.0214 0.0135
4 0.387 0.4231 0.0188 0.0115
4 0.4014 0.4135 0.0203 0.0109
4 0.4303 0.4303 0.0188 0.0125
4 0.4591 0.4303 0.0182 0.0115
5 0.4255 0.4159 0.0177 0.0146
4 0.4183 0.4062 0.0188 0.0104
4 0.4279 0.4014 0.0193 0.0125
4 0.4423 0.3966 0.0156 0.0099
6 0.4615 0.3942 0.0214 0.0214
4 0.4952 0.3966 0.0146 0.0094
4 0.5216 0.3822 0.0135 0.0089
4 0.512 0.375 0.0125 0.0083
4 0.8918 0.399 0.0167 0.0099
4 0.8942 0.3966 0.0167 0.0094
4 0.863 0.3942 0.0172 0.0078
5 0.8389 0.3918 0.0188 0.0094
9 0.8534 0.387 0.05 0.0193
4 0.8125 0.3918 0.0203 0.0094
6 0.7764 0.387 0.0328 0.0141
4 0.7885 0.387 0.0151 0.0073
4 0.7933 0.3846 0.0156 0.0078
4 0.7572 0.3846 0.0188 0.0078
4 0.75 0.3822 0.0156 0.0073
4 0.738 0.3846 0.0161 0.0073
4 0.7284 0.3822 0.0193 0.0073
4 0.7236 0.3798 0.0177 0.0073
7 0.7115 0.3822 0.0135 0.0094
5 0.7019 0.3798 0.0203 0.0094
4 0.6851 0.3822 0.0141 0.0057
4 0.6899 0.3774 0.0156 0.0062
4 0.6611 0.3774 0.0198 0.0068
4 0.6683 0.3774 0.0146 0.0068
4 0.6587 0.375 0.0172 0.0062
5 0.6346 0.3678 0.0167 0.0083
5 0.0817 0.4639 0.0349 0.0219
5 0.1106 0.4447 0.0375 0.0208
4 0.1827 0.4447 0.0328 0.0172
4 0.2212 0.4255 0.0271 0.0146
4 0.2139 0.4159 0.025 0.0151
4 0.2356 0.4014 0.0229 0.012
4 0.2885 0.3942 0.0214 0.0146
4 0.3125 0.4038 0.0214 0.013
5 0.2572 0.4207 0.024 0.0182
4 0.3678 0.387 0.0167 0.0109
4 0.3678 0.3702 0.0161 0.0109
6 0.387 0.3678 0.0286 0.0245
4 0.4159 0.363 0.0146 0.0094
4 0.4255 0.3558 0.013 0.0078
6 0.4519 0.3558 0.024 0.0224
4 0.4447 0.3486 0.0109 0.0083
6 0.4615 0.3462 0.0193 0.0135
4 0.4375 0.3413 0.0146 0.0078
2 0.4519 0.3365 0.0036 0.0052
10 0.4543 0.3413 0.0052 0.0031
4 0.125 0.3413 0.025 0.0109
4 0.1202 0.3341 0.0224 0.0078
4 0.1346 0.3365 0.0193 0.0073
4 0.1418 0.3413 0.0177 0.0094
4 0.1466 0.3365 0.0172 0.0083
4 0.1683 0.3365 0.0198 0.0094
4 0.1731 0.3413 0.0219 0.0089
4 0.1755 0.3438 0.0203 0.0099
4 0.1562 0.3438 0.0208 0.0089
4 0.1875 0.3486 0.0219 0.0089
5 0.1971 0.3413 0.0198 0.0104
4 0.2043 0.3462 0.0188 0.0099
4 0.2188 0.351 0.0188 0.0083
4 0.226 0.3462 0.0167 0.0083
4 0.2452 0.3534 0.0208 0.0089
4 0.274 0.3558 0.0177 0.0083
4 0.2404 0.3486 0.0172 0.0078
4 0.2548 0.3486 0.0156 0.0083
4 0.2644 0.3486 0.0156 0.0073
4 0.2933 0.351 0.0193 0.0099
5 0.2716 0.351 0.0193 0.0083
5 0.2837 0.351 0.0193 0.0104
6 0.2356 0.3438 0.0286 0.0141
4 0.2236 0.3678 0.0141 0.0099
4 0.8654 0.4038 0.0219 0.0089
4 0.5793 0.363 0.0109 0.0078
4 0.5938 0.3582 0.0104 0.0068
4 0.6226 0.351 0.0094 0.0068
4 0.5625 0.3606 0.0094 0.0089
4 0.5457 0.3582 0.0099 0.0068
4 0.5913 0.351 0.0078 0.0068
4 0.5769 0.3462 0.0099 0.0078
4 0.6058 0.3486 0.0083 0.0073
4 0.601 0.3413 0.0078 0.0068
4 0.6106 0.3341 0.0073 0.0052
4 0.6082 0.3293 0.0068 0.0057
5 0.5144 0.3438 0.0104 0.0089
4 0.5216 0.3438 0.0078 0.0062
4 0.5312 0.3389 0.0089 0.0062
4 0.5337 0.3365 0.0057 0.0047
4 0.524 0.3365 0.0083 0.0068
4 0.4904 0.3365 0.0125 0.0083
6 0.4928 0.3413 0.0182 0.0182
4 0.5168 0.3317 0.0083 0.0068
4 0.5096 0.3317 0.0099 0.0068
4 0.5144 0.3245 0.0078 0.0047
4 0.5361 0.3317 0.0078 0.0068
4 0.5312 0.3293 0.0078 0.0062
4 0.5264 0.3269 0.0073 0.0057
4 0.5529 0.3317 0.0099 0.0062
4 0.5529 0.3269 0.0083 0.0062
4 0.5505 0.3245 0.0078 0.0068
4 0.5481 0.3173 0.0068 0.0052
4 0.5697 0.3173 0.0068 0.0047
4 0.6322 0.3269 0.0052 0.0047
4 0.6298 0.3197 0.0057 0.0047
4 0.6178 0.3221 0.0068 0.0042
5 0.6274 0.3173 0.0052 0.0047
4 0.6394 0.3221 0.0052 0.0042
5 0.6442 0.3197 0.0047 0.0052
5 0.6394 0.3173 0.0052 0.0052
5 0.6466 0.3125 0.0052 0.0042
4 0.6562 0.3101 0.0047 0.0042
4 0.6587 0.3077 0.0042 0.0031
4 0.6587 0.3053 0.0042 0.0042
4 0.6683 0.3053 0.0047 0.0036
4 0.6683 0.3005 0.0031 0.0036
5 0.6731 0.3029 0.0042 0.0042
5 0.6779 0.3005 0.0031 0.0042
4 0.6707 0.2981 0.0036 0.0031
4 0.6755 0.2957 0.0031 0.0026
5 0.6851 0.2957 0.0036 0.0036
0 0.6683 0.2837 0.0286 0.0219
0 0.6394 0.274 0.0161 0.0135
