4 0.125 0.4111 0.0544 0.0316
4 0.1995 0.3582 0.0397 0.0228
4 0.2692 0.6971 0.1603 0.0743
5 0.2788 0.75 0.1897 0.0632
4 0.7764 0.7428 0.1853 0.0772
5 0.6899 0.6899 0.1676 0.1037
4 0.6779 0.6346 0.1353 0.0507
4 0.6418 0.5986 0.1213 0.0515
5 0.6226 0.5577 0.1169 0.0463
4 0.5865 0.5144 0.0934 0.0441
4 0.3438 0.524 0.0993 0.0412
4 0.351 0.4856 0.0919 0.0426
4 0.351 0.4615 0.0809 0.0353
4 0.3582 0.4447 0.0809 0.0301
4 0.5601 0.4856 0.0809 0.0353
4 0.5817 0.4543 0.0706 0.0294
1 0.6538 0.4688 0.0118 0.0324
1 0.6779 0.4639 0.0125 0.0309
1 0.5817 0.4014 0.0088 0.0243
1 0.5601 0.4303 0.0618 0.0279
1 0.5505 0.4183 0.0588 0.0257
1 0.5409 0.4062 0.0588 0.0221
1 0.5337 0.3942 0.061 0.0206
4 0.3918 0.4038 0.0581 0.0257
4 0.3894 0.3918 0.0618 0.0228
4 0.3942 0.3798 0.0632 0.0265
1 0.9327 0.5457 0.0125 0.0382
1 0.9111 0.5505 0.0206 0.0382
2 0.8798 0.5144 0.0176 0.0324
2 0.899 0.512 0.0176 0.0338
4 0.2596 0.3245 0.0287 0.0199
4 0.3053 0.3005 0.0206 0.0125
5 0.3413 0.2788 0.0147 0.0147
4 0.3413 0.2692 0.0125 0.0081
4 0.3582 0.262 0.0103 0.0081
4 0.375 0.2548 0.0096 0.0074
4 0.3918 0.2548 0.0096 0.0074
4 0.387 0.2476 0.0081 0.0059
4 0.3918 0.2452 0.0081 0.0059
6 0.1178 0.2404 0.0162 0.0074
9 0.3053 0.2356 0.0294 0.0118
0 0.3774 0.2356 0.036 0.0096
0 0.4207 0.2404 0.0419 0.0147
4 0.4639 0.2404 0.0147 0.0051
4 0.4856 0.2404 0.0162 0.0059
4 0.6034 0.2404 0.0154 0.0051
4 0.7909 0.2428 0.014 0.0059
4 0.8894 0.2428 0.0147 0.0051
4 0.976 0.2428 0.0132 0.0066
