6 0.6611 0.7524 0.0574 0.0603
4 0.5481 0.6827 0.036 0.0618
4 0.5889 0.6034 0.0294 0.0441
4 0.4327 0.5553 0.0272 0.0412
4 0.5817 0.5168 0.0272 0.0368
4 0.5505 0.5048 0.0243 0.0324
4 0.4375 0.4976 0.0243 0.0324
4 0.5769 0.4567 0.0235 0.0301
4 0.5649 0.4231 0.0213 0.0257
4 0.5337 0.4135 0.0191 0.025
4 0.5385 0.3846 0.0199 0.0213
4 0.5312 0.3582 0.0191 0.0213
4 0.4976 0.3029 0.0162 0.0184
4 0.5048 0.2788 0.014 0.0162
5 0.5361 0.3389 0.0162 0.0221
4 0.5288 0.3245 0.0169 0.0184
4 0.5264 0.3101 0.0147 0.0147
4 0.524 0.2812 0.014 0.014
5 0.5288 0.2933 0.014 0.0206
5 0.5553 0.2885 0.0132 0.0169
4 0.5481 0.2788 0.014 0.014
4 0.5433 0.2692 0.0132 0.014
6 0.5264 0.2692 0.0125 0.0184
5 0.5625 0.3966 0.0184 0.0287
9 0.5649 0.3582 0.0309 0.0574
9 0.5577 0.3173 0.0287 0.0441
4 0.5553 0.2356 0.0279 0.014
5 0.2332 0.7524 0.0941 0.0537
4 0.2524 0.7139 0.0875 0.0368
4 0.2668 0.6803 0.0875 0.0346
4 0.3125 0.5697 0.0757 0.0294
4 0.3173 0.5505 0.0699 0.0272
4 0.3245 0.5337 0.0691 0.0287
4 0.113 0.6106 0.0699 0.0316
4 0.1322 0.5841 0.0662 0.0294
4 0.149 0.5601 0.0676 0.0316
4 0.1659 0.4928 0.039 0.039
4 0.0986 0.4928 0.0353 0.0397
5 0.1298 0.4904 0.039 0.0382
5 0.375 0.3654 0.0456 0.0221
4 0.2812 0.3726 0.0397 0.0184
6 0.2115 0.3678 0.0632 0.0272
4 0.4736 0.226 0.0257 0.0096
4 0.4351 0.2284 0.025 0.0103
4 0.3894 0.2404 0.025 0.0118
4 0.3774 0.2356 0.0235 0.011
6 0.3822 0.2332 0.0287 0.011
4 0.3486 0.2404 0.0272 0.0103
4 0.3438 0.2356 0.0272 0.011
4 0.3101 0.2428 0.0287 0.0103
4 0.3077 0.238 0.0257 0.0118
4 0.2716 0.2428 0.0265 0.0103
4 0.2548 0.2356 0.0257 0.0103
4 0.2308 0.2452 0.0301 0.0118
4 0.1923 0.2356 0.0301 0.011
4 0.1274 0.238 0.0287 0.0103
5 0.4087 0.4495 0.0301 0.0375
1 0.4495 0.4423 0.0081 0.0191
1 0.4207 0.363 0.0059 0.0154
2 0.4135 0.363 0.0059 0.0118
1 0.3173 0.3822 0.0066 0.0125
1 0.2788 0.3846 0.0074 0.0169
1 0.2837 0.375 0.0059 0.0169
1 0.2981 0.375 0.0074 0.0162
4 0.0457 0.2404 0.0316 0.0125
4 0.012 0.2404 0.0206 0.0118
