1 0.5793 0.5288 0.0078 0.024
4 0.5938 0.6442 0.0594 0.0448
4 0.4904 0.5312 0.0375 0.0292
4 0.0962 0.3606 0.0438 0.0141
4 0.2452 0.3534 0.0365 0.012
4 0.3389 0.3534 0.0339 0.0089
4 0.7548 0.3582 0.0339 0.0094
4 0.7933 0.3606 0.0281 0.0089
4 0.9423 0.3702 0.0271 0.0109
6 0.2163 0.4014 0.0224 0.0167
4 0.2356 0.4062 0.013 0.0135
4 0.2644 0.4135 0.0172 0.0172
4 0.3846 0.4111 0.0188 0.0115
4 0.3702 0.4087 0.0188 0.0115
4 0.3558 0.4038 0.0188 0.0109
4 0.2885 0.4087 0.0161 0.0151
0 0.0649 0.3269 0.0995 0.0359
