0 0.5024 0.387 0.1052 0.0875
0 0.4375 0.4231 0.0406 0.0479
0 0.5697 0.5 0.0219 0.0312
1 0.5505 0.4423 0.0031 0.0073
1 0.5529 0.4591 0.0031 0.0073
4 0.4832 0.4351 0.0062 0.0073
5 0.4952 0.4351 0.0052 0.0083
9 0.4351 0.4543 0.0135 0.0146
7 0.5481 0.4832 0.0094 0.0094
4 0.5409 0.5072 0.0229 0.0094
4 0.5409 0.5048 0.025 0.0094
1 0.5577 0.524 0.0042 0.0104
4 0.5481 0.5865 0.0396 0.0167
1 0.5793 0.6875 0.0073 0.0188
1 0.5962 0.6899 0.0094 0.0188
1 0.5889 0.6923 0.0073 0.0135
1 0.5841 0.6971 0.0073 0.0146
4 0.4904 0.601 0.0156 0.0208
4 0.4952 0.6346 0.0146 0.024
1 0.4736 0.6418 0.0073 0.0135
3 0.4808 0.6562 0.0073 0.0146
2 0.4808 0.6538 0.0062 0.0167
4 0.4952 0.6731 0.024 0.0333
6 0.5 0.7212 0.0271 0.0688
4 0.4591 0.7356 0.0292 0.0396
4 0.4615 0.6418 0.0198 0.025
4 0.3918 0.7572 0.0323 0.05
9 0.4375 0.6731 0.0375 0.0667
6 0.4062 0.6538 0.0333 0.0406
1 0.3413 0.6154 0.0052 0.0156
4 0.3413 0.7284 0.0344 0.0458
2 0.2933 0.7716 0.0073 0.0177
7 0.2236 0.7716 0.024 0.0219
2 0.2308 0.7668 0.0094 0.0146
4 0.1202 0.75 0.0719 0.0312
4 0.1346 0.726 0.0646 0.026
4 0.1611 0.7043 0.0677 0.026
4 0.1755 0.6851 0.0552 0.0229
4 0.1971 0.6707 0.0552 0.024
4 0.2043 0.6538 0.05 0.0188
4 0.2188 0.6394 0.05 0.0188
4 0.2356 0.625 0.0448 0.0198
10 0.1995 0.6202 0.0115 0.0146
10 0.2115 0.613 0.0083 0.0156
10 0.2356 0.5986 0.0115 0.0135
4 0.2548 0.6082 0.0427 0.0188
4 0.2668 0.5938 0.0365 0.0198
10 0.2644 0.5721 0.0156 0.0104
1 0.2909 0.5841 0.0062 0.0146
1 0.3029 0.6202 0.0073 0.0146
4 0.2356 0.7284 0.0438 0.0438
4 0.2668 0.6827 0.0385 0.0396
4 0.2981 0.637 0.0323 0.0281
4 0.4423 0.5793 0.0198 0.0188
4 0.3486 0.5745 0.0229 0.024
4 0.3654 0.5553 0.0208 0.0188
5 0.3798 0.5312 0.0208 0.0188
4 0.3918 0.5144 0.0167 0.0135
4 0.4014 0.5 0.0125 0.0125
4 0.4135 0.4928 0.0125 0.0115
1 0.4231 0.5673 0.0042 0.0094
1 0.4255 0.5673 0.0042 0.0115
4 0.4639 0.5024 0.0115 0.0094
4 0.4567 0.5312 0.0125 0.0125
4 0.4736 0.5288 0.0125 0.0135
7 0.488 0.512 0.0073 0.0104
2 0.488 0.5096 0.0052 0.0083
10 0.4904 0.5553 0.0031 0.0104
2 0.4928 0.5529 0.0031 0.0104
0 0.5024 0.4688 0.0104 0.0438
1 0.5481 0.4736 0.0031 0.0073
1 0.5529 0.4736 0.0031 0.0073
1 0.5553 0.4784 0.0031 0.0083
1 0.5577 0.4808 0.0031 0.0083
4 0.5264 0.4639 0.0271 0.0104
4 0.5288 0.4567 0.0281 0.0104
