4 0.2644 0.7644 0.1353 0.0346
4 0.1466 0.7115 0.1294 0.0625
4 0.1707 0.6683 0.1287 0.0596
1 0.3726 0.6106 0.0125 0.0338
5 0.3389 0.5649 0.0654 0.0522
4 0.6707 0.5337 0.0456 0.0478
1 0.6538 0.4976 0.0088 0.0279
4 0.6034 0.5 0.0331 0.0404
4 0.6298 0.4567 0.0331 0.0331
2 0.6755 0.4471 0.011 0.011
3 0.6514 0.4303 0.0169 0.0147
10 0.6538 0.4327 0.0162 0.0154
2 0.6154 0.4231 0.0081 0.0213
2 0.6274 0.4135 0.0081 0.0228
2 0.6562 0.3966 0.011 0.0243
7 0.6202 0.3798 0.0279 0.014
10 0.2909 0.4784 0.0287 0.014
10 0.2933 0.4688 0.0272 0.0132
3 0.2981 0.4639 0.0287 0.0191
6 0.3678 0.4591 0.0676 0.0353
5 0.375 0.4471 0.0588 0.0331
4 0.3894 0.4207 0.0647 0.0257
2 0.4495 0.4471 0.011 0.0162
7 0.4519 0.4519 0.0169 0.0279
2 0.5168 0.4207 0.0088 0.0162
10 0.5168 0.4255 0.0088 0.0191
1 0.5457 0.387 0.0074 0.0213
10 0.6202 0.3413 0.0066 0.014
4 0.5625 0.3678 0.0235 0.025
4 0.5601 0.3486 0.0221 0.0213
4 0.5553 0.3317 0.0235 0.0235
1 0.6154 0.3245 0.0059 0.0154
1 0.5913 0.3245 0.0059 0.0169
2 0.5697 0.3173 0.0059 0.0162
2 0.5769 0.3149 0.0051 0.0096
8 0.5697 0.3173 0.0272 0.0184
4 0.3558 0.375 0.0368 0.039
10 0.3894 0.3702 0.0118 0.0147
4 0.4062 0.3654 0.0507 0.0243
4 0.4111 0.3534 0.0419 0.0199
10 0.4038 0.3438 0.0162 0.0125
4 0.4327 0.3413 0.0382 0.0221
4 0.4159 0.3269 0.0449 0.0176
6 0.399 0.3149 0.0596 0.025
4 0.4279 0.3029 0.036 0.0176
5 0.4279 0.2933 0.0309 0.0199
4 0.4303 0.2837 0.0294 0.014
4 0.5024 0.2812 0.011 0.014
4 0.4351 0.262 0.0199 0.0147
4 0.4447 0.2548 0.0243 0.0132
4 0.4591 0.2476 0.0125 0.0125
4 0.4423 0.2452 0.0125 0.0125
6 0.4375 0.2404 0.0324 0.0125
4 0.4495 0.238 0.0235 0.0118
4 0.4447 0.2308 0.0125 0.011
0 0.4471 0.2212 0.0213 0.0015
4 0.4207 0.2284 0.0279 0.0096
4 0.5481 0.2909 0.0162 0.0154
4 0.5457 0.2788 0.0162 0.0147
4 0.5433 0.2692 0.0147 0.0147
4 0.5337 0.226 0.0265 0.0103
4 0.5337 0.2284 0.0228 0.0125
4 0.5457 0.2356 0.025 0.0132
4 0.5264 0.238 0.0118 0.0118
1 0.512 0.2284 0.0044 0.0096
1 0.5168 0.2284 0.0037 0.0103
4 0.5409 0.2428 0.0125 0.011
4 0.5385 0.2476 0.0132 0.0132
4 0.5385 0.2548 0.0147 0.0132
10 0.5673 0.2812 0.0103 0.0088
10 0.5649 0.2788 0.0118 0.0081
0 0.5697 0.2692 0.0147 0.0074
10 0.5721 0.2644 0.011 0.0074
10 0.5769 0.2548 0.0059 0.0059
0 0.5697 0.2428 0.0154 0.0132
