4 0.6659 0.5337 0.0824 0.0632
4 0.4399 0.4952 0.0787 0.0713
4 0.4856 0.4639 0.0757 0.0618
4 0.4303 0.4159 0.0684 0.0603
4 0.3726 0.3774 0.0581 0.0382
1 0.2668 0.5048 0.0199 0.0426
1 0.1707 0.3966 0.0199 0.0309
2 0.9928 0.488 0.0162 0.0338
4 0.8558 0.4351 0.0956 0.0529
4 0.7668 0.399 0.0787 0.0412
4 0.6082 0.3269 0.0743 0.0353
4 0.6803 0.3606 0.0868 0.0449
4 0.6346 0.4183 0.075 0.0478
4 0.2885 0.3125 0.0441 0.0368
4 0.5048 0.351 0.061 0.0338
4 0.4567 0.3269 0.0493 0.0272
4 0.4038 0.3029 0.0441 0.0235
4 0.375 0.2812 0.039 0.025
4 0.2812 0.2572 0.0331 0.0257
4 0.3486 0.2692 0.0382 0.025
4 0.3245 0.2572 0.0382 0.025
4 0.2548 0.226 0.0206 0.0103
4 0.226 0.226 0.0206 0.0103
2 0.4736 0.5769 0.0191 0.0353
2 0.5361 0.6707 0.0191 0.0449
2 0.524 0.6562 0.0199 0.0353
3 0.4736 0.5938 0.0412 0.0375
10 0.5312 0.6851 0.0456 0.0493
2 0.149 0.3462 0.0213 0.0162
10 0.149 0.3558 0.0221 0.0191
2 0.1322 0.3846 0.0169 0.0132
10 0.1346 0.3966 0.0176 0.0206
1 0.0938 0.2957 0.0199 0.0426
1 0.8918 0.4038 0.0169 0.0404
4 0.7837 0.7476 0.1699 0.0691
0 0.5673 0.2668 0.2699 0.0838
0 0.8317 0.3413 0.15 0.0676
