0 0.4159 0.3173 0.1516 0.0557
0 0.25 0.351 0.099 0.0307
0 0.5264 0.3341 0.0755 0.0427
0 0.5649 0.3582 0.1266 0.0422
0 0.5505 0.3966 0.0391 0.0484
0 0.3197 0.3678 0.0391 0.026
0 0.2524 0.3774 0.0995 0.024
0 0.2716 0.4014 0.0266 0.0193
0 0.226 0.4447 0.0245 0.0208
0 0.1995 0.4663 0.0286 0.0229
0 0.6178 0.399 0.1198 0.0417
0 0.6058 0.4423 0.0474 0.0661
4 0.1635 0.7548 0.0745 0.0557
10 0.0553 0.5553 0.0464 0.0219
3 0.0817 0.5625 0.0286 0.0203
1 0.1106 0.5505 0.0115 0.0292
10 0.1466 0.5697 0.0151 0.0198
2 0.1466 0.5649 0.012 0.0245
4 0.3245 0.4183 0.0203 0.0182
0 0.2548 0.4183 0.0146 0.0094
3 0.137 0.4808 0.0078 0.0151
2 0.137 0.476 0.0073 0.0182
1 0.1851 0.4808 0.0083 0.0193
2 0.1587 0.4519 0.0094 0.0151
1 0.2548 0.4135 0.0047 0.0125
3 0.25 0.4087 0.0057 0.0109
2 0.25 0.4062 0.0052 0.013
3 0.1803 0.4591 0.0099 0.0135
2 0.1779 0.4543 0.0078 0.0156
3 0.1851 0.4471 0.0073 0.0125
2 0.1851 0.4423 0.0062 0.0167
3 0.1971 0.4471 0.0073 0.013
2 0.1971 0.4423 0.0068 0.0151
1 0.1154 0.4014 0.0047 0.0141
5 0.137 0.4519 0.0339 0.0323
5 0.137 0.4423 0.0422 0.0198
4 0.1442 0.4375 0.038 0.0167
4 0.1538 0.4327 0.0448 0.0146
4 0.1562 0.4255 0.0464 0.0151
4 0.1611 0.4231 0.0443 0.0135
1 0.1418 0.4014 0.0047 0.012
1 0.1466 0.4014 0.0047 0.013
1 0.1442 0.4062 0.0052 0.0141
1 0.149 0.4062 0.0062 0.0146
1 0.1923 0.3702 0.0036 0.0094
1 0.1947 0.3678 0.0052 0.0115
1 0.2163 0.4159 0.0047 0.0151
0 0.238 0.4087 0.0078 0.0354
0 0.3341 0.3149 0.0344 0.0193
0 0.3125 0.3365 0.0182 0.0172
4 0.3269 0.3486 0.0182 0.0083
4 0.3606 0.3534 0.0167 0.0083
3 0.2284 0.4135 0.0052 0.0099
2 0.2284 0.4111 0.0052 0.0125
4 0.1827 0.4159 0.0443 0.0146
4 0.1899 0.4111 0.0406 0.0141
4 0.1875 0.4087 0.0391 0.0141
4 0.1923 0.4038 0.0427 0.0115
4 0.1995 0.4014 0.0385 0.012
4 0.2019 0.3942 0.037 0.0099
4 0.375 0.7524 0.0615 0.062
4 0.6106 0.7091 0.0609 0.0682
4 0.5288 0.6635 0.0536 0.0651
4 0.5889 0.6418 0.0672 0.0464
4 0.5962 0.6058 0.0438 0.0401
4 0.4014 0.5673 0.0375 0.0401
4 0.4567 0.6058 0.0375 0.0396
4 0.5817 0.5577 0.0385 0.0333
4 0.5096 0.5793 0.038 0.038
4 0.4543 0.5577 0.0328 0.0318
4 0.4111 0.4808 0.026 0.0234
4 0.5312 0.4976 0.025 0.0234
4 0.4904 0.5337 0.0292 0.0297
4 0.4976 0.5024 0.0302 0.024
4 0.4567 0.5288 0.0286 0.026
4 0.4519 0.5 0.0271 0.024
4 0.4832 0.4808 0.0229 0.0234
4 0.4495 0.4784 0.0234 0.0224
4 0.4495 0.4615 0.0214 0.0188
4 0.4495 0.4471 0.0193 0.0156
4 0.4471 0.4375 0.0182 0.0161
4 0.4183 0.4303 0.0198 0.0161
4 0.4207 0.4014 0.0151 0.013
4 0.4231 0.3822 0.0125 0.0109
1 0.351 0.3702 0.0026 0.0078
1 0.3534 0.3702 0.0036 0.0099
0 0.4447 0.3678 0.0151 0.0141
0 0.4111 0.3702 0.0125 0.013
1 0.887 0.5505 0.013 0.026
1 0.9543 0.6779 0.0193 0.0406
1 0.9399 0.6755 0.0198 0.0406
1 0.9038 0.7524 0.0188 0.0474
1 0.9183 0.7548 0.0161 0.0495
3 0.9543 0.762 0.0271 0.0365
2 0.9567 0.7572 0.0224 0.0333
3 0.8726 0.6995 0.0234 0.037
2 0.875 0.6875 0.0208 0.0375
2 0.9062 0.6298 0.0214 0.025
1 0.8678 0.625 0.0135 0.0339
1 0.7644 0.6538 0.0146 0.0359
1 0.774 0.6514 0.013 0.0359
10 0.8486 0.6298 0.0151 0.0276
2 0.851 0.625 0.0135 0.0271
1 0.7332 0.6058 0.0125 0.0292
4 0.6923 0.613 0.0807 0.0443
1 0.9519 0.625 0.0109 0.038
1 0.9471 0.5938 0.0099 0.0312
1 0.9351 0.5986 0.013 0.0354
1 0.9471 0.6106 0.0125 0.0323
1 0.7861 0.4928 0.0104 0.0224
1 0.75 0.4736 0.012 0.0198
1 0.7404 0.5481 0.0109 0.0266
1 0.7524 0.5481 0.0104 0.0281
1 0.8438 0.5264 0.0115 0.0297
1 0.7885 0.5938 0.013 0.0339
1 0.774 0.5962 0.0151 0.0344
1 0.7596 0.5962 0.0135 0.0297
1 0.7524 0.5769 0.0109 0.0281
1 0.762 0.5793 0.0099 0.0234
1 0.7957 0.5625 0.0078 0.024
1 0.7981 0.5697 0.0104 0.0297
1 0.8221 0.5337 0.0125 0.0234
1 0.8293 0.5312 0.0068 0.0208
1 0.6418 0.4303 0.0052 0.0177
1 0.6587 0.4447 0.0062 0.0177
2 0.6947 0.5337 0.0115 0.0109
2 0.7019 0.5337 0.0146 0.0172
1 0.7188 0.4904 0.0083 0.0208
1 0.7115 0.4976 0.0094 0.0234
1 0.7067 0.5024 0.0078 0.0234
1 0.6995 0.5 0.0083 0.0266
1 0.6827 0.5288 0.012 0.0271
4 0.6538 0.5481 0.075 0.0312
5 0.649 0.5264 0.0849 0.0318
4 0.6298 0.5144 0.0677 0.0276
4 0.625 0.5 0.0594 0.0208
3 0.6899 0.512 0.0125 0.0188
2 0.6899 0.5048 0.0109 0.0208
1 0.6659 0.5024 0.0078 0.0224
1 0.6827 0.488 0.0057 0.0203
1 0.6803 0.4904 0.0073 0.0203
3 0.6731 0.5 0.0099 0.0146
2 0.6731 0.4952 0.0078 0.0188
1 0.637 0.4519 0.0078 0.0172
1 0.6418 0.4495 0.0083 0.0188
1 0.6635 0.4712 0.0073 0.0203
1 0.6538 0.4712 0.0062 0.0188
3 0.6346 0.4736 0.0073 0.0151
2 0.637 0.4688 0.0068 0.0146
10 0.6562 0.4904 0.0089 0.0146
2 0.6562 0.4856 0.0062 0.0161
2 0.6562 0.488 0.0052 0.0135
0 0.3966 0.3486 0.0422 0.0161
4 0.4038 0.3606 0.0172 0.0073
4 0.4255 0.3702 0.0109 0.0094
5 0.4471 0.4231 0.0167 0.0156
4 0.4447 0.4135 0.0167 0.0141
4 0.4471 0.4062 0.0161 0.0135
4 0.4447 0.399 0.0146 0.0135
4 0.4447 0.3918 0.013 0.0104
4 0.4423 0.3798 0.0115 0.0078
4 0.4447 0.3822 0.013 0.0083
4 0.5264 0.4567 0.0198 0.0188
4 0.5216 0.4375 0.0193 0.0167
4 0.5192 0.4207 0.0177 0.0172
4 0.5144 0.4062 0.0161 0.0146
0 0.5288 0.3846 0.0177 0.0141
4 0.4327 0.3462 0.0214 0.0078
4 0.4279 0.351 0.0156 0.0078
4 0.4543 0.3534 0.0219 0.0089
4 0.5072 0.3966 0.0141 0.0115
4 0.5024 0.387 0.0135 0.0104
9 0.4856 0.4447 0.0375 0.051
9 0.4736 0.4111 0.0281 0.0359
4 0.4639 0.387 0.0141 0.0109
4 0.4615 0.3798 0.012 0.0109
4 0.4663 0.3918 0.0141 0.0099
10 0.4688 0.351 0.0068 0.0052
2 0.4688 0.351 0.0042 0.0068
4 0.4856 0.3558 0.0193 0.0089
9 0.4928 0.3678 0.0193 0.0234
4 0.4928 0.4111 0.012 0.0141
4 0.4904 0.4038 0.0141 0.0115
4 0.4856 0.3942 0.013 0.013
5 0.4832 0.3846 0.0151 0.0141
4 0.4808 0.3798 0.012 0.0099
