4 0.0457 0.7115 0.0912 0.0993
4 0.1058 0.6058 0.075 0.0912
5 0.149 0.5 0.0596 0.0794
4 0.1851 0.4447 0.0478 0.0544
4 0.2115 0.387 0.0412 0.0412
4 0.238 0.2284 0.0243 0.0184
4 0.2452 0.2812 0.0279 0.0272
4 0.3173 0.238 0.0206 0.0213
2 0.1851 0.2885 0.011 0.0125
10 0.1827 0.2981 0.0103 0.0169
4 0.4567 0.2404 0.0154 0.014
4 0.4543 0.2548 0.0184 0.0176
5 0.4567 0.2716 0.0441 0.0257
5 0.4904 0.2837 0.0434 0.025
5 0.4808 0.3053 0.0228 0.0309
5 0.4976 0.3486 0.0265 0.0316
6 0.5168 0.25 0.1066 0.0522
1 0.5793 0.2572 0.0096 0.0184
1 0.5913 0.2572 0.0081 0.0184
1 0.6058 0.2404 0.0066 0.0191
1 0.613 0.2404 0.0074 0.0199
1 0.6538 0.238 0.0051 0.0169
4 0.524 0.4038 0.0397 0.039
4 0.5433 0.4663 0.0522 0.0537
4 0.5673 0.5288 0.0566 0.064
4 0.5938 0.5986 0.0654 0.0809
7 0.6394 0.6851 0.0566 0.0669
4 0.6707 0.7596 0.0676 0.0463
11 0.7428 0.7572 0.036 0.0309
4 0.6346 0.4519 0.0794 0.0441
10 0.6514 0.5337 0.0257 0.0331
4 0.6562 0.2548 0.0434 0.0162
6 0.6827 0.262 0.0765 0.039
4 0.6731 0.2909 0.0566 0.0243
4 0.7188 0.3173 0.0721 0.0272
10 0.7692 0.3269 0.0243 0.0176
10 0.7861 0.3438 0.0265 0.0191
10 0.8005 0.3558 0.011 0.0228
1 0.726 0.3774 0.011 0.0265
4 0.7572 0.3702 0.0801 0.0338
10 0.8269 0.3846 0.0287 0.0213
10 0.8678 0.399 0.0382 0.0287
10 0.8846 0.4062 0.0397 0.0213
4 0.7837 0.4375 0.0596 0.0551
4 0.8462 0.4471 0.0728 0.064
3 0.8726 0.4255 0.0301 0.0221
3 0.8438 0.4808 0.0324 0.0272
10 0.8125 0.476 0.0316 0.0257
10 0.7812 0.4639 0.0287 0.0221
10 0.7764 0.4784 0.0331 0.0243
10 0.774 0.5048 0.036 0.0294
10 0.7981 0.5144 0.039 0.0243
10 0.7668 0.5288 0.0382 0.0243
10 0.8245 0.5024 0.0184 0.0272
3 0.8389 0.5024 0.0243 0.0316
3 0.8221 0.5288 0.0375 0.0243
3 0.8245 0.5337 0.0309 0.0221
3 0.8293 0.5385 0.0331 0.0279
7 0.7788 0.5625 0.0625 0.0331
10 0.7957 0.5865 0.0507 0.0287
10 0.851 0.5553 0.0382 0.0272
10 0.8654 0.5745 0.0368 0.0279
10 0.9207 0.5601 0.0324 0.0294
10 0.9087 0.5457 0.036 0.0235
10 0.8966 0.5409 0.0353 0.0279
10 0.875 0.5288 0.0294 0.0257
10 0.8726 0.5216 0.0404 0.014
10 0.8702 0.5168 0.0404 0.0199
10 0.8726 0.5 0.0375 0.0272
10 0.9255 0.4832 0.0346 0.0228
10 0.9447 0.4976 0.0324 0.0191
10 0.9135 0.5024 0.0331 0.0206
10 0.9207 0.512 0.0265 0.0265
10 0.9303 0.5216 0.0265 0.0243
10 0.9471 0.5264 0.0265 0.0228
10 0.9519 0.5361 0.0375 0.0243
10 0.9615 0.5096 0.0184 0.025
10 0.9784 0.5505 0.0294 0.0257
10 0.9856 0.5553 0.0257 0.0294
10 0.9928 0.5649 0.0154 0.025
10 0.9952 0.4952 0.0118 0.0162
3 0.976 0.5192 0.025 0.0228
3 0.9856 0.5288 0.0301 0.0221
1 0.9351 0.5938 0.0154 0.0316
10 0.9423 0.6274 0.0368 0.0309
10 0.9495 0.6346 0.0331 0.0272
10 0.9639 0.6442 0.0375 0.0316
10 0.9784 0.6562 0.0272 0.0346
10 0.9904 0.6659 0.0213 0.0338
3 0.988 0.7212 0.0279 0.0419
2 0.9279 0.7404 0.025 0.0176
