0 0.4447 0.25 0.1208 0.0542
7 0.2885 0.6995 0.0385 0.0552
4 0.3606 0.6683 0.0365 0.0719
4 0.3846 0.5457 0.0312 0.0479
4 0.3534 0.5048 0.0312 0.0479
4 0.4014 0.4279 0.0219 0.0271
4 0.4736 0.4135 0.0219 0.0219
5 0.4087 0.3702 0.0156 0.025
4 0.4688 0.3654 0.0156 0.0177
4 0.4375 0.3245 0.0146 0.0156
4 0.4399 0.2933 0.0115 0.0115
5 0.4808 0.3053 0.0104 0.0135
4 0.3894 0.2837 0.0115 0.0115
4 0.5312 0.2909 0.025 0.0104
4 0.5312 0.2788 0.0104 0.0115
1 0.601 0.3798 0.0052 0.0146
2 0.4183 0.5168 0.0094 0.0188
10 0.4183 0.524 0.0094 0.0198
4 0.512 0.4952 0.0271 0.0333
7 0.5553 0.5144 0.0188 0.0281
2 0.5505 0.5048 0.0083 0.0115
1 0.7788 0.5312 0.0135 0.0219
1 0.9904 0.5553 0.0146 0.0219
4 0.6322 0.7091 0.0521 0.074
4 0.5913 0.5962 0.0417 0.0531
4 0.0625 0.5577 0.0677 0.0354
6 0.1322 0.5625 0.0969 0.0563
2 0.3966 0.3486 0.0052 0.0094
7 0.3966 0.351 0.0083 0.0115
4 0.8365 0.4231 0.049 0.0188
4 0.8918 0.399 0.0417 0.0188
1 0.9712 0.3726 0.0073 0.0156
4 0.9808 0.3822 0.0396 0.0198
0 0.6226 0.3438 0.0073 0.0094
0 0.8293 0.3798 0.0073 0.0094
0 0.5769 0.2981 0.0188 0.0104
