4 0.6683 0.7716 0.0604 0.0224
4 0.7163 0.7572 0.0672 0.0521
4 0.6202 0.7188 0.0547 0.0531
5 0.5865 0.6683 0.0448 0.0464
4 0.5673 0.6322 0.0422 0.0365
4 0.6587 0.6274 0.0484 0.038
4 0.6923 0.5841 0.0286 0.0292
7 0.5433 0.5817 0.0349 0.0219
2 0.5337 0.5769 0.0125 0.0146
4 0.0312 0.5168 0.0505 0.0198
4 0.2043 0.524 0.049 0.0208
4 0.1562 0.4976 0.0479 0.0188
4 0.1034 0.5072 0.0563 0.0203
4 0.0793 0.488 0.0438 0.0161
4 0.024 0.4856 0.0458 0.0182
4 0.1442 0.4591 0.037 0.0141
4 0.137 0.4471 0.0375 0.0135
4 0.1587 0.4279 0.0312 0.013
4 0.2139 0.4471 0.0375 0.0151
4 0.2596 0.4519 0.0323 0.013
4 0.3462 0.5048 0.0406 0.0177
6 0.4038 0.5168 0.075 0.0312
4 0.3269 0.4615 0.038 0.0146
4 0.3293 0.4471 0.0365 0.0135
5 0.3918 0.4447 0.0312 0.0167
4 0.4471 0.5096 0.0448 0.0193
4 0.5481 0.5216 0.051 0.0214
4 0.4399 0.4976 0.0464 0.0172
4 0.4495 0.4615 0.0417 0.0146
4 0.5192 0.4495 0.0349 0.0141
4 0.5553 0.4567 0.0375 0.0141
4 0.6562 0.524 0.0573 0.0208
4 0.6202 0.4615 0.0432 0.0151
4 0.6538 0.4543 0.0391 0.0161
4 0.625 0.4495 0.037 0.0125
4 0.7716 0.5072 0.0505 0.0214
3 0.887 0.5553 0.0224 0.013
2 0.8894 0.5505 0.0115 0.0167
3 0.9231 0.5505 0.0198 0.0141
2 0.9231 0.5457 0.0115 0.0167
4 0.8702 0.5192 0.0568 0.0193
4 0.762 0.4976 0.0495 0.0167
4 0.7837 0.4712 0.038 0.0141
4 0.7548 0.4615 0.0417 0.0146
5 0.7428 0.4543 0.0406 0.0172
4 0.7188 0.4519 0.0417 0.013
4 0.7212 0.4447 0.0406 0.0135
2 0.7139 0.4375 0.0068 0.0089
5 0.8438 0.4591 0.0396 0.0193
4 0.8438 0.4543 0.0417 0.0135
4 0.9062 0.4688 0.0458 0.0172
5 0.9856 0.4688 0.0307 0.0193
4 0.9712 0.4639 0.0359 0.0167
4 0.9495 0.4567 0.0469 0.0151
4 0.9495 0.4495 0.0464 0.0156
4 0.8654 0.4519 0.038 0.013
4 0.5481 0.4255 0.0245 0.012
2 0.2404 0.4279 0.0052 0.0115
2 0.2452 0.4279 0.0047 0.0094
2 0.25 0.4279 0.0052 0.0109
3 0.238 0.4303 0.0062 0.0078
3 0.2452 0.4303 0.0062 0.0068
3 0.25 0.4303 0.0068 0.0094
4 0.25 0.4183 0.0292 0.012
4 0.2139 0.4183 0.0276 0.0109
7 0.2861 0.4183 0.0089 0.0104
2 0.2861 0.4159 0.0047 0.0073
4 0.3245 0.4183 0.0135 0.0115
4 0.3438 0.4159 0.0135 0.013
4 0.363 0.4135 0.013 0.0125
4 0.3822 0.4135 0.0135 0.0125
4 0.3245 0.4111 0.013 0.0094
4 0.3269 0.4062 0.0125 0.0109
4 0.3269 0.399 0.0104 0.0125
4 0.3293 0.3942 0.0094 0.0089
4 0.3317 0.3918 0.0099 0.0099
4 0.3293 0.3846 0.0109 0.0104
4 0.3317 0.3822 0.0094 0.0094
4 0.3317 0.3774 0.0094 0.0062
4 0.3341 0.375 0.0094 0.0083
4 0.3341 0.3702 0.0094 0.0078
4 0.3317 0.3678 0.0099 0.0078
9 0.3341 0.3606 0.0125 0.0161
4 0.3438 0.4111 0.0125 0.0094
4 0.3462 0.4038 0.012 0.0094
4 0.3462 0.399 0.0115 0.0094
4 0.3462 0.3918 0.0109 0.0094
4 0.3462 0.387 0.0099 0.0089
4 0.3462 0.3846 0.0104 0.0073
4 0.3462 0.3798 0.0104 0.0089
4 0.3462 0.375 0.0099 0.0094
4 0.3462 0.3726 0.0099 0.0073
4 0.3462 0.3702 0.0089 0.0078
4 0.3462 0.3654 0.0083 0.0089
4 0.3486 0.363 0.0089 0.0078
4 0.3486 0.3606 0.0089 0.0073
4 0.3486 0.3582 0.0094 0.0057
4 0.3486 0.3534 0.0078 0.0073
4 0.3606 0.4062 0.0125 0.0099
4 0.3606 0.4014 0.0109 0.0109
4 0.3606 0.3966 0.012 0.0099
4 0.3606 0.3918 0.0109 0.0078
4 0.3606 0.387 0.0109 0.0083
4 0.3606 0.3822 0.0104 0.0068
4 0.3606 0.3798 0.0094 0.0083
4 0.3606 0.375 0.0099 0.0078
4 0.3606 0.3678 0.0094 0.0099
4 0.3822 0.4087 0.013 0.012
4 0.3798 0.4014 0.0109 0.0141
9 0.3774 0.3894 0.0151 0.0208
4 0.375 0.3798 0.0099 0.0094
4 0.3726 0.375 0.0073 0.0094
4 0.3726 0.3702 0.0073 0.0083
4 0.3702 0.3654 0.0078 0.0062
4 0.3702 0.363 0.0083 0.0068
4 0.3726 0.3606 0.0078 0.0068
4 0.3582 0.351 0.0062 0.0068
0 0.3606 0.3101 0.0464 0.05
0 0.3678 0.3462 0.0104 0.0208
1 0.3101 0.351 0.0026 0.0068
0 0.4639 0.375 0.013 0.0125
4 0.7019 0.3341 0.0115 0.0057
5 0.7188 0.3341 0.0125 0.0068
4 0.7452 0.3365 0.0135 0.0068
4 0.7668 0.3389 0.0104 0.0057
4 0.7812 0.3389 0.0141 0.0057
4 0.7957 0.3413 0.0146 0.0047
4 0.8125 0.3413 0.0146 0.0062
4 0.8462 0.3438 0.0151 0.0057
4 0.863 0.3438 0.0146 0.0057
4 0.8798 0.3438 0.0167 0.0062
4 0.9014 0.3462 0.0167 0.0068
4 0.9207 0.3462 0.0146 0.0062
4 0.9303 0.3438 0.0135 0.0057
4 0.9399 0.3486 0.0177 0.0062
4 0.9615 0.3486 0.0161 0.0068
4 0.9688 0.3438 0.0141 0.0062
4 0.9856 0.3486 0.0188 0.0068
0 0.9976 0.3486 0.0057 0.0052
