1 0.3942 0.7692 0.0088 0.0228
1 0.4038 0.7692 0.0081 0.0213
1 0.4111 0.7692 0.0088 0.0199
4 0.3798 0.7019 0.0235 0.0301
4 0.3846 0.6851 0.0191 0.0206
4 0.3894 0.6659 0.0169 0.0184
4 0.3918 0.6514 0.0176 0.0176
4 0.399 0.637 0.0162 0.0154
4 0.3966 0.625 0.0162 0.0162
4 0.399 0.6154 0.014 0.0147
4 0.4038 0.601 0.0147 0.0154
4 0.4038 0.5889 0.014 0.0118
4 0.4014 0.5817 0.011 0.0118
4 0.3293 0.601 0.0324 0.0125
5 0.3341 0.5913 0.0272 0.014
9 0.4856 0.6659 0.025 0.039
4 0.512 0.6514 0.0191 0.0235
4 0.613 0.7284 0.0294 0.025
4 0.6827 0.7644 0.0265 0.0309
4 0.7764 0.7524 0.0426 0.0279
4 0.6635 0.7428 0.0316 0.0272
4 0.8077 0.774 0.0471 0.0191
5 0.75 0.7308 0.025 0.0221
4 0.6466 0.7163 0.0324 0.0287
4 0.6274 0.6947 0.025 0.0213
4 0.6154 0.6779 0.025 0.0221
5 0.6058 0.6562 0.025 0.0235
4 0.5913 0.6466 0.0243 0.0169
6 0.7019 0.6827 0.0309 0.0243
4 0.6851 0.6683 0.0272 0.0184
5 0.6683 0.649 0.0191 0.0191
10 0.6755 0.6899 0.0074 0.0132
2 0.6755 0.6875 0.0059 0.0132
4 0.5697 0.625 0.0154 0.0132
4 0.5649 0.6154 0.0176 0.014
5 0.6082 0.601 0.0162 0.0147
4 0.5962 0.5865 0.0154 0.0125
1 0.5938 0.5986 0.0059 0.0118
4 0.5553 0.5962 0.0154 0.0132
4 0.5481 0.5889 0.014 0.0118
4 0.5409 0.5817 0.0132 0.014
4 0.5361 0.5745 0.0132 0.011
4 0.5312 0.5697 0.011 0.0096
4 0.524 0.5625 0.011 0.011
4 0.524 0.5601 0.0096 0.0088
4 0.5192 0.5529 0.0103 0.011
4 0.5841 0.5793 0.0132 0.0096
4 0.5745 0.5697 0.011 0.0088
4 0.5721 0.5649 0.0132 0.011
4 0.5625 0.5577 0.0125 0.0096
4 0.5697 0.5505 0.0162 0.0081
4 0.476 0.5673 0.0118 0.0125
10 0.5096 0.5601 0.0044 0.0066
2 0.5072 0.5577 0.0037 0.0074
1 0.5048 0.5505 0.0037 0.0074
1 0.5096 0.5505 0.0037 0.0074
4 0.0096 0.6226 0.0184 0.014
4 0.0601 0.5986 0.0382 0.0125
4 0.0673 0.5938 0.036 0.011
4 0.0096 0.5913 0.0162 0.0125
4 0.0096 0.5865 0.0184 0.011
4 0.0817 0.5865 0.0309 0.0118
5 0.0697 0.5697 0.0243 0.0132
5 0.0264 0.5697 0.0199 0.0125
11 0.0553 0.5649 0.0346 0.0206
5 0.0841 0.5601 0.0191 0.011
5 0.0865 0.5673 0.0162 0.0125
4 0.4087 0.5505 0.0103 0.0088
4 0.4111 0.5409 0.0088 0.0088
4 0.4111 0.5312 0.0081 0.0088
4 0.4159 0.524 0.0103 0.0074
5 0.4183 0.5168 0.0066 0.0081
4 0.4423 0.524 0.0066 0.0066
4 0.4399 0.5192 0.0059 0.0066
4 0.5096 0.5409 0.0081 0.0059
4 0.5048 0.5337 0.0081 0.0066
5 0.5024 0.5312 0.0081 0.0074
4 0.4976 0.5264 0.0074 0.0051
4 0.4663 0.5048 0.0059 0.0051
4 0.4447 0.5 0.0066 0.0051
4 0.4231 0.5 0.0103 0.0044
5 0.4543 0.5 0.0059 0.0059
4 0.4471 0.4976 0.0059 0.0059
4 0.4423 0.4952 0.0051 0.0044
4 0.4688 0.4928 0.0044 0.0037
4 0.4663 0.4904 0.0051 0.0051
4 0.4543 0.4856 0.0081 0.0044
4 0.4423 0.4832 0.0044 0.0044
4 0.4423 0.4736 0.0037 0.0037
0 0.4808 0.4784 0.0199 0.0228
0 0.4615 0.4663 0.0221 0.0228
0 0.4231 0.4688 0.0154 0.0316
0 0.4375 0.4615 0.0125 0.0096
3 0.4471 0.5312 0.0037 0.0059
4 0.4543 0.5048 0.0059 0.0059
2 0.4471 0.5288 0.0029 0.0059
10 0.4519 0.5168 0.0051 0.0037
2 0.4495 0.5144 0.0029 0.0037
10 0.4447 0.5144 0.0022 0.0044
2 0.4447 0.512 0.0037 0.0051
