1 0.0673 0.7596 0.025 0.0448
5 0.1899 0.7308 0.1182 0.1016
1 0.1466 0.7188 0.0229 0.0526
1 0.2308 0.6514 0.0182 0.037
1 0.2957 0.6875 0.0172 0.0479
1 0.3077 0.6851 0.0125 0.05
1 0.3245 0.6755 0.0188 0.0438
1 0.3293 0.6587 0.0167 0.0401
1 0.3534 0.6611 0.0177 0.0443
1 0.2788 0.6394 0.0135 0.037
4 0.3197 0.6394 0.0578 0.0448
4 0.3822 0.6346 0.0557 0.0448
4 0.363 0.613 0.0516 0.0401
1 0.3822 0.5962 0.012 0.0281
3 0.4231 0.6322 0.013 0.0271
3 0.4519 0.637 0.013 0.0281
2 0.4519 0.6298 0.013 0.0302
2 0.4231 0.625 0.0125 0.0333
1 0.3365 0.5938 0.012 0.0297
3 0.3173 0.5962 0.0224 0.0177
2 0.3173 0.5913 0.0135 0.0271
1 0.4183 0.5817 0.0089 0.026
3 0.4495 0.5986 0.0104 0.024
2 0.4495 0.5889 0.0104 0.0255
4 0.4904 0.6082 0.0427 0.0349
4 0.5457 0.5913 0.0328 0.0333
10 0.4832 0.5625 0.0099 0.0177
2 0.4832 0.5601 0.0078 0.0167
4 0.601 0.6587 0.0604 0.0505
4 0.6202 0.6346 0.0495 0.0391
4 0.649 0.5697 0.0312 0.0266
1 0.5986 0.5505 0.0099 0.0193
10 0.7067 0.5889 0.0234 0.0177
2 0.7067 0.5841 0.0125 0.0193
2 0.7115 0.5865 0.0109 0.0182
10 0.7404 0.5865 0.024 0.0182
2 0.7428 0.5817 0.0151 0.0214
1 0.7572 0.5793 0.0099 0.026
1 0.75 0.5769 0.0099 0.0266
3 0.8822 0.6947 0.0354 0.0307
2 0.8822 0.6851 0.0234 0.0396
1 0.9928 0.7212 0.0182 0.0349
1 0.9904 0.7115 0.0224 0.0458
1 0.976 0.6923 0.0151 0.0438
1 0.9904 0.6899 0.0167 0.0411
3 0.9399 0.6082 0.0328 0.0214
2 0.9423 0.6034 0.0203 0.0297
10 0.8822 0.6034 0.0339 0.0182
2 0.8846 0.5962 0.0198 0.0224
3 0.8005 0.5986 0.0297 0.0219
2 0.8029 0.5962 0.0151 0.0286
1 0.8149 0.5865 0.0089 0.025
1 0.8029 0.5817 0.0109 0.0229
1 0.8173 0.5793 0.0094 0.025
1 0.8005 0.5769 0.0104 0.0271
1 0.7885 0.5793 0.0104 0.0245
1 0.6947 0.5553 0.0073 0.0198
4 0.7067 0.5505 0.0276 0.0219
4 0.6851 0.5385 0.0266 0.0172
1 0.6683 0.5312 0.0068 0.0161
4 0.6466 0.512 0.0182 0.0141
1 0.6755 0.512 0.0052 0.0135
1 0.6635 0.5048 0.0057 0.0115
1 0.6394 0.4952 0.0047 0.0104
1 0.6442 0.4976 0.0047 0.0109
1 0.625 0.4952 0.0052 0.0109
1 0.6274 0.4904 0.0052 0.0115
1 0.6226 0.4904 0.0047 0.0094
10 0.4904 0.5337 0.0156 0.012
2 0.4904 0.5312 0.0073 0.0151
10 0.5168 0.524 0.0062 0.0115
2 0.5168 0.5216 0.0052 0.0115
3 0.512 0.524 0.0062 0.0125
3 0.524 0.5144 0.0062 0.0094
2 0.512 0.5216 0.0052 0.0094
2 0.524 0.512 0.0062 0.0104
1 0.512 0.5144 0.0057 0.0141
8 0.5385 0.5168 0.012 0.0151
4 0.5553 0.5216 0.0172 0.0161
4 0.5625 0.5168 0.0156 0.0146
4 0.5601 0.5048 0.0141 0.012
1 0.3053 0.5745 0.0141 0.0276
10 0.3221 0.5721 0.0245 0.0193
4 0.262 0.5625 0.0516 0.0255
2 0.2812 0.5721 0.013 0.0208
1 0.0553 0.5793 0.0141 0.0255
2 0.0745 0.5625 0.0125 0.0188
2 0.1154 0.5649 0.012 0.0224
2 0.101 0.5457 0.0099 0.0156
2 0.0793 0.5433 0.0089 0.0135
2 0.1755 0.5577 0.0104 0.0141
2 0.1635 0.5529 0.0109 0.0193
2 0.0312 0.5601 0.0104 0.0224
3 0.0288 0.5649 0.0271 0.0161
3 0.0793 0.5529 0.0161 0.0115
3 0.0986 0.5529 0.0135 0.0099
3 0.1154 0.5697 0.0208 0.0161
10 0.1611 0.5577 0.0177 0.0146
10 0.1803 0.5649 0.024 0.0151
4 0.0793 0.5649 0.0573 0.0208
4 0.3389 0.5409 0.0536 0.025
1 0.2644 0.5529 0.0104 0.0188
1 0.226 0.5577 0.0094 0.0193
1 0.2115 0.5553 0.0083 0.0208
3 0.2163 0.5577 0.0068 0.0161
1 0.2163 0.5457 0.0089 0.0198
3 0.1442 0.5337 0.0109 0.0109
3 0.2188 0.5433 0.0177 0.0156
1 0.2043 0.512 0.0057 0.0146
4 0.0673 0.5264 0.0307 0.0167
4 0.0433 0.5216 0.0292 0.0161
0 0.012 0.5529 0.0224 0.0167
3 0.0312 0.5505 0.0188 0.0146
4 0.3606 0.613 0.0516 0.0401
4 0.3654 0.5865 0.038 0.0359
4 0.4255 0.5168 0.0349 0.013
4 0.4279 0.5144 0.0349 0.013
4 0.3798 0.5168 0.037 0.0146
4 0.3462 0.5168 0.0417 0.0141
5 0.3558 0.5144 0.0328 0.0177
4 0.5264 0.5024 0.0286 0.0104
10 0.5481 0.5048 0.0052 0.0089
2 0.5481 0.5024 0.0052 0.0094
4 0.5625 0.4952 0.012 0.0104
0 0.5673 0.4712 0.0625 0.0391
2 0.5409 0.4976 0.0047 0.0089
2 0.5505 0.4976 0.0047 0.0062
10 0.5505 0.5 0.0057 0.0078
10 0.5409 0.5 0.0047 0.0094
0 0.1851 0.5986 0.1479 0.0391
0 0.1731 0.649 0.0953 0.0589
0 0.2548 0.637 0.0297 0.0391
0 0.2837 0.601 0.0422 0.0339
0 0.0889 0.7043 0.0802 0.0609
