4 0.4832 0.2236 0.0081 0.0059
4 0.4712 0.2308 0.0118 0.0081
4 0.4663 0.3029 0.0154 0.0154
4 0.4928 0.2788 0.0132 0.0147
4 0.488 0.2548 0.011 0.0118
6 0.4808 0.2476 0.0096 0.0125
5 0.4952 0.2428 0.0081 0.0118
10 0.4351 0.2524 0.0037 0.0059
2 0.4495 0.262 0.0044 0.0066
10 0.4495 0.2668 0.0037 0.0074
4 0.4375 0.274 0.0147 0.0154
4 0.4303 0.2885 0.0132 0.0125
4 0.4279 0.3077 0.0176 0.0154
4 0.4183 0.3197 0.0169 0.0176
4 0.4303 0.3317 0.0206 0.0191
4 0.5264 0.2428 0.011 0.0088
5 0.524 0.2356 0.0096 0.0118
1 0.5144 0.2404 0.0029 0.0088
1 0.5144 0.2476 0.0022 0.0088
1 0.5096 0.2476 0.0022 0.0088
2 0.5 0.238 0.0022 0.0051
10 0.5024 0.2404 0.0029 0.0059
1 0.512 0.2644 0.0044 0.0096
1 0.5168 0.2668 0.0037 0.011
1 0.5192 0.2644 0.0029 0.0096
2 0.5096 0.3101 0.0044 0.0103
3 0.5072 0.3125 0.0044 0.011
2 0.5144 0.3053 0.0037 0.0118
3 0.5144 0.3077 0.0051 0.0118
4 0.524 0.2716 0.0132 0.014
4 0.5288 0.2885 0.0154 0.0132
4 0.5361 0.2981 0.0176 0.014
4 0.5361 0.3053 0.0279 0.0125
4 0.5409 0.3173 0.0176 0.0162
4 0.5505 0.3365 0.0213 0.0176
4 0.5433 0.3534 0.0184 0.0199
4 0.4014 0.3438 0.0441 0.0154
7 0.3942 0.3558 0.0309 0.0118
4 0.4159 0.3654 0.0213 0.0235
4 0.4111 0.387 0.025 0.0265
4 0.4471 0.387 0.025 0.0257
4 0.3846 0.4135 0.0265 0.0309
4 0.3486 0.4303 0.0676 0.0243
1 0.5553 0.4038 0.0059 0.0199
2 0.5481 0.4231 0.0081 0.0184
3 0.5481 0.4303 0.0066 0.0169
4 0.3678 0.4976 0.039 0.0529
4 0.5553 0.5793 0.0441 0.0529
4 0.4447 0.601 0.0397 0.0596
4 0.4471 0.6851 0.0478 0.0831
1 0.6394 0.637 0.0154 0.0375
2 0.6178 0.6875 0.0169 0.0257
2 0.6202 0.6971 0.0169 0.0243
10 0.6154 0.6971 0.0176 0.0412
