7 0.0986 0.7212 0.025 0.0206
7 0.1755 0.7332 0.0221 0.0228
3 0.1178 0.7091 0.0118 0.0103
3 0.1274 0.7091 0.011 0.0147
3 0.1322 0.7091 0.0088 0.0162
10 0.2163 0.7091 0.0059 0.014
10 0.1971 0.7115 0.0103 0.014
4 0.125 0.7332 0.0324 0.0243
4 0.2139 0.7452 0.0213 0.0243
5 0.3005 0.7764 0.0375 0.011
4 0.3798 0.7043 0.036 0.014
4 0.3846 0.6923 0.0243 0.0147
6 0.3918 0.6779 0.05 0.025
8 0.4327 0.6851 0.0147 0.0199
4 0.4135 0.6707 0.0412 0.0162
4 0.524 0.7067 0.0184 0.0243
4 0.4543 0.649 0.0147 0.0169
4 0.4207 0.649 0.0375 0.014
5 0.7644 0.7716 0.0544 0.0235
1 0.7837 0.7668 0.0081 0.0162
1 0.7837 0.7596 0.0051 0.011
1 0.75 0.75 0.0029 0.014
10 0.7548 0.7476 0.0088 0.011
1 0.6394 0.7236 0.0051 0.0154
1 0.6106 0.7236 0.0051 0.0096
1 0.6683 0.7115 0.0074 0.0169
7 0.6875 0.7163 0.0206 0.0147
5 0.6202 0.7115 0.0375 0.0191
5 0.6154 0.7019 0.0353 0.0169
4 0.613 0.6947 0.0375 0.0162
4 0.601 0.6779 0.0404 0.0162
5 0.5649 0.6442 0.0176 0.0235
1 0.5529 0.6394 0.0051 0.014
4 0.5938 0.6274 0.0309 0.0154
4 0.5337 0.5938 0.0125 0.0125
7 0.5577 0.5649 0.0066 0.0088
4 0.5433 0.5553 0.011 0.0096
4 0.5168 0.5625 0.011 0.0118
4 0.5601 0.5481 0.011 0.0096
4 0.5673 0.5409 0.0096 0.0088
5 0.5601 0.5312 0.0103 0.0103
1 0.5553 0.5409 0.0029 0.0074
1 0.4639 0.613 0.0029 0.0088
1 0.4495 0.6106 0.0044 0.0103
10 0.4712 0.5938 0.0074 0.0066
3 0.4736 0.5913 0.0088 0.0066
8 0.4784 0.5841 0.0088 0.0118
4 0.4928 0.5793 0.0132 0.011
4 0.4736 0.5721 0.0199 0.0118
4 0.4567 0.5865 0.0279 0.0132
0 0.4375 0.5817 0.0132 0.0103
4 0.4784 0.5553 0.0235 0.0081
4 0.4928 0.5457 0.0088 0.011
8 0.4952 0.5409 0.014 0.0088
4 0.4952 0.5361 0.0088 0.0081
1 0.5024 0.5337 0.0037 0.0074
1 0.5072 0.5337 0.0029 0.0074
4 0.524 0.5264 0.0081 0.0088
4 0.5457 0.512 0.0074 0.0081
4 0.4856 0.5288 0.0206 0.0088
4 0.4928 0.5264 0.0191 0.0074
4 0.4904 0.5216 0.0176 0.0051
4 0.4904 0.5192 0.0191 0.0059
4 0.4928 0.5144 0.0176 0.0074
4 0.5 0.5144 0.0132 0.0059
4 0.5048 0.5096 0.0176 0.0074
4 0.5048 0.5072 0.0118 0.0044
4 0.5 0.5024 0.0154 0.0066
4 0.5144 0.4928 0.0074 0.0081
4 0.5361 0.5 0.0066 0.0074
4 0.5337 0.4832 0.0066 0.0066
0 0.5192 0.4567 0.0382 0.0551
0 0.5577 0.4447 0.0287 0.0324
5 0.5697 0.476 0.0051 0.0051
4 0.5577 0.4808 0.0059 0.0066
4 0.5697 0.4832 0.0074 0.0066
5 0.5673 0.4904 0.0059 0.0059
4 0.5673 0.4952 0.0162 0.0074
4 0.5649 0.5 0.0162 0.0066
4 0.5649 0.5048 0.0132 0.0066
4 0.5841 0.4904 0.0147 0.0059
4 0.5865 0.4856 0.0154 0.0051
4 0.5913 0.5601 0.0206 0.0088
4 0.8197 0.5 0.0162 0.0066
0 0.6851 0.4543 0.0375 0.025
