8 0.1154 0.6394 0.1078 0.15
4 0.274 0.7524 0.2406 0.0615
4 0.5841 0.726 0.1969 0.1146
4 0.3582 0.6851 0.1469 0.1297
2 0.7067 0.6659 0.0354 0.0865
3 0.7043 0.6971 0.0484 0.0802
2 0.7692 0.6707 0.0375 0.0938
3 0.7644 0.6995 0.0453 0.0813
2 0.6394 0.613 0.0333 0.0521
10 0.6346 0.6346 0.0318 0.0505
2 0.6466 0.5913 0.0193 0.0438
1 0.2764 0.5986 0.0318 0.0771
3 0.2212 0.5865 0.0286 0.0365
1 0.476 0.6202 0.0339 0.0885
1 0.4832 0.6058 0.0266 0.0807
1 0.4135 0.6106 0.0276 0.0677
2 0.3606 0.5697 0.0193 0.0417
3 0.3606 0.5865 0.0214 0.0375
2 0.5889 0.5577 0.0151 0.0328
3 0.5889 0.5721 0.0083 0.0203
4 0.4279 0.5962 0.0698 0.0615
4 0.4399 0.5649 0.0547 0.037
4 0.5168 0.5673 0.0469 0.0448
4 0.5168 0.5433 0.0323 0.0245
4 0.4519 0.5529 0.0453 0.0354
4 0.4615 0.5361 0.0297 0.0219
4 0.5072 0.5312 0.0266 0.0193
4 0.5048 0.5216 0.0219 0.0135
4 0.4712 0.5288 0.0276 0.0177
5 0.4736 0.5144 0.0214 0.0156
4 0.4976 0.5168 0.0177 0.0125
5 0.4976 0.512 0.0156 0.0151
4 0.4856 0.5024 0.0099 0.0109
2 0.4135 0.5288 0.0089 0.0198
3 0.4135 0.5385 0.0083 0.0161
3 0.3438 0.5409 0.0161 0.0208
10 0.3606 0.5337 0.0177 0.024
2 0.4279 0.5216 0.0068 0.0135
3 0.4279 0.5288 0.0073 0.0146
2 0.4375 0.5144 0.0068 0.0125
3 0.4351 0.5216 0.0047 0.0104
2 0.4111 0.5168 0.0062 0.0115
3 0.4135 0.5216 0.0151 0.0099
2 0.4495 0.512 0.0057 0.0099
3 0.4471 0.5192 0.0062 0.0099
2 0.5529 0.5312 0.0089 0.0141
10 0.5505 0.5409 0.0083 0.0167
2 0.5433 0.5288 0.0073 0.0146
10 0.5433 0.5385 0.0094 0.0125
1 0.5192 0.5144 0.0052 0.0104
3 0.5192 0.5216 0.0052 0.0083
4 0.601 0.5168 0.0328 0.0161
4 0.5841 0.5168 0.025 0.0135
4 0.5745 0.5168 0.0281 0.0125
4 0.5529 0.5096 0.0229 0.0089
4 0.5481 0.5072 0.0229 0.0083
2 0.5577 0.5168 0.0068 0.0099
3 0.5577 0.524 0.0047 0.0104
2 0.5553 0.5216 0.0052 0.0109
2 0.5505 0.5192 0.0057 0.0104
2 0.5385 0.5216 0.0062 0.0109
10 0.5385 0.5312 0.0057 0.0115
2 0.5361 0.5144 0.0062 0.0083
2 0.5433 0.5168 0.0057 0.0089
0 0.9327 0.5553 0.137 0.0646
0 0.8029 0.5457 0.0724 0.0307
0 0.726 0.5312 0.0443 0.0245
