4 0.4976 0.6562 0.0333 0.0448
4 0.5168 0.5793 0.026 0.0292
4 0.5721 0.5793 0.025 0.0271
4 0.6587 0.6587 0.0385 0.0469
4 0.5769 0.5505 0.0531 0.024
4 0.5553 0.524 0.0458 0.0208
4 0.5168 0.4856 0.0198 0.0167
4 0.9062 0.6274 0.0604 0.0458
4 0.9615 0.6346 0.0646 0.05
4 0.8341 0.5 0.049 0.0198
5 0.8101 0.4856 0.05 0.0198
4 0.7019 0.5601 0.0531 0.0219
4 0.7212 0.5529 0.0448 0.0229
4 0.6394 0.5697 0.0458 0.0302
4 0.601 0.5264 0.0177 0.0229
5 0.5962 0.4736 0.0146 0.0167
1 0.5817 0.4736 0.0062 0.0125
4 0.2356 0.7188 0.0625 0.0667
4 0.101 0.75 0.0979 0.0448
4 0.1226 0.6875 0.0875 0.0385
4 0.1923 0.649 0.074 0.0354
4 0.2236 0.6154 0.0677 0.0344
1 0.012 0.7428 0.0177 0.0354
4 0.2716 0.5913 0.0594 0.026
4 0.3365 0.5817 0.0344 0.0396
4 0.3606 0.5529 0.0292 0.0323
4 0.3798 0.5216 0.026 0.0271
4 0.4038 0.4639 0.0271 0.0229
4 0.4567 0.4279 0.0115 0.0125
4 0.4663 0.4135 0.0104 0.0104
4 0.4231 0.4375 0.0115 0.0115
4 0.4038 0.4303 0.0167 0.0115
1 0.387 0.4351 0.0052 0.0125
4 0.4471 0.4062 0.024 0.0094
4 0.524 0.3534 0.0062 0.0042
4 0.6178 0.399 0.0208 0.0073
4 0.6394 0.4038 0.0156 0.0094
4 0.6154 0.3918 0.0219 0.0083
4 0.5841 0.3942 0.0073 0.0083
4 0.5793 0.387 0.0083 0.0073
4 0.5793 0.3822 0.0073 0.0073
4 0.5745 0.3774 0.0073 0.0073
4 0.5697 0.3702 0.0042 0.0052
4 0.5745 0.3678 0.0052 0.0062
4 0.5721 0.363 0.0062 0.0052
4 0.5721 0.3582 0.0052 0.0062
4 0.5721 0.3534 0.0052 0.0052
4 0.5553 0.3534 0.0042 0.0052
4 0.5457 0.3438 0.0042 0.0042
4 0.5312 0.3486 0.0042 0.0052
7 0.5529 0.3798 0.0052 0.0083
5 0.5841 0.4183 0.0052 0.0104
4 0.4928 0.3798 0.0062 0.0073
4 0.4591 0.3966 0.0115 0.0083
4 0.4615 0.3918 0.0156 0.0052
4 0.4615 0.3894 0.0167 0.0062
4 0.4928 0.3726 0.0073 0.0073
4 0.5 0.363 0.0073 0.0042
4 0.5048 0.3582 0.0062 0.0042
4 0.5096 0.3534 0.0062 0.0052
0 0.5168 0.3389 0.0125 0.0115
4 0.512 0.3486 0.0042 0.0042
1 0.3846 0.4567 0.0042 0.0104
10 0.3846 0.4591 0.0042 0.0062
4 0.3534 0.5024 0.0417 0.0167
1 0.3053 0.6755 0.0125 0.0281
1 0.3269 0.5481 0.0094 0.0188
4 0.9904 0.5505 0.0198 0.0229
4 0.9688 0.512 0.0365 0.0208
4 0.9375 0.5024 0.0469 0.0167
4 0.9183 0.4928 0.0302 0.0146
4 0.9111 0.488 0.0385 0.0125
4 0.9014 0.4784 0.0417 0.0146
4 0.8846 0.4712 0.0385 0.0135
4 0.8606 0.4591 0.0375 0.0115
4 0.8486 0.4519 0.0354 0.0125
4 0.8365 0.4447 0.0333 0.0104
4 0.8197 0.4351 0.0323 0.0094
4 0.8558 0.4303 0.0323 0.0104
4 0.774 0.4279 0.0156 0.0115
4 0.7909 0.4255 0.0156 0.0094
4 0.8125 0.4231 0.0177 0.0104
4 0.8293 0.4231 0.0125 0.0083
4 0.7476 0.4351 0.0323 0.0115
4 0.7548 0.4423 0.0344 0.0094
4 0.762 0.4471 0.0354 0.0094
4 0.7692 0.4519 0.0323 0.0104
4 0.774 0.4567 0.0344 0.0083
4 0.7812 0.4639 0.0375 0.0115
4 0.7885 0.4688 0.0396 0.0115
4 0.8005 0.4808 0.0479 0.0115
4 0.7212 0.4399 0.0135 0.0135
4 0.7115 0.476 0.0406 0.0135
4 0.6971 0.4688 0.0344 0.0135
4 0.6923 0.4615 0.0333 0.0115
4 0.6899 0.4543 0.0312 0.0094
4 0.6899 0.4519 0.0365 0.0083
4 0.6923 0.4447 0.0312 0.0094
1 0.6538 0.5048 0.0052 0.0167
7 0.6731 0.5096 0.0292 0.0156
1 0.6683 0.5096 0.0062 0.0125
1 0.6226 0.5048 0.0073 0.0135
10 0.6226 0.5072 0.0115 0.0135
0 0.7019 0.5096 0.0229 0.0104
0 0.6683 0.5312 0.0188 0.024
