0 0.3774 0.4183 0.0312 0.0224
0 0.4038 0.4543 0.0833 0.062
0 0.3365 0.476 0.0469 0.0552
0 0.2909 0.488 0.0385 0.0292
0 0.3966 0.5 0.0703 0.0281
0 0.4688 0.4615 0.0375 0.0375
3 0.3486 0.4183 0.013 0.0182
3 0.3389 0.4159 0.0151 0.0182
3 0.4038 0.4159 0.0156 0.0146
3 0.2308 0.5216 0.0172 0.0339
3 0.2091 0.524 0.0224 0.0328
3 0.1923 0.5288 0.0219 0.0307
3 0.2043 0.5048 0.0172 0.0307
3 0.1731 0.5168 0.0167 0.025
3 0.1899 0.5096 0.013 0.0266
1 0.1827 0.5048 0.0094 0.0339
1 0.1611 0.5144 0.0135 0.0344
3 0.137 0.5168 0.0312 0.0292
3 0.125 0.5264 0.0219 0.0312
2 0.1034 0.5481 0.0219 0.0396
3 0.101 0.5577 0.0443 0.0286
0 0.0457 0.5264 0.0906 0.0349
2 0.0457 0.5913 0.0359 0.0427
3 0.0433 0.6058 0.0411 0.0339
1 0.0697 0.6154 0.0229 0.0542
1 0.0817 0.6058 0.0229 0.0479
1 0.0337 0.6731 0.025 0.0531
5 0.1707 0.6466 0.1406 0.0891
4 0.1755 0.5889 0.1401 0.063
3 0.2909 0.7163 0.0594 0.0391
2 0.2933 0.7067 0.0276 0.0458
4 0.3462 0.6274 0.1495 0.0682
1 0.7236 0.6274 0.0328 0.05
2 0.6226 0.5841 0.0224 0.0328
3 0.6226 0.5938 0.0464 0.0297
1 0.3918 0.5457 0.0182 0.0396
1 0.4135 0.5385 0.0146 0.0391
1 0.4183 0.5337 0.0099 0.0354
4 0.5409 0.5649 0.1062 0.0594
4 0.5312 0.5048 0.063 0.0563
4 0.7067 0.5385 0.1115 0.0536
4 0.6538 0.488 0.0708 0.0521
4 0.637 0.4423 0.0552 0.0396
4 0.5577 0.4014 0.0474 0.0333
4 0.5096 0.375 0.0495 0.0245
4 0.4543 0.3606 0.0604 0.024
4 0.625 0.3534 0.026 0.0224
4 0.6394 0.3774 0.0349 0.0292
4 0.3486 0.3726 0.0609 0.0229
5 0.1683 0.3269 0.0573 0.0245
4 0.1755 0.3221 0.0469 0.0234
4 0.1058 0.3245 0.0339 0.0203
4 0.0673 0.3341 0.0385 0.0219
4 0.0697 0.3125 0.0438 0.0188
4 0.0288 0.3053 0.0375 0.0161
4 0.262 0.3413 0.051 0.0208
4 0.3582 0.3534 0.0568 0.0219
4 0.5721 0.3077 0.0193 0.0193
5 0.9375 0.3798 0.0552 0.0354
5 0.9375 0.3582 0.0448 0.0286
0 0.25 0.3558 0.087 0.0214
3 0.3029 0.363 0.0203 0.0156
3 0.4111 0.3486 0.0125 0.0115
3 0.5024 0.3438 0.0104 0.013
0 0.4351 0.3438 0.0339 0.0099
0 0.4784 0.3438 0.0396 0.0146
1 0.4543 0.3413 0.0052 0.0156
0 0.3918 0.3438 0.026 0.0135
3 0.2139 0.3221 0.0208 0.0135
3 0.2284 0.3269 0.0125 0.0125
1 0.1394 0.3438 0.0094 0.0219
1 0.1659 0.3438 0.0094 0.0193
1 0.1995 0.3413 0.0078 0.0151
1 0.1659 0.4135 0.0135 0.0286
1 0.1731 0.4159 0.0135 0.025
1 0.2115 0.4087 0.012 0.026
1 0.2236 0.4087 0.0083 0.0245
10 0.2764 0.3894 0.0224 0.0161
1 0.4014 0.4038 0.0115 0.0271
1 0.4808 0.4928 0.0109 0.0333
2 0.4928 0.4976 0.0151 0.0292
10 0.4928 0.5072 0.0219 0.0255
10 0.5168 0.4832 0.0172 0.0229
2 0.5168 0.4736 0.0135 0.0292
2 0.5096 0.4567 0.0141 0.0255
3 0.5096 0.4615 0.0135 0.0234
1 0.4639 0.4375 0.0104 0.0271
1 0.4567 0.4135 0.0109 0.0286
2 0.4736 0.3726 0.0094 0.0219
2 0.4856 0.3798 0.0109 0.0219
2 0.512 0.3966 0.0109 0.0214
2 0.5216 0.3918 0.0094 0.0188
2 0.5769 0.4351 0.013 0.0281
2 0.5889 0.4159 0.0094 0.0229
2 0.6058 0.4135 0.012 0.0208
2 0.5938 0.4663 0.012 0.0281
2 0.5889 0.4639 0.0125 0.0224
2 0.6562 0.4111 0.013 0.0219
2 0.6947 0.4135 0.0125 0.0229
2 0.7356 0.4207 0.0125 0.0234
2 0.75 0.4495 0.0141 0.024
2 0.7933 0.4567 0.0161 0.0245
2 0.8125 0.4591 0.0125 0.0245
1 0.6803 0.3197 0.0068 0.0167
1 0.6442 0.3317 0.0052 0.0172
1 0.5841 0.3101 0.0052 0.0167
2 0.5889 0.3101 0.0052 0.0161
2 0.5962 0.3029 0.0057 0.013
2 0.601 0.2981 0.0057 0.0135
2 0.6202 0.3798 0.0109 0.0188
3 0.4736 0.3774 0.0104 0.0141
3 0.512 0.4014 0.0125 0.0193
3 0.5216 0.3966 0.0094 0.0182
3 0.5913 0.4736 0.013 0.0214
10 0.5769 0.4423 0.0193 0.0203
10 0.5889 0.4231 0.0146 0.0214
10 0.6058 0.4207 0.0125 0.0214
10 0.6562 0.4159 0.0214 0.0208
10 0.488 0.3822 0.0193 0.0182
3 0.6202 0.387 0.0214 0.0161
3 0.6947 0.4183 0.0182 0.0208
3 0.7356 0.4255 0.0188 0.0208
3 0.7909 0.4639 0.0224 0.0245
3 0.8125 0.4639 0.0214 0.0245
10 0.7476 0.4543 0.0208 0.0224
3 0.5889 0.3149 0.0042 0.0104
10 0.5962 0.3053 0.0073 0.0115
10 0.601 0.3029 0.0057 0.0109
1 0.2981 0.351 0.0083 0.0177
2 0.3245 0.351 0.0109 0.0167
3 0.8846 0.4736 0.0281 0.0198
3 0.9111 0.5529 0.0245 0.0349
3 0.9135 0.4255 0.0286 0.0193
2 0.9183 0.4183 0.013 0.0234
2 0.8918 0.4688 0.0161 0.0297
2 0.9135 0.5457 0.0182 0.0323
3 0.2548 0.4952 0.0281 0.0229
3 0.262 0.512 0.0198 0.0286
3 0.2837 0.5096 0.025 0.0234
3 0.3125 0.5072 0.0266 0.0234
3 0.3365 0.5168 0.0208 0.0323
3 0.3125 0.5192 0.0328 0.026
3 0.3125 0.5144 0.0266 0.0224
3 0.0577 0.5505 0.0292 0.0328
3 0.0385 0.5529 0.0193 0.0297
3 0.0144 0.5625 0.0229 0.0318
3 0.1058 0.5216 0.0208 0.0271
3 0.1178 0.5337 0.0302 0.0276
