4 0.5721 0.75 0.0618 0.0662
4 0.4856 0.7452 0.061 0.0728
6 0.5817 0.6587 0.05 0.0846
4 0.4808 0.6178 0.0478 0.0706
4 0.4111 0.649 0.0456 0.0699
4 0.5841 0.5817 0.0441 0.0596
4 0.5577 0.524 0.036 0.05
4 0.4808 0.5264 0.0397 0.05
4 0.4087 0.5288 0.0456 0.0522
4 0.3582 0.4688 0.0368 0.039
4 0.5745 0.4447 0.0287 0.0294
5 0.5361 0.4663 0.0346 0.0485
4 0.4904 0.4688 0.0375 0.0434
4 0.5481 0.4111 0.0257 0.0301
4 0.4976 0.4255 0.0309 0.0338
9 0.4303 0.4567 0.0603 0.0919
1 0.4688 0.4423 0.0074 0.025
9 0.4159 0.3918 0.05 0.064
4 0.5433 0.3774 0.025 0.0257
4 0.5048 0.3798 0.0221 0.0257
4 0.4736 0.3798 0.0272 0.0257
4 0.5457 0.351 0.0235 0.0228
5 0.5096 0.3486 0.025 0.0309
4 0.4808 0.3606 0.0191 0.0221
4 0.5433 0.3317 0.0199 0.0199
4 0.5168 0.3221 0.0184 0.0169
5 0.4952 0.3197 0.014 0.0162
4 0.4856 0.3413 0.0169 0.0191
4 0.4159 0.3077 0.0213 0.0191
4 0.4087 0.2716 0.0147 0.0125
4 0.3486 0.2764 0.0176 0.0162
4 0.1971 0.3462 0.0294 0.0228
4 0.1058 0.3942 0.039 0.0301
5 0.0264 0.7043 0.0515 0.1162
6 0.3125 0.2332 0.0206 0.0272
9 0.476 0.3077 0.0449 0.0426
4 0.5481 0.3173 0.0176 0.0184
4 0.512 0.3101 0.0147 0.014
6 0.5529 0.2933 0.0235 0.0301
4 0.5361 0.2909 0.0132 0.0147
4 0.512 0.2957 0.0132 0.0132
4 0.5168 0.2861 0.011 0.0154
4 0.5 0.2788 0.0132 0.011
4 0.524 0.2764 0.0118 0.0125
4 0.5505 0.274 0.0118 0.0118
4 0.5288 0.2716 0.0103 0.0118
4 0.5024 0.2668 0.0125 0.0118
4 0.5 0.2596 0.0125 0.011
4 0.5409 0.262 0.0118 0.011
4 0.5192 0.2596 0.0118 0.0118
9 0.5144 0.2476 0.0235 0.0287
6 0.5361 0.2404 0.0228 0.0294
4 0.5385 0.2548 0.011 0.0118
4 0.8101 0.226 0.025 0.011
4 0.7812 0.2332 0.0257 0.011
4 0.7188 0.2332 0.0265 0.0125
4 0.7596 0.2236 0.0272 0.0066
4 0.7692 0.2308 0.0228 0.0074
4 0.762 0.2284 0.0206 0.0066
4 0.7043 0.226 0.0265 0.0103
4 0.8774 0.2236 0.025 0.0074
