4 0.3606 0.5986 0.15 0.136
4 0.4255 0.5264 0.1279 0.1235
4 0.1442 0.3582 0.0926 0.0963
4 0.2428 0.3341 0.0985 0.089
4 0.0577 0.25 0.0699 0.0581
4 0.3269 0.2837 0.086 0.0699
4 0.7548 0.3173 0.1066 0.0831
4 0.9663 0.3822 0.0699 0.0831
4 0.9495 0.7212 0.1037 0.1213
10 0.2356 0.4375 0.0397 0.061
2 0.238 0.4327 0.0294 0.0471
10 0.4784 0.4062 0.0375 0.0397
2 0.4784 0.399 0.0235 0.036
10 0.5361 0.3029 0.0353 0.0346
1 0.6466 0.3822 0.0228 0.0404
1 0.75 0.274 0.0199 0.039
1 0.8029 0.4495 0.0316 0.0441
2 0.9087 0.3726 0.0287 0.0419
10 0.9014 0.375 0.0419 0.0441
2 0.9567 0.4615 0.0324 0.0471
10 0.9495 0.4615 0.0647 0.0412
1 0.8942 0.4111 0.0257 0.0441
1 0.8678 0.4183 0.0331 0.0397
1 0.8726 0.4255 0.0272 0.0434
2 0.7188 0.5385 0.0279 0.0331
2 0.726 0.5481 0.0279 0.0309
3 0.7115 0.5433 0.0471 0.0456
1 0.8654 0.2308 0.0221 0.0228
1 0.6683 0.2404 0.0206 0.039
1 0.6466 0.2308 0.0162 0.0199
1 0.6659 0.2356 0.0199 0.0316
