4 0.5096 0.6442 0.0443 0.0422
6 0.4423 0.6394 0.0333 0.0427
4 0.4495 0.5841 0.0208 0.0193
4 0.3269 0.637 0.0401 0.038
4 0.2981 0.6058 0.0365 0.0219
4 0.512 0.5938 0.0318 0.0182
4 0.601 0.6106 0.0385 0.0245
4 0.7788 0.7356 0.112 0.074
4 0.7091 0.6851 0.063 0.0453
8 0.2284 0.7115 0.0458 0.0703
5 0.0337 0.637 0.0667 0.0396
4 0.1154 0.6178 0.0823 0.025
4 0.2356 0.613 0.0432 0.0255
4 0.226 0.5817 0.0229 0.0182
10 0.1202 0.7596 0.0286 0.0448
4 0.0337 0.7115 0.0656 0.0578
2 0.1202 0.7428 0.0307 0.049
3 0.2284 0.6514 0.0135 0.0219
2 0.2284 0.6418 0.012 0.0281
1 0.375 0.5721 0.0047 0.0099
10 0.375 0.5745 0.0042 0.0089
0 0.1899 0.6034 0.0203 0.025
1 0.2091 0.625 0.0125 0.0245
4 0.1466 0.613 0.0573 0.0234
4 0.2572 0.5721 0.0328 0.013
1 0.2668 0.5745 0.0047 0.012
4 0.2837 0.5697 0.025 0.013
5 0.3702 0.5649 0.0172 0.0125
2 0.3245 0.5913 0.0052 0.0151
3 0.3245 0.5962 0.0062 0.0141
7 0.3582 0.5986 0.0151 0.0167
0 0.3389 0.5601 0.0297 0.0146
0 0.4375 0.5312 0.0182 0.0141
0 0.4712 0.5361 0.0161 0.0135
4 0.4519 0.5601 0.0135 0.012
4 0.488 0.5529 0.0109 0.0078
4 0.4736 0.5673 0.0146 0.0115
4 0.5216 0.5817 0.0208 0.0151
4 0.512 0.5769 0.0167 0.013
4 0.5 0.5625 0.0125 0.0094
5 0.5072 0.5697 0.0151 0.0146
10 0.4832 0.5841 0.0068 0.0109
4 0.4567 0.5433 0.0073 0.0083
4 0.5793 0.601 0.0281 0.0188
4 0.5385 0.5721 0.0141 0.0109
4 0.9567 0.7091 0.0891 0.0464
4 0.9207 0.6923 0.1365 0.0417
4 0.8654 0.6659 0.1104 0.0547
4 0.7812 0.6322 0.0911 0.0307
4 0.601 0.5793 0.0339 0.0141
4 0.5913 0.5697 0.0339 0.0141
1 0.6538 0.613 0.0073 0.0245
1 0.6466 0.613 0.0073 0.0245
2 0.6971 0.649 0.0104 0.0229
10 0.6995 0.6611 0.0172 0.0214
2 0.6683 0.7115 0.0203 0.0365
10 0.6683 0.726 0.026 0.0391
2 0.6971 0.7716 0.0318 0.0229
4 0.5529 0.5577 0.0339 0.0141
4 0.5385 0.5529 0.0339 0.0141
10 0.4976 0.6034 0.0073 0.0141
10 0.4928 0.5793 0.0062 0.0099
10 0.4255 0.5577 0.0089 0.0052
10 0.387 0.5721 0.0036 0.0073
10 0.3918 0.5721 0.0031 0.0068
10 0.3894 0.5577 0.0031 0.0068
10 0.4159 0.5529 0.0031 0.0062
10 0.4111 0.5481 0.0026 0.0062
10 0.4231 0.5457 0.0026 0.0042
4 0.4183 0.5481 0.0073 0.0078
2 0.4976 0.5962 0.0073 0.0141
2 0.4928 0.5745 0.0068 0.0089
2 0.4832 0.5793 0.0083 0.0109
2 0.3918 0.5697 0.0047 0.0083
2 0.387 0.5673 0.0052 0.0083
2 0.375 0.5697 0.0052 0.0083
2 0.4231 0.5553 0.0031 0.0062
1 0.4375 0.5529 0.0031 0.0078
2 0.476 0.5625 0.0042 0.0083
10 0.4471 0.5481 0.0026 0.0057
10 0.4399 0.5457 0.0026 0.0042
10 0.4663 0.5481 0.0031 0.0042
2 0.4399 0.5433 0.0016 0.0042
2 0.4471 0.5457 0.0021 0.0042
2 0.4663 0.5457 0.0021 0.0047
8 0.387 0.5505 0.0099 0.0141
0 0.399 0.5481 0.0161 0.012
8 0.4904 0.5505 0.0078 0.0094
0 0.5048 0.5505 0.0078 0.0109
0 0.3726 0.5505 0.0161 0.012
10 0.3894 0.5865 0.0068 0.012
2 0.3894 0.5817 0.0062 0.012
