10 0.1418 0.637 0.0676 0.0397
4 0.8942 0.7236 0.1765 0.1169
4 0.8029 0.6154 0.0912 0.0721
10 0.8942 0.5457 0.0279 0.0316
4 0.7692 0.4736 0.0493 0.0441
4 0.7812 0.387 0.061 0.0265
3 0.7019 0.3846 0.0221 0.0154
10 0.6899 0.3726 0.0147 0.0169
5 0.6082 0.3269 0.0507 0.0213
4 0.6178 0.375 0.0301 0.0279
4 0.649 0.3462 0.0235 0.0235
1 0.6875 0.351 0.0088 0.0184
4 0.3173 0.6562 0.1154 0.0941
4 0.3438 0.5865 0.1015 0.0721
4 0.4207 0.363 0.0279 0.0265
4 0.375 0.5409 0.0978 0.0588
4 0.3606 0.4808 0.0456 0.0493
4 0.3798 0.4447 0.039 0.0412
4 0.274 0.4255 0.0831 0.0324
4 0.3341 0.3678 0.0272 0.0279
4 0.3726 0.3678 0.0324 0.0272
4 0.3678 0.3341 0.0566 0.0184
4 0.4207 0.3365 0.0294 0.0199
4 0.4928 0.3101 0.0184 0.0154
4 0.4375 0.3197 0.0471 0.0191
4 0.4183 0.3149 0.0382 0.0176
5 0.4423 0.3101 0.0324 0.0184
4 0.4423 0.3005 0.0368 0.0162
5 0.4615 0.2957 0.0154 0.0176
5 0.4447 0.2885 0.0287 0.0169
1 0.5601 0.2764 0.0029 0.0096
9 0.4471 0.2812 0.0478 0.0265
4 0.4663 0.2668 0.0118 0.0096
4 0.4495 0.2692 0.0147 0.0088
4 0.4567 0.2644 0.0162 0.0103
4 0.4471 0.2668 0.0103 0.0096
4 0.5312 0.262 0.0118 0.0088
4 0.5312 0.2596 0.0096 0.0081
0 0.4591 0.2404 0.0375 0.0324
4 0.4808 0.238 0.0059 0.0059
0 0.5024 0.2284 0.0478 0.0132
0 0.5481 0.2572 0.0191 0.014
0 0.5409 0.2476 0.0103 0.0096
0 0.5192 0.238 0.0324 0.0044
4 0.4904 0.2428 0.0066 0.0066
5 0.5 0.2404 0.0074 0.0081
10 0.5096 0.262 0.0059 0.0074
2 0.5096 0.2596 0.0037 0.0074
4 0.5144 0.2428 0.0125 0.0066
4 0.5264 0.2476 0.0162 0.0066
4 0.5144 0.2476 0.014 0.0059
4 0.5192 0.25 0.0154 0.0074
4 0.5264 0.2548 0.0088 0.0081
4 0.524 0.2524 0.0096 0.0088
4 0.5457 0.2788 0.014 0.011
3 0.5553 0.2981 0.0037 0.011
2 0.5553 0.2957 0.0044 0.0125
