0 0.6875 0.4784 0.0294 0.0309
0 0.601 0.3942 0.0287 0.0353
2 0.7981 0.7139 0.0162 0.0169
5 0.6971 0.7452 0.0316 0.061
4 0.6611 0.6106 0.0331 0.0471
4 0.5024 0.613 0.0287 0.0426
4 0.4832 0.7139 0.0287 0.061
10 0.6899 0.5553 0.0169 0.0081
4 0.6442 0.5505 0.0309 0.0449
4 0.6322 0.4736 0.0463 0.0235
4 0.625 0.5 0.0235 0.0301
1 0.7356 0.512 0.0081 0.0191
1 0.6562 0.3918 0.0051 0.0154
4 0.6346 0.4014 0.0375 0.0184
10 0.5745 0.4567 0.0074 0.014
2 0.5745 0.4519 0.0066 0.0118
1 0.5962 0.4231 0.0066 0.0162
1 0.6034 0.4255 0.0044 0.0103
9 0.4976 0.4688 0.0309 0.0713
8 0.4952 0.3438 0.0169 0.0176
0 0.637 0.3269 0.0272 0.0338
4 0.5096 0.2909 0.0294 0.0228
5 0.5529 0.3077 0.0154 0.0199
4 0.5721 0.3173 0.0191 0.0294
4 0.5817 0.3005 0.0279 0.0206
3 0.5721 0.274 0.0051 0.014
4 0.5601 0.274 0.0162 0.0154
4 0.5385 0.262 0.0162 0.0206
1 0.5385 0.2356 0.0044 0.0118
4 0.5529 0.2548 0.0125 0.0154
4 0.5505 0.2356 0.0147 0.0154
4 0.5457 0.2236 0.014 0.0096
4 0.5024 0.2404 0.0132 0.0162
10 0.4832 0.238 0.0051 0.0081
2 0.4832 0.2356 0.0044 0.0074
7 0.4832 0.2668 0.0066 0.014
2 0.4832 0.2644 0.0059 0.0096
4 0.8894 0.3005 0.0397 0.0154
4 0.9303 0.3005 0.0331 0.0147
4 0.9688 0.3197 0.0346 0.0162
4 0.9159 0.3197 0.0404 0.0176
4 0.8846 0.3317 0.0265 0.0213
4 0.9038 0.3341 0.0294 0.0221
4 0.9375 0.3365 0.0279 0.0235
1 0.137 0.774 0.0103 0.0147
1 0.1466 0.7644 0.0132 0.0206
4 0.1995 0.7332 0.0441 0.0684
1 0.2524 0.6538 0.011 0.0206
1 0.2764 0.6274 0.011 0.0184
1 0.2644 0.6298 0.0103 0.0191
1 0.262 0.6178 0.0103 0.0213
4 0.2236 0.6659 0.0397 0.0596
4 0.2764 0.4928 0.0228 0.0353
5 0.2404 0.5962 0.0346 0.0537
4 0.2356 0.5433 0.0596 0.0324
4 0.2764 0.4375 0.0301 0.0213
4 0.2957 0.4159 0.0221 0.0294
8 0.1611 0.4447 0.0243 0.0338
4 0.4303 0.3101 0.0169 0.0221
4 0.351 0.2356 0.014 0.0154
4 0.3462 0.2476 0.014 0.0169
4 0.3438 0.2644 0.0169 0.0162
10 0.3293 0.2885 0.0066 0.0096
7 0.3894 0.3077 0.0096 0.0125
2 0.3462 0.3462 0.0066 0.0103
3 0.3462 0.351 0.0044 0.011
4 0.2909 0.3942 0.0353 0.0221
1 0.3053 0.3534 0.0051 0.0154
4 0.3101 0.3726 0.0235 0.0265
10 0.3197 0.4038 0.0059 0.0162
2 0.3197 0.4014 0.0059 0.014
4 0.2837 0.3558 0.0353 0.0235
4 0.3149 0.3077 0.0346 0.0191
1 0.2885 0.2909 0.0044 0.0132
0 0.2788 0.274 0.0184 0.0191
1 0.274 0.2957 0.0051 0.0118
1 0.2692 0.2933 0.0044 0.0132
1 0.2692 0.2885 0.0044 0.014
1 0.2572 0.3438 0.0051 0.0147
1 0.2524 0.3462 0.0044 0.0103
1 0.1346 0.512 0.0103 0.0176
1 0.149 0.524 0.0096 0.0191
1 0.1202 0.5361 0.011 0.0169
3 0.1346 0.5481 0.0191 0.0147
1 0.1298 0.5457 0.0103 0.0176
10 0.0409 0.5505 0.0184 0.0154
1 0.0481 0.5529 0.0081 0.0118
1 0.0457 0.5457 0.011 0.0176
3 0.0312 0.5817 0.0096 0.0199
1 0.0361 0.5769 0.0103 0.0132
1 0.0505 0.5986 0.0125 0.0199
10 0.0264 0.6082 0.0213 0.0132
1 0.0144 0.6226 0.014 0.0206
7 0.0361 0.6394 0.0382 0.0412
10 0.0649 0.6418 0.011 0.0213
10 0.0962 0.6659 0.0132 0.025
2 0.0938 0.6611 0.0103 0.0169
1 0.0577 0.6899 0.0147 0.0162
1 0.0601 0.6947 0.0096 0.0088
1 0.0288 0.6827 0.0169 0.0176
1 0.0072 0.6707 0.0132 0.0199
7 0.0192 0.6851 0.0382 0.0522
4 0.3654 0.6442 0.0294 0.0522
6 0.363 0.5625 0.0301 0.0537
