4 0.8942 0.3486 0.0531 0.0208
4 0.8822 0.3582 0.0521 0.0208
4 0.7837 0.3534 0.05 0.0219
1 0.738 0.3486 0.0083 0.0156
1 0.7043 0.3462 0.0073 0.0167
4 0.6971 0.2284 0.0146 0.0135
1 0.6442 0.2524 0.0042 0.0125
1 0.7163 0.2957 0.0083 0.0156
1 0.7091 0.2933 0.0062 0.0115
1 0.6995 0.2933 0.0073 0.0146
4 0.6202 0.2356 0.0156 0.0125
4 0.5505 0.2236 0.0125 0.0094
10 0.5072 0.2284 0.0042 0.0104
2 0.5072 0.2284 0.0031 0.0083
4 0.5841 0.2596 0.0146 0.0156
4 0.5529 0.2788 0.0156 0.0167
4 0.6082 0.2861 0.0135 0.0167
1 0.4591 0.2356 0.0052 0.0156
4 0.1635 0.3558 0.024 0.0344
6 0.2091 0.4038 0.0708 0.0323
4 0.6082 0.4567 0.0354 0.0333
4 0.5577 0.4736 0.0271 0.0385
4 0.5048 0.4928 0.0323 0.0469
4 0.4231 0.363 0.0271 0.0271
4 0.3846 0.4591 0.0354 0.0385
4 0.4591 0.6514 0.05 0.0781
5 0.4375 0.524 0.0552 0.0427
1 0.4183 0.5577 0.0073 0.0219
4 0.149 0.399 0.0542 0.0292
7 0.0529 0.6418 0.0927 0.0865
4 0.2428 0.5865 0.0604 0.0646
10 0.5962 0.3462 0.0083 0.0167
2 0.5986 0.3438 0.0073 0.0115
