2 0.5409 0.7356 0.0292 0.0469
2 0.5385 0.7524 0.0344 0.0354
10 0.5433 0.7524 0.0719 0.0594
2 0.0721 0.75 0.0563 0.0469
1 0.2236 0.6058 0.0333 0.0688
2 0.4543 0.5601 0.0271 0.0375
10 0.4543 0.5889 0.0448 0.0458
0 0.4928 0.3558 0.1583 0.101
2 0.4255 0.4856 0.0188 0.0188
10 0.4279 0.5024 0.0271 0.024
1 0.3918 0.5 0.0167 0.0167
1 0.3918 0.5 0.0281 0.0354
10 0.387 0.5144 0.0406 0.0292
6 0.2091 0.5913 0.1781 0.0646
7 0.2043 0.6418 0.149 0.051
2 0.2981 0.4567 0.0146 0.0344
6 0.351 0.4736 0.0531 0.0542
2 0.6947 0.6058 0.0281 0.0521
10 0.7115 0.5264 0.05 0.0292
10 0.7067 0.5 0.0521 0.0292
2 0.5168 0.4495 0.0146 0.0125
2 0.5168 0.4447 0.0156 0.0125
8 0.5168 0.4543 0.025 0.0292
1 0.5409 0.4471 0.0146 0.0302
5 0.5962 0.4303 0.0781 0.0323
7 0.5192 0.4207 0.0198 0.0208
10 0.6058 0.4423 0.0271 0.0156
10 0.6587 0.4399 0.024 0.0198
10 0.5986 0.4688 0.0479 0.025
7 0.7548 0.4591 0.0542 0.026
5 0.6226 0.4183 0.0688 0.0333
6 0.6058 0.3918 0.0677 0.0292
4 0.601 0.3702 0.0375 0.0167
10 0.3942 0.4038 0.0177 0.0156
7 0.7163 0.4856 0.0792 0.0312
0 0.6875 0.399 0.0531 0.0531
