4 0.3005 0.7163 0.0537 0.0794
4 0.4543 0.6779 0.0463 0.0794
4 0.4255 0.5529 0.0471 0.0713
4 0.399 0.4784 0.0493 0.0721
4 0.488 0.3966 0.0463 0.0713
4 0.5529 0.4255 0.0493 0.0713
4 0.6827 0.4663 0.075 0.0471
4 0.7091 0.4183 0.0691 0.0412
4 0.7115 0.375 0.0765 0.0382
4 0.7212 0.3221 0.0699 0.0346
4 0.7356 0.2812 0.0721 0.0397
4 0.7524 0.2332 0.0588 0.0257
5 0.1394 0.5625 0.0478 0.0603
3 0.5144 0.7404 0.0132 0.0287
2 0.5168 0.7428 0.0118 0.0132
4 0.5481 0.2476 0.0456 0.0566
4 0.5024 0.2404 0.0441 0.039
2 0.3317 0.6346 0.0132 0.0125
10 0.3341 0.6322 0.0169 0.025
2 0.2885 0.6562 0.0132 0.0154
3 0.2909 0.6562 0.0176 0.0265
2 0.5216 0.6659 0.0125 0.0162
10 0.5192 0.6659 0.0176 0.0331
2 0.476 0.351 0.0103 0.0176
3 0.0962 0.5337 0.0169 0.025
2 0.5577 0.5096 0.011 0.0169
10 0.5601 0.5072 0.014 0.025
2 0.4135 0.3918 0.0132 0.0154
10 0.4135 0.3942 0.014 0.0221
1 0.1202 0.387 0.0176 0.0169
1 0.0913 0.3774 0.0176 0.0125
3 0.0673 0.3942 0.0301 0.0096
4 0.024 0.4062 0.0434 0.0412
10 0.0865 0.5288 0.0169 0.0243
10 0.1298 0.5144 0.0169 0.0287
10 0.0673 0.5264 0.0184 0.0235
10 0.0817 0.5 0.0221 0.0235
10 0.1202 0.5048 0.0184 0.0257
10 0.0793 0.4808 0.0221 0.0243
10 0.0673 0.4712 0.0206 0.025
10 0.0577 0.4712 0.0243 0.0257
3 0.0553 0.5144 0.0199 0.0257
3 0.0409 0.512 0.014 0.0287
10 0.0264 0.4543 0.0154 0.0294
3 0.3149 0.4736 0.0191 0.0213
10 0.2428 0.476 0.0191 0.0294
3 0.2476 0.4351 0.0257 0.0132
3 0.2764 0.4543 0.0199 0.0162
10 0.2764 0.4808 0.0221 0.0162
10 0.2572 0.4183 0.0243 0.0199
10 0.6995 0.5216 0.0235 0.0118
1 0.7308 0.2644 0.014 0.0162
1 0.6899 0.3005 0.0118 0.0132
10 0.7933 0.3101 0.0243 0.0191
10 0.7788 0.3053 0.0213 0.0199
