0 0.4279 0.2404 0.0417 0.0375
0 0.3798 0.2644 0.0719 0.0469
0 0.2236 0.3702 0.0255 0.0245
0 0.6226 0.5096 0.1167 0.0516
0 0.4279 0.3918 0.0391 0.0448
0 0.4784 0.2716 0.0161 0.0594
0 0.4736 0.3269 0.0333 0.0531
0 0.4543 0.3654 0.0292 0.038
8 0.4279 0.7716 0.0552 0.0193
1 0.4591 0.7548 0.0151 0.0323
1 0.4736 0.7524 0.0151 0.0375
1 0.5312 0.7091 0.0125 0.0339
1 0.5625 0.7115 0.0135 0.0365
1 0.5096 0.6514 0.0099 0.0328
2 0.5096 0.6442 0.0083 0.0135
5 0.6611 0.6587 0.0802 0.0771
1 0.7019 0.7019 0.0094 0.0365
1 0.7115 0.7572 0.0141 0.0396
1 0.6947 0.75 0.0141 0.0349
1 0.6995 0.7692 0.012 0.0271
0 0.0986 0.4087 0.0969 0.037
10 0.4688 0.4111 0.013 0.0135
0 0.6971 0.4591 0.1224 0.0484
10 0.1899 0.6803 0.0214 0.0359
2 0.1875 0.6755 0.0089 0.0229
2 0.1899 0.6755 0.0156 0.0219
7 0.2885 0.6995 0.0531 0.0297
1 0.3173 0.6851 0.0125 0.0286
7 0.3029 0.6659 0.0505 0.0276
10 0.2284 0.6322 0.0099 0.0255
8 0.3438 0.6466 0.0286 0.0307
1 0.3486 0.6274 0.0073 0.0198
4 0.1755 0.637 0.0589 0.0484
4 0.1202 0.6322 0.0656 0.0458
1 0.1442 0.5601 0.0146 0.0219
1 0.1322 0.5721 0.0083 0.024
1 0.1346 0.5649 0.0104 0.0229
10 0.0841 0.5337 0.0161 0.0193
2 0.0841 0.5288 0.0125 0.0245
7 0.0817 0.512 0.0208 0.0198
2 0.0793 0.5072 0.012 0.0182
10 0.0312 0.5096 0.0281 0.0146
2 0.0288 0.5072 0.0146 0.0224
1 0.012 0.4327 0.0135 0.0177
10 0.0409 0.4279 0.0146 0.0078
10 0.0505 0.4375 0.0151 0.0109
10 0.0361 0.476 0.025 0.0188
2 0.0361 0.4736 0.012 0.0188
10 0.0529 0.4688 0.0198 0.0135
2 0.0529 0.4663 0.0094 0.0193
8 0.1418 0.4375 0.0312 0.0276
10 0.1034 0.4663 0.0229 0.0161
8 0.1178 0.4663 0.0271 0.0214
2 0.1154 0.4688 0.0094 0.0156
2 0.1034 0.4639 0.0089 0.0167
2 0.1082 0.4639 0.0078 0.0161
1 0.2091 0.4519 0.0083 0.0188
8 0.1875 0.5096 0.024 0.026
2 0.1899 0.5072 0.0109 0.0161
2 0.226 0.5048 0.0115 0.0167
4 0.2139 0.5216 0.0609 0.0427
4 0.1947 0.4952 0.0656 0.0286
10 0.1683 0.4543 0.0115 0.0177
2 0.1683 0.4495 0.0094 0.0182
2 0.1707 0.4495 0.0042 0.0099
1 0.3966 0.6514 0.0115 0.0339
1 0.4399 0.6659 0.0083 0.0328
1 0.4303 0.6298 0.0115 0.0333
1 0.4663 0.6154 0.0089 0.025
1 0.4471 0.6466 0.0167 0.0312
1 0.4639 0.6538 0.0094 0.0339
1 0.4615 0.6442 0.013 0.0323
1 0.3894 0.5962 0.0109 0.0286
1 0.4062 0.5938 0.0104 0.0286
10 0.351 0.6202 0.0297 0.0177
10 0.3221 0.5697 0.024 0.0224
2 0.3269 0.5649 0.0135 0.0229
10 0.3678 0.5409 0.0167 0.0219
2 0.3678 0.5385 0.0109 0.0224
0 0.5361 0.5433 0.0318 0.0224
1 0.476 0.5337 0.0068 0.0125
1 0.4471 0.5312 0.0094 0.0219
1 0.4399 0.5312 0.0078 0.0234
1 0.4183 0.5264 0.0104 0.0219
8 0.4279 0.5072 0.0339 0.0276
2 0.4303 0.4952 0.0083 0.0135
10 0.2139 0.4784 0.0198 0.013
2 0.2212 0.476 0.0052 0.013
2 0.2139 0.476 0.0099 0.0193
10 0.2812 0.488 0.0151 0.0141
2 0.2812 0.4832 0.0089 0.0161
1 0.2524 0.4904 0.0073 0.0161
10 0.2596 0.5 0.0224 0.0161
2 0.2524 0.4976 0.0062 0.0109
2 0.2572 0.4976 0.0089 0.0172
10 0.2356 0.4663 0.0208 0.0141
2 0.2356 0.4615 0.0089 0.0172
1 0.1827 0.3846 0.0052 0.0151
4 0.1875 0.3966 0.0266 0.0161
10 0.1731 0.4303 0.0167 0.0125
2 0.1779 0.4255 0.0052 0.0135
2 0.1707 0.4255 0.0094 0.0146
10 0.1587 0.4038 0.0125 0.0135
2 0.1587 0.4038 0.0073 0.0104
2 0.1587 0.4038 0.0109 0.012
10 0.2284 0.4447 0.0219 0.012
2 0.226 0.4399 0.0062 0.0135
4 0.3125 0.4976 0.0479 0.0302
7 0.3245 0.4808 0.0443 0.024
2 0.3317 0.4808 0.0104 0.0167
3 0.3221 0.4615 0.0208 0.0141
2 0.3221 0.4567 0.0089 0.0151
10 0.3774 0.5024 0.0177 0.0161
2 0.3774 0.4976 0.0094 0.0188
10 0.3846 0.4928 0.0188 0.0135
2 0.3846 0.4904 0.0104 0.0172
8 0.3678 0.4808 0.0177 0.0203
2 0.363 0.4832 0.0047 0.0141
2 0.3678 0.4808 0.0089 0.0135
7 0.4014 0.4615 0.0219 0.013
2 0.4014 0.4591 0.0073 0.0125
10 0.3966 0.4712 0.0229 0.013
2 0.4014 0.4663 0.0047 0.0141
2 0.3966 0.4663 0.0073 0.0135
8 0.2067 0.4255 0.0125 0.0224
2 0.2067 0.4279 0.0099 0.013
8 0.2236 0.4231 0.0109 0.0193
2 0.2236 0.4231 0.0068 0.0135
2 0.2043 0.4087 0.0078 0.0135
8 0.2091 0.4062 0.0182 0.0224
7 0.2019 0.387 0.0109 0.0146
0 0.2692 0.3462 0.0568 0.0141
0 0.2909 0.3293 0.0354 0.0297
0 0.3101 0.3173 0.0276 0.0406
0 0.3486 0.3053 0.0474 0.0411
0 0.2476 0.3582 0.0203 0.0135
1 0.2572 0.375 0.0052 0.0161
8 0.2476 0.3822 0.0094 0.0115
6 0.2476 0.4038 0.0286 0.0333
4 0.2668 0.3966 0.0177 0.0193
4 0.274 0.3846 0.0203 0.0177
4 0.2861 0.3726 0.0182 0.0156
4 0.2981 0.363 0.0188 0.0156
4 0.3053 0.3534 0.0182 0.0141
4 0.3173 0.3438 0.0172 0.0156
10 0.2885 0.3966 0.0089 0.013
2 0.2885 0.3942 0.0057 0.0109
0 0.387 0.3486 0.0188 0.0255
4 0.399 0.3702 0.0177 0.0182
10 0.3606 0.3774 0.0073 0.0125
2 0.3606 0.3774 0.0057 0.012
10 0.3774 0.3966 0.0089 0.0151
2 0.3774 0.399 0.0062 0.0115
10 0.4808 0.4688 0.0234 0.0167
2 0.4808 0.4663 0.0099 0.0141
4 0.5913 0.476 0.0594 0.0266
10 0.5024 0.476 0.0188 0.0141
2 0.5024 0.4736 0.0104 0.0161
10 0.5312 0.4928 0.0219 0.0151
2 0.5312 0.4904 0.0109 0.0151
10 0.512 0.5024 0.0188 0.0141
2 0.512 0.4976 0.0104 0.0177
10 0.5144 0.512 0.024 0.0177
2 0.5144 0.512 0.0094 0.0193
10 0.5288 0.524 0.0234 0.0177
10 0.5096 0.5337 0.0182 0.0141
10 0.5673 0.5264 0.0229 0.0182
10 0.5553 0.5457 0.0094 0.0208
10 0.4808 0.613 0.0115 0.0224
10 0.5 0.613 0.0156 0.0214
10 0.5288 0.5697 0.0104 0.0203
10 0.6587 0.5745 0.0104 0.0234
10 0.5192 0.6106 0.0104 0.0219
10 0.5337 0.613 0.0146 0.025
10 0.5481 0.613 0.0125 0.0229
10 0.5553 0.6178 0.0276 0.0219
10 0.5745 0.6154 0.012 0.026
10 0.5865 0.6178 0.0104 0.024
10 0.6082 0.6154 0.0151 0.024
10 0.6298 0.613 0.0156 0.0312
10 0.6466 0.6178 0.013 0.0234
10 0.6587 0.6178 0.0151 0.0198
10 0.6779 0.613 0.0141 0.026
10 0.6899 0.6154 0.0125 0.026
10 0.7019 0.6226 0.0089 0.0214
10 0.7115 0.6226 0.0125 0.0203
10 0.7212 0.5938 0.0089 0.0234
10 0.5529 0.5865 0.0125 0.024
10 0.5649 0.5841 0.0104 0.0224
10 0.5481 0.5697 0.0109 0.0281
10 0.5649 0.5697 0.0182 0.0276
10 0.5841 0.5721 0.0203 0.0219
10 0.5865 0.5841 0.0125 0.025
10 0.5649 0.5505 0.0156 0.0156
10 0.5745 0.5481 0.0182 0.0198
10 0.5865 0.5457 0.0125 0.0229
10 0.5986 0.5457 0.0151 0.0234
10 0.613 0.5481 0.0109 0.0193
10 0.6154 0.5721 0.0089 0.0229
10 0.625 0.5697 0.0109 0.0245
10 0.6346 0.5721 0.0125 0.0219
10 0.649 0.5745 0.0094 0.0177
10 0.637 0.5505 0.012 0.0193
10 0.6466 0.5481 0.0083 0.0193
3 0.6538 0.5481 0.0146 0.0193
10 0.6635 0.5481 0.0089 0.0167
10 0.6731 0.5481 0.0125 0.0224
10 0.6851 0.5505 0.0182 0.0203
10 0.6779 0.5745 0.0104 0.0198
3 0.6875 0.5745 0.0125 0.0208
10 0.7019 0.5889 0.0135 0.026
10 0.7043 0.5745 0.0156 0.025
10 0.7284 0.5769 0.0125 0.024
10 0.738 0.5769 0.0104 0.0224
10 0.7596 0.5529 0.0182 0.0177
10 0.6971 0.5505 0.0146 0.0203
10 0.7139 0.5505 0.025 0.0229
10 0.726 0.5529 0.013 0.0214
10 0.7404 0.5529 0.0104 0.0203
3 0.6923 0.5288 0.0203 0.0167
7 0.7188 0.5144 0.0406 0.0214
10 0.7163 0.5288 0.0089 0.0208
8 0.7524 0.512 0.0354 0.0339
10 0.762 0.5312 0.0229 0.0156
10 0.738 0.5288 0.0203 0.0182
10 0.7812 0.5 0.0224 0.0141
2 0.7812 0.4976 0.0104 0.0161
10 0.774 0.476 0.0167 0.0146
2 0.7812 0.4736 0.0047 0.0146
2 0.774 0.4712 0.0078 0.0151
8 0.6034 0.5793 0.0156 0.0307
