6 0.5481 0.7067 0.0309 0.0287
6 0.5697 0.5168 0.0154 0.0221
5 0.4832 0.5096 0.0074 0.0096
4 0.4832 0.488 0.0176 0.0081
4 0.4736 0.4399 0.0066 0.0066
4 0.4832 0.4543 0.0074 0.0074
4 0.5649 0.4447 0.0066 0.0066
1 0.238 0.7356 0.0044 0.011
1 0.2356 0.7332 0.0051 0.0103
7 0.0913 0.4712 0.0147 0.0059
0 0.6226 0.25 0.0243 0.0132
0 0.5889 0.2909 0.064 0.0816
0 0.5649 0.3245 0.0441 0.0301
6 0.5769 0.4111 0.0199 0.0169
6 0.5144 0.3606 0.011 0.0118
6 0.5769 0.351 0.0066 0.0125
6 0.5793 0.3702 0.0103 0.011
0 0.601 0.3678 0.0074 0.0044
4 0.5481 0.3942 0.0051 0.0044
4 0.5385 0.3942 0.0044 0.0044
4 0.5505 0.3534 0.0037 0.0051
4 0.5673 0.3462 0.0051 0.0037
4 0.5601 0.3582 0.0044 0.0037
4 0.5529 0.3726 0.0044 0.0037
4 0.5457 0.3606 0.0044 0.0044
4 0.5649 0.3606 0.0029 0.0044
4 0.5553 0.3438 0.0037 0.0037
