3 0.0385 0.5745 0.0213 0.0243
10 0.0769 0.5841 0.0331 0.025
1 0.0385 0.6923 0.0221 0.0368
5 0.0673 0.7452 0.0978 0.075
2 0.2812 0.7644 0.0154 0.0324
7 0.3029 0.7596 0.0838 0.0463
7 0.3293 0.7284 0.0706 0.0441
0 0.7548 0.7716 0.0507 0.0199
2 0.7212 0.6899 0.0169 0.025
6 0.637 0.5385 0.0684 0.0971
3 0.5913 0.4856 0.0096 0.0191
2 0.5913 0.4808 0.0081 0.0199
2 0.3197 0.4712 0.0096 0.0228
3 0.3149 0.4712 0.0206 0.0162
2 0.2933 0.4904 0.0074 0.011
4 0.3918 0.5 0.0309 0.0316
4 0.3846 0.4688 0.0581 0.0294
4 0.3798 0.4159 0.0294 0.0272
4 0.4207 0.4399 0.0279 0.0272
4 0.4207 0.4231 0.0243 0.025
4 0.4279 0.4062 0.0301 0.0228
8 0.4351 0.3966 0.0169 0.0176
4 0.4447 0.3846 0.0382 0.0243
1 0.4087 0.4014 0.0051 0.0191
1 0.3942 0.3942 0.0066 0.0184
10 0.4062 0.387 0.0147 0.0103
4 0.4423 0.375 0.0228 0.0176
4 0.4447 0.363 0.0301 0.0154
4 0.4495 0.3582 0.0294 0.0154
4 0.4543 0.351 0.0294 0.0147
4 0.4471 0.3413 0.0154 0.014
4 0.4495 0.3365 0.014 0.0132
4 0.4423 0.3149 0.0147 0.0125
4 0.4399 0.3053 0.0213 0.011
6 0.6274 0.4135 0.064 0.0346
2 0.6322 0.3918 0.0066 0.0132
10 0.625 0.3942 0.0184 0.0103
1 0.5673 0.4062 0.0044 0.0176
4 0.5793 0.4111 0.0265 0.0184
4 0.5769 0.3966 0.0206 0.0199
10 0.6106 0.3702 0.014 0.0103
10 0.613 0.375 0.014 0.0096
2 0.5841 0.375 0.0044 0.0081
3 0.6034 0.3534 0.0096 0.0059
3 0.6034 0.351 0.0096 0.0081
4 0.5649 0.3846 0.0279 0.0199
4 0.5673 0.3702 0.0257 0.0199
4 0.5673 0.3606 0.0154 0.0132
4 0.5841 0.3413 0.0221 0.0132
3 0.5841 0.3221 0.0103 0.0066
4 0.5505 0.3173 0.0125 0.0118
4 0.5721 0.3101 0.0132 0.0088
5 0.5577 0.3005 0.0257 0.011
1 0.5433 0.2981 0.0029 0.0081
2 0.4832 0.3173 0.0044 0.0088
10 0.4832 0.3221 0.0044 0.0088
2 0.4928 0.3269 0.0051 0.0103
7 0.4904 0.3293 0.0154 0.0088
4 0.4639 0.3149 0.0132 0.0118
8 0.4615 0.3053 0.0147 0.0103
1 0.5577 0.274 0.0029 0.0066
1 0.5144 0.2837 0.0022 0.0081
1 0.5216 0.2837 0.0029 0.0074
4 0.5361 0.2788 0.0081 0.0081
0 0.5385 0.2668 0.0074 0.0066
0 0.5433 0.2572 0.0088 0.0074
4 0.4688 0.2981 0.0243 0.0096
4 0.4591 0.2957 0.0199 0.0081
5 0.4712 0.2957 0.0191 0.0096
4 0.4712 0.2909 0.0206 0.0081
5 0.4832 0.2885 0.0096 0.0103
5 0.4736 0.2837 0.0176 0.0103
9 0.4736 0.2812 0.0294 0.0162
1 0.5144 0.2644 0.0015 0.0059
4 0.5 0.2764 0.0088 0.0081
4 0.4976 0.2668 0.0074 0.0066
0 0.4856 0.2404 0.0147 0.0081
0 0.4856 0.25 0.0132 0.0066
0 0.4784 0.2572 0.0118 0.0074
4 0.4856 0.2716 0.0081 0.0074
4 0.4736 0.2716 0.011 0.0059
4 0.476 0.2692 0.0103 0.0066
4 0.4784 0.2692 0.011 0.0066
4 0.4784 0.2644 0.0081 0.0074
2 0.4976 0.2524 0.0015 0.0044
10 0.4976 0.2524 0.0015 0.0037
1 0.5144 0.2524 0.0015 0.0051
1 0.5144 0.2524 0.0015 0.0059
0 0.5216 0.2428 0.0132 0.0066
5 0.512 0.25 0.0051 0.0066
0 0.5168 0.238 0.0074 0.0037
0 0.5264 0.2524 0.0169 0.0074
4 0.5288 0.2668 0.0074 0.0051
4 0.5312 0.2644 0.0059 0.0059
4 0.5288 0.262 0.0059 0.0059
4 0.5264 0.262 0.0059 0.0059
4 0.524 0.2596 0.0088 0.0059
4 0.5216 0.2572 0.0096 0.0044
0 0.5337 0.2548 0.0044 0.0044
1 0.512 0.3846 0.0037 0.014
1 0.5144 0.3822 0.0044 0.0154
