1 0.4519 0.5192 0.0385 0.1021
1 0.4062 0.5 0.0375 0.0938
1 0.488 0.4567 0.026 0.0781
1 0.5312 0.4207 0.025 0.0698
1 0.363 0.4111 0.025 0.0677
1 0.2452 0.4423 0.024 0.074
1 0.1298 0.4663 0.0385 0.0844
1 0.3269 0.3269 0.0208 0.0469
1 0.0457 0.3702 0.0281 0.0573
1 0.3918 0.4375 0.026 0.0677
1 0.4808 0.4111 0.025 0.0677
1 0.4976 0.4351 0.026 0.0688
1 0.4207 0.4639 0.0552 0.0615
1 0.5793 0.3774 0.0208 0.0552
1 0.4519 0.3413 0.0188 0.0469
1 0.1995 0.363 0.0323 0.0552
1 0.1683 0.3678 0.025 0.0438
1 0.1851 0.3798 0.0188 0.0406
1 0.1923 0.3726 0.0167 0.0365
1 0.1562 0.2861 0.0177 0.025
1 0.3269 0.2933 0.0115 0.026
1 0.4303 0.3293 0.0146 0.0448
1 0.4038 0.3269 0.0188 0.0427
1 0.3894 0.3269 0.0146 0.0427
1 0.4087 0.2957 0.0125 0.024
1 0.3798 0.3149 0.0177 0.0385
1 0.3966 0.3173 0.0177 0.0427
1 0.0962 0.2812 0.0135 0.0292
2 0.024 0.3101 0.0281 0.0188
1 0.0192 0.2788 0.0188 0.0271
1 0.0096 0.2957 0.0146 0.0333
1 0.0505 0.2812 0.0135 0.0292
1 0.0312 0.2837 0.0146 0.0302
1 0.0433 0.2812 0.0115 0.0271
1 0.0337 0.2788 0.0135 0.0302
1 0.0601 0.2692 0.0146 0.0281
2 0.0721 0.2764 0.0115 0.0125
1 0.0096 0.2644 0.0156 0.024
10 0.3654 0.2692 0.026 0.0208
10 0.3894 0.2716 0.0229 0.0156
10 0.4423 0.2692 0.0292 0.0167
10 0.4159 0.2716 0.024 0.0146
1 0.4231 0.2812 0.0135 0.0271
1 0.4327 0.3149 0.0156 0.0417
1 0.4423 0.3149 0.0156 0.0344
1 0.4495 0.2933 0.0135 0.0323
1 0.4399 0.2861 0.0094 0.0219
2 0.4663 0.2861 0.0135 0.0177
2 0.4639 0.2885 0.0083 0.0104
2 0.4712 0.3029 0.0188 0.0135
2 0.4688 0.3005 0.0125 0.0125
2 0.488 0.3101 0.0135 0.0219
2 0.4856 0.3077 0.0167 0.0146
1 0.5216 0.3101 0.0177 0.0375
10 0.5048 0.3149 0.0198 0.0281
2 0.5481 0.3534 0.0219 0.0385
2 0.5385 0.3486 0.0219 0.0385
2 0.5841 0.3486 0.0229 0.0302
1 0.5745 0.363 0.0125 0.0479
1 0.5601 0.3365 0.0146 0.0458
1 0.5457 0.3269 0.0156 0.0406
3 0.6635 0.4591 0.0615 0.0552
1 0.9543 0.6322 0.0542 0.1083
1 0.7644 0.387 0.0188 0.0542
1 0.7524 0.3822 0.0198 0.0448
1 0.9087 0.3702 0.0219 0.0344
1 0.7163 0.3726 0.0125 0.0281
2 0.7236 0.3774 0.0323 0.024
2 0.9543 0.3774 0.0167 0.0146
2 0.9736 0.3798 0.0167 0.0135
2 0.976 0.375 0.0229 0.0198
2 0.9928 0.3702 0.0188 0.025
1 0.7957 0.3101 0.0146 0.0344
1 0.7981 0.3077 0.0125 0.0229
1 0.7788 0.3245 0.0115 0.0344
1 0.774 0.3245 0.0146 0.0375
