9 0.7572 0.5769 0.0536 0.0661
4 0.6635 0.6394 0.0505 0.0458
6 0.5625 0.5433 0.0318 0.0292
1 0.601 0.5433 0.0125 0.024
3 0.5841 0.5721 0.0276 0.0188
3 0.625 0.6058 0.0125 0.024
3 0.5264 0.5962 0.0167 0.0271
3 0.5361 0.5697 0.0151 0.0193
4 0.4591 0.726 0.1516 0.0776
1 0.6154 0.5962 0.0141 0.0427
2 0.5625 0.6082 0.0245 0.0271
2 0.5745 0.6034 0.012 0.0339
2 0.5913 0.6034 0.0115 0.0214
2 0.5889 0.601 0.0141 0.0323
7 0.5913 0.6178 0.0333 0.0448
4 0.9303 0.5769 0.0516 0.037
4 0.9712 0.6034 0.0615 0.037
