1 0.3534 0.4784 0.0066 0.011
1 0.3486 0.4615 0.0059 0.011
1 0.3462 0.4639 0.0051 0.0103
1 0.2957 0.625 0.0066 0.0154
1 0.2861 0.6322 0.0074 0.0147
1 0.2861 0.6418 0.0044 0.0096
1 0.4976 0.5889 0.0051 0.0103
1 0.6923 0.5577 0.0044 0.0118
1 0.6971 0.5625 0.0044 0.0125
0 0.6827 0.5337 0.0235 0.014
1 0.7212 0.524 0.0037 0.0125
4 0.5769 0.4351 0.0257 0.011
4 0.6082 0.4399 0.0176 0.0096
4 0.6106 0.4303 0.0221 0.0081
4 0.637 0.4375 0.0206 0.0096
4 0.649 0.4207 0.0103 0.0088
4 0.649 0.4159 0.0096 0.0066
4 0.6635 0.4255 0.0169 0.0088
4 0.6779 0.4279 0.0176 0.0088
4 0.6755 0.4351 0.0213 0.0088
4 0.7212 0.4375 0.0184 0.0088
1 0.774 0.5168 0.0044 0.0103
1 0.7644 0.5144 0.0037 0.0125
1 0.762 0.5216 0.0044 0.0118
1 0.7548 0.524 0.0037 0.0132
1 0.7524 0.5192 0.0044 0.0125
1 0.7356 0.524 0.0037 0.0118
1 0.7428 0.524 0.0029 0.0103
1 0.7476 0.524 0.0029 0.0132
1 0.7837 0.5144 0.0044 0.0118
1 0.8077 0.512 0.0044 0.0096
1 0.851 0.4904 0.0037 0.0096
1 0.8558 0.4904 0.0029 0.0103
1 0.8606 0.488 0.0029 0.0103
1 0.8582 0.488 0.0029 0.0103
1 0.9111 0.4736 0.0044 0.011
1 0.9183 0.476 0.0037 0.0118
1 0.9423 0.4832 0.0044 0.011
1 0.9279 0.5144 0.0044 0.0103
1 0.9351 0.5168 0.0059 0.0118
1 0.9399 0.5144 0.0044 0.0132
1 0.9495 0.5144 0.0044 0.0118
1 0.9543 0.5168 0.0037 0.0096
1 0.9615 0.5168 0.0066 0.0081
1 0.9952 0.5337 0.0059 0.011
1 0.9904 0.5312 0.0059 0.0118
1 0.9712 0.5144 0.0059 0.0118
1 0.9688 0.5072 0.0044 0.011
1 0.9712 0.5048 0.0029 0.0103
1 0.9736 0.5096 0.0029 0.0066
1 0.976 0.5144 0.0051 0.011
1 0.9712 0.5144 0.0051 0.0118
1 0.9808 0.5168 0.0037 0.011
1 0.9832 0.5048 0.0044 0.0081
1 0.9832 0.5 0.0029 0.011
1 0.9832 0.4952 0.0051 0.0118
1 0.9663 0.4904 0.0051 0.011
1 0.9784 0.488 0.0044 0.0066
1 0.9784 0.4856 0.0037 0.0118
1 0.9928 0.4856 0.0037 0.0088
1 0.988 0.4976 0.0051 0.0103
1 0.9952 0.5024 0.0044 0.011
1 0.9928 0.4976 0.0051 0.0118
1 0.9231 0.4736 0.0029 0.0096
