0 0.512 0.3029 0.088 0.0266
0 0.4688 0.3293 0.0224 0.024
4 0.5361 0.3197 0.0052 0.0042
4 0.5457 0.3221 0.0062 0.0052
4 0.5505 0.3365 0.0073 0.0062
4 0.5721 0.3678 0.012 0.0099
4 0.5216 0.3221 0.0062 0.0052
4 0.5337 0.3606 0.0104 0.0094
4 0.5385 0.3558 0.0094 0.0073
4 0.5312 0.3462 0.0078 0.0073
5 0.5312 0.3534 0.0073 0.0094
4 0.5288 0.3389 0.0078 0.0068
4 0.5264 0.3341 0.0068 0.0057
4 0.524 0.3293 0.0062 0.0062
4 0.524 0.3245 0.0057 0.0052
5 0.5072 0.3413 0.0089 0.0094
4 0.4856 0.351 0.0099 0.0073
4 0.476 0.3894 0.013 0.0115
4 0.4976 0.3846 0.013 0.0141
4 0.4736 0.4111 0.0151 0.0135
4 0.5216 0.4135 0.0167 0.0161
4 0.524 0.4014 0.0135 0.0135
4 0.5192 0.387 0.0125 0.0109
4 0.5192 0.3798 0.012 0.0104
4 0.5168 0.3726 0.0115 0.0094
4 0.5192 0.3678 0.0099 0.0083
4 0.5168 0.3654 0.0099 0.0089
4 0.5168 0.3606 0.0094 0.0073
4 0.512 0.3486 0.0083 0.0078
4 0.5144 0.3534 0.0083 0.0073
4 0.5144 0.3558 0.0089 0.0068
4 0.5168 0.3582 0.0089 0.0078
7 0.5793 0.351 0.0052 0.0057
2 0.5793 0.3486 0.0031 0.0047
3 0.6178 0.3894 0.0036 0.0083
2 0.6178 0.387 0.0042 0.0104
10 0.601 0.375 0.0036 0.0083
2 0.601 0.375 0.0036 0.0089
0 0.4543 0.3558 0.0172 0.0104
0 0.4375 0.375 0.0073 0.0141
1 0.4207 0.387 0.0036 0.0109
4 0.4639 0.4567 0.0203 0.0203
4 0.4567 0.488 0.0234 0.0245
4 0.4976 0.4639 0.0203 0.0203
4 0.5288 0.4423 0.0182 0.0167
6 0.5433 0.5024 0.0464 0.1161
4 0.4327 0.5673 0.0344 0.0365
4 0.3798 0.5697 0.0396 0.0458
4 0.4591 0.601 0.037 0.0458
4 0.5457 0.6154 0.0401 0.0547
4 0.5144 0.6683 0.0474 0.0708
4 0.5793 0.7091 0.0484 0.074
4 0.3173 0.6899 0.0563 0.0698
4 0.3846 0.7115 0.0552 0.088
3 0.274 0.6202 0.012 0.0245
2 0.274 0.6106 0.012 0.0276
