0 0.2716 0.2404 0.0221 0.0404
0 0.8462 0.2452 0.2169 0.0493
0 0.1442 0.2332 0.0279 0.0191
1 0.274 0.2716 0.0096 0.0265
1 0.2837 0.2716 0.0088 0.025
1 0.2212 0.2356 0.0088 0.0206
1 0.2163 0.2356 0.0088 0.0228
1 0.2091 0.2356 0.0081 0.0221
1 0.1827 0.238 0.0081 0.0221
1 0.1827 0.2332 0.0066 0.0206
1 0.1899 0.2356 0.0088 0.0243
1 0.1971 0.2356 0.0096 0.0235
4 0.0649 0.3029 0.0941 0.0316
5 0.149 0.3317 0.1007 0.0463
4 0.0409 0.3558 0.0787 0.039
4 0.2284 0.3558 0.1081 0.0397
5 0.3005 0.3365 0.0868 0.0382
4 0.2788 0.3101 0.0882 0.0346
2 0.1154 0.5697 0.0412 0.0507
2 0.113 0.5817 0.0228 0.0338
10 0.1202 0.5793 0.0265 0.0551
7 0.4639 0.3462 0.0654 0.0419
4 0.4471 0.3221 0.0853 0.039
10 0.5457 0.3534 0.0301 0.0257
2 0.5433 0.3438 0.0206 0.0294
1 0.4495 0.5 0.0213 0.0581
1 0.4567 0.4952 0.025 0.0507
2 0.625 0.4567 0.0235 0.0404
3 0.6274 0.4639 0.0544 0.0324
2 0.7572 0.4615 0.0265 0.0493
10 0.7524 0.4712 0.0493 0.0331
1 0.8582 0.4447 0.0221 0.0463
1 0.9062 0.4543 0.0272 0.0471
4 0.5865 0.2933 0.0824 0.0287
4 0.6947 0.3558 0.0838 0.05
4 0.8125 0.2909 0.075 0.0265
5 0.9471 0.2861 0.0706 0.0316
5 0.8365 0.3221 0.0625 0.0368
5 0.9832 0.2957 0.036 0.0301
4 0.4928 0.2308 0.025 0.0206
2 0.4639 0.2476 0.0118 0.0243
10 0.4615 0.2524 0.0096 0.0176
2 0.4784 0.2476 0.0103 0.0199
3 0.4784 0.2524 0.0081 0.014
4 0.9303 0.625 0.1397 0.1346
1 0.7284 0.2332 0.0103 0.0221
1 0.7115 0.2332 0.0125 0.0206
1 0.6779 0.2356 0.0074 0.0191
1 0.6851 0.238 0.0066 0.0162
1 0.6899 0.2356 0.0081 0.0199
5 0.9808 0.2548 0.0426 0.0257
5 0.9808 0.2428 0.0404 0.0213
