0 0.4231 0.2428 0.0667 0.0365
0 0.3582 0.2596 0.0302 0.0312
4 0.4255 0.2716 0.0083 0.0083
4 0.3966 0.274 0.0094 0.0083
4 0.5096 0.3101 0.0083 0.0146
4 0.649 0.5865 0.0375 0.0396
4 0.6274 0.4399 0.0229 0.0208
4 0.613 0.4207 0.026 0.0156
4 0.3822 0.3606 0.0156 0.0135
4 0.3798 0.4375 0.0219 0.0208
6 0.4928 0.6226 0.0385 0.0958
6 0.5817 0.4904 0.0635 0.1042
6 0.4736 0.4087 0.0323 0.0667
6 0.5168 0.3413 0.0312 0.0385
9 0.5216 0.3774 0.0281 0.0354
4 0.5192 0.3125 0.0094 0.0083
4 0.5385 0.3293 0.0104 0.0073
4 0.5433 0.3389 0.0094 0.0125
4 0.5553 0.351 0.0167 0.0094
4 0.5625 0.3582 0.0167 0.0125
4 0.5745 0.3678 0.0156 0.0135
6 0.6082 0.4038 0.0219 0.026
1 0.7981 0.5697 0.0052 0.0156
1 0.8077 0.5721 0.0094 0.0229
1 0.7837 0.4111 0.0031 0.0156
1 0.7909 0.4111 0.0052 0.0146
2 0.3942 0.601 0.0073 0.0146
10 0.3942 0.6058 0.0115 0.026
4 0.5913 0.3918 0.0177 0.0229
4 0.4952 0.2957 0.0125 0.0083
4 0.4423 0.3005 0.0115 0.0094
4 0.4615 0.2861 0.0115 0.0083
4 0.488 0.2885 0.0104 0.0083
4 0.4808 0.2837 0.0125 0.0073
4 0.4736 0.2788 0.0135 0.0062
4 0.4688 0.274 0.0115 0.0062
4 0.4639 0.2692 0.0125 0.0073
9 0.4471 0.274 0.0177 0.0135
2 0.4255 0.4615 0.0062 0.0146
10 0.4255 0.4663 0.0094 0.0135
0 0.5865 0.3005 0.0292 0.0146
0 0.4014 0.2933 0.0219 0.0156
2 0.3606 0.2981 0.0052 0.0062
10 0.3606 0.3029 0.0094 0.0042
