1 0.5529 0.4904 0.0074 0.0199
1 0.5409 0.5385 0.0066 0.0235
1 0.5361 0.5433 0.0066 0.0118
1 0.3798 0.5697 0.011 0.0213
2 0.1779 0.5457 0.014 0.0199
1 0.2332 0.5457 0.0074 0.0257
2 0.226 0.5385 0.0066 0.0132
1 0.238 0.512 0.0066 0.0221
1 0.3125 0.5096 0.0088 0.0221
1 0.3269 0.4976 0.0088 0.0213
3 0.375 0.4952 0.0118 0.0162
7 0.3606 0.4976 0.0228 0.0118
0 0.3245 0.4471 0.0221 0.0125
4 0.1587 0.375 0.0294 0.0096
10 0.0938 0.3798 0.0096 0.0074
1 0.3822 0.399 0.0051 0.0118
2 0.3966 0.4351 0.0074 0.014
1 0.3462 0.4399 0.0044 0.0176
2 0.3486 0.4399 0.0051 0.0096
1 0.4736 0.4279 0.0044 0.0147
2 0.4615 0.4279 0.0051 0.0096
1 0.4567 0.4231 0.0037 0.0088
4 0.6514 0.363 0.0213 0.0103
1 0.7692 0.4471 0.0044 0.014
2 0.7716 0.4447 0.0051 0.0066
0 0.9615 0.375 0.0779 0.0265
0 0.9712 0.5409 0.0346 0.0243
1 0.7885 0.6394 0.0154 0.0294
4 0.9736 0.4014 0.0368 0.014
0 0.8822 0.3702 0.0375 0.0169
0 0.9111 0.3678 0.0265 0.011
5 0.9111 0.3798 0.025 0.0103
1 0.8774 0.4447 0.0044 0.0118
1 0.875 0.4423 0.0066 0.0147
1 0.9062 0.5096 0.0066 0.0169
1 0.9976 0.7428 0.0081 0.0412
1 0.988 0.7404 0.0118 0.0279
4 0.9663 0.6827 0.0603 0.0559
2 0.8846 0.6755 0.0154 0.0221
1 0.9303 0.6731 0.0096 0.0316
1 0.9183 0.6707 0.0103 0.0301
1 0.9207 0.6803 0.0162 0.0346
2 0.9207 0.6731 0.0066 0.0184
7 0.8942 0.6923 0.0441 0.0434
7 0.9255 0.6562 0.0346 0.0426
1 0.9087 0.6082 0.011 0.0287
5 0.875 0.5938 0.0551 0.0566
1 0.899 0.5889 0.0074 0.025
4 0.9928 0.4471 0.0162 0.0228
1 0.9832 0.4639 0.0066 0.0154
1 0.976 0.4639 0.0066 0.014
2 0.9615 0.4663 0.0074 0.011
5 0.9952 0.4832 0.014 0.0228
1 0.9519 0.5986 0.014 0.0294
1 0.9639 0.5913 0.0096 0.0272
1 0.9567 0.5817 0.0074 0.0272
1 0.9399 0.5721 0.0103 0.0265
1 0.9207 0.5625 0.0103 0.0279
4 0.9159 0.5601 0.0096 0.0221
4 0.8894 0.5553 0.0471 0.039
3 0.9856 0.5697 0.014 0.0184
1 0.988 0.5673 0.014 0.0228
8 0.9471 0.5312 0.0279 0.0324
4 0.9615 0.5024 0.0434 0.025
1 0.9736 0.5048 0.0059 0.0235
8 0.9688 0.5144 0.0324 0.0331
1 0.9856 0.5144 0.0096 0.0176
1 1.0 0.5168 0.0044 0.0206
1 0.9904 0.5144 0.0103 0.0235
