4 0.1418 0.762 0.1448 0.0396
4 0.1803 0.6923 0.1031 0.0776
1 0.0938 0.625 0.0208 0.0526
1 0.0673 0.6298 0.0203 0.0563
2 0.3966 0.5913 0.0156 0.0333
3 0.3966 0.601 0.0161 0.0266
3 0.226 0.5817 0.0286 0.0161
2 0.2236 0.5745 0.012 0.0349
3 0.1923 0.5865 0.0281 0.0193
10 0.1923 0.5769 0.0365 0.0182
2 0.1947 0.5697 0.0135 0.0203
2 0.2308 0.5625 0.0115 0.0161
3 0.2332 0.5745 0.0281 0.013
4 0.3389 0.5986 0.0495 0.0411
4 0.2524 0.6034 0.0615 0.0401
4 0.2885 0.5841 0.0453 0.0312
4 0.2596 0.5697 0.0484 0.026
4 0.3341 0.5625 0.0312 0.025
4 0.3101 0.5433 0.0297 0.025
2 0.3654 0.5433 0.0073 0.0141
3 0.3654 0.5529 0.0109 0.0115
2 0.2572 0.5529 0.0083 0.012
2 0.2572 0.5481 0.0115 0.0146
10 0.238 0.5409 0.0099 0.0177
3 0.2284 0.5457 0.0104 0.0146
0 0.4255 0.5601 0.0286 0.0333
0 0.3221 0.5192 0.1203 0.0328
1 0.25 0.5385 0.0094 0.0198
3 0.4663 0.637 0.0188 0.0391
1 0.4712 0.601 0.0141 0.0438
5 0.3726 0.5409 0.0193 0.0208
5 0.1466 0.5553 0.049 0.0307
