1 0.4639 0.6779 0.0154 0.0515
1 0.2764 0.762 0.0221 0.0412
1 0.4663 0.6611 0.0191 0.0537
1 0.5409 0.6106 0.0228 0.0485
1 0.5144 0.5409 0.0199 0.0397
1 0.5841 0.5192 0.0162 0.0382
1 0.613 0.5144 0.0199 0.0397
1 0.6322 0.4928 0.014 0.036
1 0.601 0.4904 0.014 0.036
1 0.5962 0.5096 0.014 0.039
1 0.5601 0.5 0.0176 0.0353
1 0.5264 0.5 0.0125 0.0404
1 0.6755 0.4375 0.0074 0.036
1 0.6466 0.399 0.0118 0.0331
1 0.637 0.3966 0.0096 0.0265
1 0.601 0.4183 0.0096 0.0316
1 0.5986 0.4087 0.0103 0.0294
1 0.5529 0.4447 0.0088 0.0316
0 0.5481 0.3942 0.0787 0.0426
4 0.5024 0.3678 0.0647 0.0309
4 0.4784 0.3582 0.0588 0.0287
3 0.4712 0.3822 0.0176 0.0162
2 0.4712 0.375 0.0081 0.0184
1 0.3966 0.3678 0.0088 0.0279
4 0.4495 0.3486 0.0691 0.0309
4 0.4207 0.3413 0.0654 0.0294
4 0.399 0.3317 0.0559 0.025
4 0.7163 0.363 0.0463 0.0368
5 0.9399 0.4231 0.0493 0.0529
4 0.8798 0.4183 0.0419 0.0419
5 0.8221 0.3894 0.0493 0.0537
4 0.9712 0.3774 0.061 0.0294
4 0.9375 0.363 0.0757 0.0309
4 0.8942 0.3534 0.0654 0.0279
4 0.8606 0.3413 0.0588 0.0294
4 0.8341 0.3365 0.0551 0.0235
4 0.8101 0.3269 0.061 0.0235
1 0.7788 0.3389 0.0074 0.0221
1 0.7692 0.3365 0.011 0.0221
1 0.762 0.3293 0.0118 0.0169
1 0.7764 0.3221 0.0044 0.0184
4 0.774 0.3197 0.0544 0.0213
4 0.738 0.3125 0.0463 0.0235
4 0.6875 0.3005 0.0397 0.0206
2 0.6611 0.3053 0.0081 0.0184
10 0.6587 0.3077 0.0081 0.0132
1 0.6587 0.3005 0.0074 0.0199
1 0.6538 0.3005 0.0059 0.0191
4 0.6683 0.3486 0.0478 0.0338
4 0.6346 0.3438 0.0419 0.0265
4 0.6058 0.3341 0.0471 0.0309
4 0.5673 0.3293 0.0412 0.0257
5 0.613 0.3125 0.0404 0.0324
4 0.5841 0.3101 0.0397 0.0221
4 0.5409 0.3197 0.0463 0.0309
4 0.5529 0.3053 0.0441 0.0257
4 0.5024 0.3197 0.0449 0.0257
4 0.5192 0.3029 0.0507 0.0221
4 0.5 0.2981 0.0478 0.0221
4 0.6106 0.2861 0.0449 0.0191
1 0.5841 0.2885 0.0066 0.0184
1 0.5745 0.2837 0.0051 0.0147
1 0.5673 0.2861 0.0044 0.0147
1 0.5697 0.2812 0.0066 0.0184
1 0.5817 0.2764 0.0044 0.0132
4 0.5938 0.274 0.0184 0.0184
4 0.5649 0.274 0.0265 0.0176
4 0.5264 0.274 0.0287 0.0176
4 0.5048 0.2788 0.0331 0.0169
4 0.4663 0.2788 0.0346 0.0169
4 0.4375 0.2788 0.036 0.0213
4 0.4375 0.3005 0.0515 0.0199
1 0.4663 0.3125 0.0066 0.0206
1 0.4615 0.3053 0.0066 0.0184
1 0.4591 0.3173 0.0066 0.0221
1 0.4543 0.3197 0.0074 0.0199
1 0.4471 0.3173 0.0066 0.0228
1 0.3462 0.3582 0.0081 0.0279
1 0.3173 0.351 0.0096 0.0257
1 0.3101 0.3558 0.0051 0.0176
4 0.399 0.2812 0.0346 0.0176
4 0.3726 0.2861 0.0338 0.0169
4 0.3462 0.2885 0.0419 0.0199
6 0.3486 0.3077 0.0471 0.0265
1 0.3582 0.3101 0.0059 0.0191
1 0.2716 0.3462 0.0081 0.0235
1 0.2933 0.3341 0.0059 0.0265
2 0.2764 0.3341 0.0096 0.0184
1 0.262 0.3341 0.0103 0.0257
1 0.2476 0.3365 0.0103 0.025
2 0.238 0.3317 0.0081 0.0169
2 0.2284 0.3293 0.0074 0.0176
2 0.2236 0.3269 0.0074 0.0154
1 0.1899 0.3269 0.0074 0.0221
1 0.2236 0.3101 0.0081 0.0228
1 0.238 0.3101 0.0066 0.0206
1 0.2524 0.3029 0.0066 0.0199
5 0.2837 0.3101 0.0316 0.0265
1 0.2909 0.3173 0.0059 0.0191
7 0.2043 0.3053 0.0279 0.0176
4 0.6442 0.2548 0.0382 0.0169
1 0.6082 0.2452 0.0037 0.0162
4 0.5096 0.2356 0.025 0.0132
4 0.5913 0.2284 0.025 0.0118
1 0.0144 0.2596 0.0066 0.0169
1 0.0096 0.2596 0.0066 0.0147
1 0.0505 0.2572 0.0074 0.0154
1 0.0577 0.2548 0.0066 0.0162
1 0.0625 0.2572 0.0074 0.0176
3 0.1082 0.2572 0.011 0.0118
3 0.125 0.2572 0.014 0.0118
10 0.1466 0.2548 0.0096 0.0125
1 0.1562 0.2524 0.0044 0.0162
1 0.1611 0.2524 0.0059 0.0147
1 0.1659 0.2524 0.0051 0.0176
2 0.2236 0.2404 0.0059 0.0088
1 0.2308 0.2404 0.0051 0.0125
2 0.2404 0.2428 0.0066 0.0096
10 0.3077 0.2452 0.014 0.011
0 0.4327 0.2356 0.1029 0.0316
4 0.7837 0.3822 0.0397 0.0382
