1 0.9423 0.7212 0.0375 0.0706
1 0.3726 0.2812 0.0096 0.0257
2 0.5793 0.2692 0.011 0.0213
2 0.5649 0.262 0.0118 0.0176
2 0.5409 0.2596 0.0103 0.0169
2 0.524 0.3798 0.011 0.0184
2 0.5192 0.375 0.0176 0.0287
2 0.3486 0.5457 0.0257 0.0434
2 0.1707 0.3486 0.0125 0.0235
2 0.1683 0.3462 0.014 0.0257
2 0.9567 0.7596 0.0463 0.0434
2 0.0938 0.2668 0.0103 0.0206
4 0.4087 0.3846 0.0669 0.0441
4 0.2019 0.2957 0.0419 0.0331
4 0.0553 0.3413 0.0941 0.0426
4 0.7981 0.4639 0.0574 0.0662
4 0.5529 0.4543 0.0904 0.0618
4 0.4087 0.2764 0.0647 0.0287
4 0.3798 0.2548 0.0471 0.025
5 0.4663 0.2668 0.0338 0.0382
5 0.4231 0.2428 0.0265 0.0257
5 0.3534 0.2428 0.0603 0.0272
10 0.5913 0.2812 0.0235 0.0184
10 0.5769 0.2692 0.0169 0.0169
10 0.524 0.2596 0.025 0.0154
10 0.488 0.2452 0.0191 0.014
7 0.4784 0.2476 0.0228 0.0162
3 0.5385 0.2668 0.0162 0.014
3 0.5649 0.2716 0.0081 0.0162
3 0.5433 0.2596 0.0213 0.0125
10 0.5168 0.3822 0.0184 0.0257
10 0.3438 0.5529 0.0338 0.0478
10 0.1707 0.351 0.0162 0.0243
8 0.2428 0.3389 0.0426 0.0441
7 0.1827 0.2524 0.0272 0.0243
2 0.1779 0.2476 0.0125 0.0199
