4 0.2716 0.7115 0.1051 0.0618
4 0.125 0.6899 0.1287 0.0588
4 0.4062 0.6394 0.0478 0.0721
4 0.4207 0.5361 0.0353 0.0456
4 0.3365 0.5312 0.0404 0.0507
4 0.4135 0.4591 0.0287 0.0449
4 0.4808 0.4952 0.0309 0.0397
4 0.4279 0.4062 0.0243 0.0346
4 0.4327 0.3606 0.0235 0.0272
4 0.4399 0.3438 0.0235 0.0272
4 0.4808 0.3462 0.0235 0.0279
4 0.1106 0.7668 0.0676 0.0324
5 0.0385 0.6106 0.0449 0.0618
5 0.1755 0.6298 0.0971 0.0456
4 0.1899 0.5986 0.0934 0.0316
4 0.1971 0.5697 0.1022 0.0309
4 0.2572 0.5096 0.0831 0.0346
4 0.2861 0.4832 0.0868 0.0309
4 0.2861 0.4663 0.0699 0.0279
4 0.3101 0.4519 0.0699 0.0279
4 0.3341 0.4423 0.0699 0.0279
4 0.3149 0.4255 0.0699 0.0279
4 0.3317 0.4183 0.0699 0.0279
4 0.274 0.4183 0.0699 0.0279
4 0.3149 0.4255 0.0699 0.0279
4 0.3582 0.3894 0.0507 0.0265
4 0.3389 0.3774 0.0691 0.0279
5 0.3269 0.3942 0.0625 0.0272
4 0.3462 0.3726 0.0662 0.0235
4 0.3534 0.3582 0.0691 0.0279
4 0.3486 0.3606 0.0537 0.025
4 0.238 0.375 0.0272 0.0235
2 0.1106 0.5817 0.014 0.0228
2 0.1058 0.5769 0.014 0.0221
10 0.1106 0.5769 0.0228 0.0346
10 0.5673 0.613 0.0213 0.0324
1 0.5793 0.726 0.0147 0.0331
1 0.5841 0.7188 0.0147 0.0338
1 0.5745 0.7163 0.0147 0.0331
5 0.5361 0.4399 0.0353 0.0485
4 0.5673 0.4207 0.0566 0.0309
4 0.5312 0.3966 0.025 0.0257
4 0.5721 0.3894 0.0478 0.0235
4 0.5625 0.3726 0.0463 0.0235
2 0.7428 0.7308 0.0243 0.0346
1 0.7236 0.7692 0.0221 0.0228
0 0.625 0.4928 0.0449 0.0412
2 0.399 0.3726 0.0096 0.0169
10 0.3966 0.3774 0.0074 0.0118
1 0.512 0.3534 0.0096 0.0184
1 0.5096 0.3269 0.0103 0.0162
7 0.5457 0.3365 0.0154 0.0206
4 0.4471 0.3101 0.0169 0.0162
4 0.476 0.2861 0.0162 0.0147
4 0.4688 0.2644 0.011 0.0132
5 0.4471 0.2668 0.0147 0.0199
6 0.4351 0.2861 0.0199 0.0257
6 0.3966 0.3101 0.0257 0.0346
0 0.3149 0.2452 0.2463 0.05
6 0.4038 0.2837 0.0243 0.0191
6 0.5192 0.2716 0.0338 0.0287
6 0.5096 0.262 0.0338 0.0287
6 0.4976 0.2572 0.0338 0.0287
3 0.6611 0.5625 0.0316 0.0228
0 0.8365 0.25 0.2162 0.0434
6 0.3846 0.7308 0.086 0.1015
