4 0.101 0.7139 0.1037 0.0926
4 0.5168 0.6659 0.0544 0.0868
4 0.5024 0.7572 0.0618 0.0485
4 0.8293 0.5697 0.0772 0.0735
4 0.3894 0.2788 0.0162 0.0132
9 0.2861 0.4111 0.075 0.089
9 0.3726 0.363 0.05 0.0662
4 0.7188 0.3486 0.0574 0.0199
4 0.7115 0.3317 0.0551 0.0206
4 0.6971 0.3149 0.0529 0.0235
10 0.8077 0.4062 0.0375 0.0206
1 0.7596 0.399 0.0103 0.0257
1 0.7692 0.3966 0.0088 0.0184
6 0.3798 0.4495 0.1118 0.0537
4 0.0409 0.3486 0.0654 0.0184
4 0.0529 0.3365 0.061 0.0169
4 0.1514 0.2909 0.0478 0.0162
4 0.1562 0.2812 0.0493 0.0154
0 0.2716 0.2332 0.0574 0.0272
0 0.2188 0.2476 0.0463 0.0279
