0 0.2885 0.3125 0.038 0.0156
4 0.7091 0.7476 0.0724 0.0615
4 0.5361 0.762 0.0578 0.0406
4 0.5601 0.7139 0.0531 0.0536
4 0.5962 0.6827 0.0547 0.0453
4 0.4808 0.6587 0.0427 0.0469
4 0.0745 0.6995 0.0766 0.0521
4 0.2981 0.6322 0.0323 0.0458
2 0.9591 0.7428 0.0156 0.0354
3 0.9543 0.7476 0.0385 0.026
2 0.8822 0.6611 0.013 0.0255
10 0.8774 0.6562 0.0214 0.0198
1 0.8389 0.6635 0.0099 0.0271
1 0.8389 0.6514 0.0094 0.026
2 0.8197 0.7043 0.0089 0.026
2 0.8053 0.6995 0.0094 0.0297
10 0.8053 0.7019 0.0167 0.0188
10 0.8173 0.7115 0.0151 0.0198
3 0.7692 0.6418 0.0245 0.0161
1 0.7716 0.625 0.0089 0.0245
2 0.7861 0.6178 0.0104 0.0219
10 0.7861 0.6274 0.0172 0.0182
3 0.7885 0.6058 0.0224 0.0146
3 0.8125 0.6178 0.0161 0.0203
3 0.6875 0.5865 0.0188 0.0146
2 0.6346 0.5721 0.0073 0.0146
3 0.6322 0.5817 0.0125 0.0125
1 0.5986 0.5865 0.0073 0.024
1 0.5938 0.5817 0.0089 0.0245
2 0.1394 0.649 0.012 0.0177
2 0.1418 0.6466 0.012 0.0177
10 0.1394 0.6587 0.0099 0.0203
2 0.0986 0.5986 0.0104 0.0182
3 0.0986 0.6082 0.0083 0.0193
2 0.1274 0.5962 0.0094 0.0141
2 0.1298 0.5962 0.0099 0.0167
10 0.1298 0.6058 0.0104 0.0161
1 0.0385 0.5288 0.0062 0.0182
1 0.0337 0.5264 0.0068 0.0182
1 0.1298 0.4952 0.0062 0.0167
1 0.137 0.4952 0.0078 0.0188
6 0.1466 0.4712 0.0281 0.0359
4 0.1995 0.5625 0.0542 0.0281
2 0.1298 0.5553 0.0109 0.0219
10 0.1298 0.5601 0.0255 0.0125
1 0.1923 0.5264 0.0068 0.0172
3 0.1899 0.5337 0.0078 0.0115
4 0.2885 0.5216 0.0229 0.0229
5 0.4856 0.5986 0.037 0.0354
4 0.524 0.5938 0.0411 0.0359
4 0.4327 0.5673 0.0312 0.0286
4 0.4784 0.5409 0.0328 0.0271
9 0.5072 0.5288 0.063 0.0677
4 0.4327 0.5192 0.0297 0.0255
4 0.4014 0.5216 0.0255 0.0203
4 0.4447 0.5 0.0214 0.0193
9 0.4447 0.4663 0.0396 0.0422
4 0.3389 0.4856 0.0182 0.0203
4 0.3029 0.4471 0.0167 0.0151
4 0.3822 0.4904 0.0214 0.0167
4 0.4014 0.4688 0.0193 0.0161
4 0.3774 0.4712 0.0177 0.0161
4 0.3582 0.4519 0.0167 0.0141
4 0.3918 0.4471 0.0172 0.0146
4 0.3702 0.4375 0.0156 0.0115
4 0.3654 0.4255 0.0135 0.0115
9 0.4062 0.4279 0.0292 0.0339
4 0.3702 0.4159 0.013 0.0115
4 0.3534 0.4111 0.0094 0.0104
4 0.3654 0.4062 0.0109 0.0104
4 0.3582 0.399 0.0099 0.0083
4 0.351 0.3942 0.0099 0.0094
4 0.3365 0.3942 0.0089 0.0083
4 0.3269 0.3966 0.0109 0.0089
4 0.2837 0.4014 0.0099 0.0104
4 0.3005 0.3918 0.0104 0.0099
4 0.3221 0.387 0.0099 0.0094
9 0.3534 0.3774 0.013 0.0172
4 0.3317 0.3702 0.0078 0.0062
4 0.3125 0.375 0.0083 0.0062
4 0.3149 0.3678 0.0083 0.0062
4 0.3245 0.363 0.0073 0.0052
4 0.3341 0.3606 0.0078 0.0062
4 0.3293 0.3558 0.0062 0.0052
4 0.3197 0.3582 0.0062 0.0052
4 0.3125 0.3606 0.0068 0.0057
4 0.3101 0.3558 0.0062 0.0047
4 0.3077 0.3534 0.0068 0.0042
4 0.2885 0.3462 0.0057 0.0057
4 0.3245 0.3534 0.0062 0.0052
4 0.3221 0.3462 0.0057 0.0042
4 0.3149 0.351 0.0057 0.0052
4 0.3149 0.3486 0.0062 0.0047
4 0.3125 0.3486 0.0047 0.0042
4 0.3101 0.3462 0.0042 0.0057
4 0.3197 0.3438 0.0057 0.0052
6 0.3173 0.3413 0.0052 0.0052
4 0.3101 0.3413 0.0052 0.0036
4 0.2957 0.3462 0.0052 0.0042
4 0.2957 0.3413 0.0062 0.0036
4 0.2933 0.3413 0.0047 0.0036
4 0.3053 0.3486 0.0047 0.0042
4 0.3029 0.3462 0.0047 0.0047
4 0.3005 0.3413 0.0052 0.0042
4 0.3029 0.3389 0.0042 0.0047
4 0.3077 0.3389 0.0042 0.0042
4 0.3053 0.3365 0.0042 0.0036
4 0.3053 0.3341 0.0036 0.0031
4 0.2981 0.3365 0.0036 0.0042
4 0.2933 0.3365 0.0052 0.0042
4 0.2933 0.3341 0.0042 0.0042
5 0.2933 0.3317 0.0047 0.0047
4 0.3125 0.3341 0.0094 0.0094
4 0.3005 0.3341 0.0047 0.0047
4 0.2981 0.3317 0.0036 0.0036
9 0.2933 0.3269 0.0062 0.0068
9 0.2885 0.3221 0.0047 0.0057
0 0.3029 0.3245 0.0115 0.0073
