0 0.5721 0.3438 0.0604 0.0161
0 0.0986 0.4615 0.0297 0.0167
0 0.5 0.3654 0.0193 0.0078
0 0.7428 0.3293 0.0547 0.0109
4 0.7163 0.4399 0.0406 0.0172
6 0.9784 0.4952 0.0396 0.0427
9 0.7668 0.3798 0.0667 0.0245
1 0.7308 0.4327 0.0042 0.0135
1 0.7115 0.4327 0.0036 0.0161
1 0.7067 0.4327 0.0057 0.0146
7 0.6899 0.4399 0.026 0.0125
6 0.6779 0.4279 0.0557 0.0245
6 0.6731 0.4207 0.0615 0.0271
4 0.524 0.3558 0.0094 0.0062
4 0.488 0.3558 0.0094 0.0057
4 0.4976 0.3558 0.0104 0.0057
6 0.5144 0.3606 0.0161 0.0146
4 0.5312 0.3894 0.0281 0.0099
4 0.512 0.387 0.0297 0.0099
4 0.4135 0.4135 0.0146 0.013
4 0.4615 0.4615 0.0182 0.0172
1 0.5577 0.4327 0.0057 0.0156
1 0.5481 0.4255 0.0036 0.0167
1 0.5337 0.4255 0.0042 0.0151
1 0.5024 0.4159 0.0047 0.0141
6 0.4591 0.4062 0.0323 0.0396
4 0.4784 0.3558 0.0094 0.0073
10 0.3365 0.4231 0.013 0.0078
1 0.3293 0.4159 0.0052 0.0104
10 0.3245 0.4327 0.0057 0.0104
10 0.3197 0.4543 0.0047 0.012
4 0.3245 0.4832 0.0245 0.0229
1 0.2957 0.4952 0.0089 0.0214
1 0.2812 0.4952 0.0062 0.0193
1 0.2885 0.5072 0.0073 0.0234
4 0.3245 0.5048 0.0286 0.0219
6 0.3197 0.5312 0.0422 0.0427
6 0.2933 0.5697 0.0448 0.0839
6 0.2668 0.637 0.0755 0.1156
4 0.0529 0.488 0.0323 0.0266
6 0.0793 0.4856 0.0427 0.038
0 0.4591 0.4375 0.0078 0.0135
6 0.0288 0.5433 0.0531 0.0516
