0 0.4399 0.2885 0.0661 0.0365
6 0.1731 0.3341 0.0323 0.0141
5 0.9111 0.4663 0.05 0.0328
11 0.9423 0.4423 0.1005 0.0552
5 0.9663 0.6442 0.0693 0.0599
5 0.9543 0.5986 0.0927 0.0563
4 0.7837 0.399 0.0432 0.0182
4 0.8101 0.3918 0.0391 0.0141
4 0.7933 0.387 0.0411 0.0141
6 0.7284 0.3702 0.0365 0.0193
2 0.7332 0.4014 0.0083 0.0125
6 0.6683 0.3558 0.038 0.0182
6 0.6058 0.5024 0.0552 0.0568
2 0.5697 0.5288 0.0156 0.0281
10 0.5721 0.5361 0.0141 0.0214
5 0.5817 0.4736 0.0349 0.0365
6 0.5673 0.4447 0.0448 0.0516
2 0.5264 0.4495 0.0099 0.0208
3 0.5264 0.4567 0.0078 0.0156
1 0.4351 0.4159 0.0068 0.0167
6 0.524 0.3966 0.025 0.0224
4 0.5144 0.3894 0.0167 0.0167
1 0.4952 0.3798 0.0052 0.0135
1 0.4976 0.3774 0.0068 0.0135
6 0.5 0.363 0.0198 0.0193
6 0.4976 0.3582 0.0172 0.0188
5 0.4519 0.3413 0.0099 0.0125
6 0.4784 0.3341 0.013 0.0182
9 0.4663 0.3149 0.0104 0.013
4 0.4447 0.3149 0.0068 0.0062
4 0.4519 0.3125 0.0062 0.0057
4 0.4351 0.3173 0.0073 0.0083
