10 0.5649 0.7596 0.0235 0.0441
2 0.5625 0.7404 0.0294 0.0551
4 0.3389 0.7428 0.0941 0.0809
4 0.375 0.6514 0.1037 0.1074
4 0.1947 0.7067 0.1228 0.0934
3 0.2067 0.6418 0.0551 0.0375
7 0.3918 0.5817 0.0676 0.0471
4 0.4303 0.5216 0.0993 0.0728
4 0.4255 0.4808 0.0529 0.0493
4 0.4351 0.4399 0.0625 0.0368
4 0.4375 0.4207 0.0603 0.0346
4 0.4519 0.4038 0.0581 0.0294
4 0.4351 0.3798 0.0265 0.0265
4 0.4399 0.363 0.025 0.0235
1 0.351 0.5481 0.0176 0.0456
10 0.2115 0.5793 0.0441 0.0257
10 0.3269 0.5337 0.0368 0.0272
1 0.3173 0.5553 0.0125 0.0324
1 0.3293 0.5553 0.0125 0.0199
1 0.3221 0.5529 0.0125 0.0272
10 0.3365 0.4303 0.0449 0.0221
4 0.4255 0.3245 0.025 0.0213
4 0.4591 0.3245 0.0213 0.0176
4 0.5024 0.3029 0.0316 0.014
4 0.4159 0.3053 0.0412 0.0154
1 0.4399 0.3053 0.0059 0.0154
4 0.4567 0.3077 0.0221 0.0169
1 0.4447 0.3077 0.0044 0.0147
4 0.4663 0.2957 0.0375 0.0154
4 0.8606 0.6659 0.0809 0.0934
4 0.8005 0.5769 0.0713 0.0647
4 0.7308 0.512 0.0853 0.0574
4 0.7115 0.4615 0.0691 0.0515
4 0.6875 0.4279 0.0412 0.0294
4 0.6923 0.3798 0.0353 0.0243
10 0.75 0.4062 0.0176 0.0191
10 0.8053 0.4639 0.0301 0.0206
10 0.8197 0.476 0.0324 0.0235
1 0.7981 0.4904 0.014 0.0316
10 0.9375 0.5745 0.0603 0.0338
3 0.6635 0.3365 0.0176 0.0118
10 0.6562 0.3317 0.011 0.0125
10 0.5913 0.3726 0.011 0.0206
2 0.5913 0.3678 0.0096 0.0169
4 0.6058 0.3317 0.0206 0.0184
4 0.6298 0.3149 0.0184 0.0162
5 0.601 0.3029 0.0397 0.0176
1 0.5865 0.3149 0.0081 0.0154
3 0.5817 0.3317 0.0066 0.014
2 0.5817 0.3269 0.0066 0.0118
1 0.5697 0.274 0.0037 0.0096
1 0.5745 0.262 0.0037 0.0096
4 0.5529 0.2692 0.0118 0.011
4 0.5192 0.2644 0.0103 0.0081
4 0.524 0.2572 0.014 0.0081
4 0.5409 0.2548 0.0088 0.0059
4 0.5409 0.2548 0.0081 0.0066
4 0.4495 0.2909 0.0338 0.011
5 0.4688 0.2885 0.025 0.0132
5 0.4856 0.2812 0.0125 0.0132
4 0.4688 0.2837 0.0272 0.0103
5 0.4688 0.2764 0.025 0.011
4 0.5 0.2404 0.0081 0.0051
9 0.4712 0.2692 0.0397 0.0221
0 0.4784 0.2428 0.0279 0.0331
0 0.5192 0.238 0.0301 0.0287
0 0.5553 0.25 0.0221 0.0191
0 0.5409 0.2452 0.0074 0.0118
0 0.5 0.2308 0.0081 0.0125
