0 0.9399 0.3798 0.1228 0.0625
5 0.0361 0.7644 0.0713 0.0368
4 0.0288 0.5986 0.0544 0.0331
11 0.0841 0.6082 0.0721 0.0338
4 0.1418 0.5962 0.0721 0.0324
4 0.1995 0.5649 0.0294 0.0338
4 0.274 0.5457 0.0346 0.039
4 0.2644 0.613 0.0419 0.0375
7 0.2212 0.6058 0.0338 0.0301
2 0.2163 0.6034 0.0147 0.0228
4 0.363 0.5096 0.036 0.0235
5 0.5673 0.4808 0.0368 0.0184
4 0.4976 0.476 0.039 0.0154
5 0.4519 0.4663 0.0346 0.0169
4 0.6202 0.4736 0.039 0.0147
4 0.3726 0.4591 0.0243 0.0154
1 0.012 0.5288 0.0118 0.0206
1 0.0312 0.5264 0.0081 0.0199
1 0.0505 0.5216 0.0088 0.0213
4 0.0216 0.524 0.0426 0.0243
1 0.0337 0.512 0.0074 0.0169
4 0.1082 0.5096 0.0507 0.0235
4 0.2476 0.488 0.0243 0.0199
4 0.2212 0.4784 0.0287 0.0176
5 0.2692 0.4688 0.0169 0.0213
4 0.2812 0.4471 0.0162 0.0132
4 0.3245 0.4351 0.0162 0.0118
1 0.238 0.4591 0.0051 0.0147
1 0.2308 0.4615 0.0059 0.0147
1 0.2236 0.4615 0.0059 0.0147
3 0.1707 0.5048 0.0074 0.014
1 0.1659 0.5024 0.0096 0.0184
11 0.1058 0.488 0.0647 0.0382
11 0.1803 0.4688 0.0397 0.036
4 0.1466 0.4663 0.0243 0.0184
4 0.1058 0.4736 0.0331 0.0184
11 0.2067 0.4543 0.0272 0.0316
11 0.1851 0.4423 0.0213 0.0294
11 0.2212 0.4375 0.0257 0.0301
4 0.0625 0.4471 0.039 0.0125
4 0.0673 0.4423 0.0382 0.0125
10 0.113 0.4303 0.0125 0.0096
4 0.2091 0.4255 0.0132 0.0125
2 0.2019 0.4231 0.0044 0.0051
1 0.1635 0.4207 0.0044 0.0103
1 0.1587 0.4207 0.0044 0.0096
1 0.1683 0.4207 0.0044 0.0103
4 0.1635 0.4183 0.0213 0.0132
4 0.1274 0.4207 0.0265 0.0118
4 0.1971 0.4135 0.0162 0.011
6 0.1707 0.4014 0.0669 0.0221
4 0.1659 0.4135 0.0184 0.0147
4 0.2115 0.4038 0.0221 0.0096
5 0.2428 0.4231 0.025 0.0118
4 0.2452 0.4183 0.0235 0.011
4 0.2236 0.4183 0.0154 0.0103
4 0.2981 0.4183 0.0147 0.0147
4 0.3317 0.4255 0.0118 0.0103
4 0.3293 0.4135 0.0118 0.0103
9 0.6971 0.4856 0.0816 0.039
7 0.7981 0.4495 0.0096 0.011
2 0.8005 0.4447 0.0044 0.0103
2 0.7957 0.4471 0.0059 0.0103
9 0.8269 0.4303 0.0184 0.0199
10 0.8053 0.4351 0.0066 0.0081
2 0.8053 0.4327 0.0044 0.0088
2 0.8029 0.4327 0.0037 0.0074
4 0.8125 0.4231 0.011 0.0118
6 0.8029 0.4135 0.0147 0.0147
6 0.8029 0.4014 0.0132 0.0162
4 0.8149 0.4014 0.0096 0.0081
1 0.8438 0.4255 0.0037 0.0096
8 0.8221 0.4183 0.0059 0.0074
5 0.9255 0.4495 0.0309 0.0132
4 0.8846 0.4183 0.011 0.0081
5 0.863 0.4207 0.0169 0.0103
5 0.3966 0.4231 0.0125 0.0154
1 0.3678 0.4399 0.0044 0.0132
1 0.375 0.4423 0.0044 0.0118
10 0.3798 0.4543 0.0096 0.0088
2 0.3822 0.4519 0.0044 0.0103
1 0.3606 0.4207 0.0029 0.0103
8 0.3654 0.4207 0.0081 0.0118
4 0.4062 0.3966 0.0103 0.0066
4 0.3534 0.4014 0.0103 0.0081
7 0.3582 0.4111 0.014 0.0066
4 0.3486 0.3846 0.0088 0.0074
4 0.2909 0.399 0.0096 0.0088
10 0.2861 0.4014 0.0044 0.0066
6 0.3077 0.3846 0.0162 0.0206
6 0.3173 0.3726 0.0147 0.0147
6 0.3221 0.3654 0.011 0.0132
3 0.3486 0.3942 0.0044 0.0051
2 0.3486 0.3918 0.0029 0.0059
4 0.4062 0.3846 0.0066 0.0051
6 0.3462 0.3702 0.0059 0.0059
4 0.3462 0.3582 0.0044 0.0037
4 0.3486 0.3558 0.0044 0.0037
1 0.3413 0.3726 0.0029 0.0066
