2 0.1827 0.4736 0.0272 0.0265
1 0.4351 0.4375 0.0191 0.0221
1 0.3101 0.3654 0.0221 0.0257
1 0.3774 0.4255 0.0191 0.0206
1 0.3053 0.4615 0.0287 0.025
1 0.2861 0.5 0.0235 0.0265
1 0.2524 0.5385 0.0265 0.0301
1 0.2428 0.5745 0.0272 0.0257
1 0.2596 0.4207 0.0191 0.0243
2 0.1779 0.4447 0.0206 0.0184
2 0.8894 0.2524 0.0228 0.0265
1 0.8053 0.4423 0.0243 0.0301
1 0.8149 0.4736 0.0221 0.0221
1 0.8317 0.5048 0.0294 0.0235
1 0.8678 0.512 0.0279 0.0235
1 0.8438 0.5144 0.0316 0.0206
2 0.8462 0.4303 0.0272 0.0287
1 0.8606 0.4471 0.0272 0.0279
1 0.8798 0.4591 0.0331 0.0213
1 0.9183 0.5 0.0309 0.0265
1 0.9639 0.4663 0.0287 0.0228
10 0.9279 0.2812 0.0434 0.0235
10 0.1322 0.7067 0.0456 0.0199
10 0.5986 0.238 0.0301 0.0346
1 0.3173 0.2476 0.0199 0.0316
1 0.2837 0.238 0.025 0.0272
1 0.2019 0.2284 0.0191 0.0191
2 0.3341 0.2308 0.0235 0.0206
2 0.4543 0.726 0.0235 0.0243
