4 0.2091 0.7019 0.0529 0.0662
4 0.238 0.6346 0.0463 0.0596
5 0.2212 0.3774 0.0331 0.0228
4 0.6154 0.6731 0.0463 0.0603
4 0.5385 0.6394 0.0309 0.0485
4 0.601 0.5673 0.0301 0.0419
4 0.5337 0.4904 0.0243 0.0294
4 0.524 0.351 0.0176 0.0199
4 0.4399 0.4183 0.0228 0.0265
4 0.4615 0.3726 0.0176 0.025
4 0.5913 0.7548 0.0368 0.0537
4 0.3726 0.7596 0.0478 0.0478
6 0.3942 0.625 0.0493 0.1
1 0.4255 0.649 0.011 0.025
4 0.7692 0.7692 0.0426 0.0257
4 0.8197 0.7692 0.0449 0.0265
4 0.7524 0.7163 0.0463 0.0691
4 0.7861 0.6995 0.05 0.0713
4 0.7284 0.637 0.05 0.0713
4 0.7476 0.5913 0.0419 0.0471
4 0.7885 0.5938 0.0397 0.0478
7 0.8341 0.6466 0.0338 0.0426
3 0.8582 0.6418 0.0265 0.0169
3 0.863 0.6466 0.0243 0.0176
10 0.8606 0.6611 0.0147 0.0228
4 0.7788 0.5481 0.0625 0.0449
4 0.7284 0.5361 0.0316 0.0404
4 0.7644 0.5144 0.0412 0.0397
1 0.7957 0.5216 0.0088 0.0221
1 0.8077 0.5168 0.0096 0.0213
4 0.7188 0.4471 0.0324 0.0346
3 0.7524 0.4543 0.0118 0.0147
6 0.5913 0.5144 0.0375 0.0632
6 0.5769 0.399 0.0279 0.05
6 0.5673 0.3413 0.0228 0.036
6 0.5625 0.3077 0.0221 0.0316
4 0.5409 0.274 0.0169 0.0147
5 0.5553 0.2644 0.014 0.0228
4 0.5601 0.2957 0.0132 0.0132
6 0.5505 0.2308 0.0132 0.0154
4 0.4976 0.2308 0.0125 0.0125
4 0.4639 0.3221 0.0162 0.0191
4 0.476 0.2861 0.0125 0.0169
2 0.4736 0.4135 0.0088 0.0132
10 0.4736 0.4183 0.0081 0.0147
4 0.3678 0.3678 0.0301 0.0213
5 0.375 0.3389 0.0213 0.0213
4 0.3942 0.3173 0.0235 0.0235
4 0.4615 0.25 0.0118 0.0132
4 0.4567 0.238 0.0118 0.0118
1 0.4471 0.2524 0.0051 0.0103
4 0.3654 0.2308 0.0235 0.0125
4 0.375 0.226 0.0199 0.0096
4 0.4303 0.2524 0.0228 0.011
4 0.4279 0.25 0.0265 0.0103
4 0.4303 0.2452 0.0265 0.0103
4 0.4303 0.2428 0.025 0.0096
4 0.4303 0.2356 0.0257 0.0081
4 0.4327 0.2308 0.0228 0.0074
4 0.4279 0.2284 0.0279 0.0096
5 0.4327 0.2236 0.0279 0.0081
