0 0.4615 0.3149 0.0599 0.0182
0 0.3293 0.3702 0.0667 0.0182
4 0.7043 0.4399 0.0281 0.0141
0 0.7188 0.4471 0.0286 0.0109
4 0.6562 0.4375 0.0281 0.0135
1 0.6707 0.4423 0.0068 0.012
0 0.6562 0.4591 0.0484 0.0177
0 0.6562 0.4808 0.0312 0.026
2 0.6346 0.4832 0.0052 0.0099
3 0.6346 0.4904 0.0062 0.0083
2 0.6154 0.4808 0.0047 0.0141
3 0.6154 0.4856 0.0068 0.0104
1 0.0769 0.4688 0.0062 0.0141
4 0.0505 0.7404 0.0807 0.0802
1 0.0168 0.5 0.0104 0.0214
1 0.0144 0.4808 0.0073 0.0146
1 0.0216 0.4832 0.0062 0.0146
5 0.0529 0.4736 0.0365 0.0161
1 0.0673 0.4663 0.0057 0.0135
1 0.0601 0.4639 0.0047 0.0141
1 0.0505 0.4615 0.0062 0.0167
1 0.0433 0.4615 0.0062 0.0167
4 0.1154 0.6562 0.0552 0.0531
4 0.1587 0.5986 0.0453 0.0406
4 0.2788 0.6442 0.0396 0.0521
4 0.274 0.5601 0.0328 0.0328
4 0.3582 0.5457 0.026 0.0307
4 0.3341 0.5024 0.026 0.026
4 0.375 0.4639 0.0193 0.0193
1 0.2163 0.4014 0.0036 0.0115
1 0.2163 0.3942 0.0031 0.0089
0 0.1683 0.399 0.0786 0.0203
5 0.2404 0.488 0.0271 0.0292
1 0.2236 0.4736 0.0047 0.0146
1 0.2308 0.4736 0.0047 0.0141
1 0.238 0.4712 0.0052 0.0151
1 0.2548 0.4712 0.0062 0.0151
4 0.2668 0.4712 0.0198 0.0188
4 0.2981 0.4688 0.0198 0.0188
4 0.3438 0.4639 0.0193 0.0172
4 0.2837 0.4447 0.0219 0.0167
0 0.2692 0.3894 0.0344 0.0193
4 0.3029 0.4183 0.0182 0.013
4 0.3245 0.4231 0.0188 0.0161
4 0.3462 0.4351 0.0161 0.0146
4 0.3798 0.4303 0.0156 0.0161
4 0.387 0.4159 0.0141 0.012
4 0.3726 0.4111 0.012 0.0115
4 0.351 0.4135 0.013 0.012
2 0.25 0.4231 0.0062 0.0083
2 0.2572 0.4231 0.0052 0.0078
3 0.2572 0.4279 0.0042 0.0078
3 0.25 0.4279 0.0047 0.0089
1 0.2572 0.4183 0.0042 0.0115
1 0.25 0.4159 0.0042 0.0109
2 0.2692 0.4159 0.0047 0.0094
3 0.2692 0.4207 0.0042 0.0057
1 0.2668 0.4159 0.0036 0.0099
1 0.2644 0.4087 0.0031 0.0089
1 0.262 0.4087 0.0031 0.0099
1 0.2668 0.4087 0.0042 0.0109
1 0.2716 0.4062 0.0036 0.0099
2 0.274 0.4111 0.0042 0.0115
3 0.2716 0.4135 0.0031 0.0089
2 0.2764 0.4038 0.0036 0.0062
10 0.2764 0.4087 0.0047 0.0083
1 0.2981 0.4111 0.0031 0.0094
1 0.3029 0.4087 0.0047 0.012
4 0.1322 0.3798 0.0182 0.0099
4 0.1562 0.3822 0.0208 0.0104
4 0.1779 0.3846 0.0214 0.0099
4 0.2019 0.3846 0.0188 0.0068
4 0.2284 0.3846 0.0208 0.0083
4 0.2308 0.3894 0.0203 0.0089
4 0.1322 0.363 0.0089 0.0062
4 0.1442 0.3654 0.0172 0.0073
4 0.1587 0.3654 0.0146 0.0057
4 0.1635 0.3678 0.013 0.0052
4 0.1562 0.375 0.0182 0.0073
4 0.1755 0.3678 0.0161 0.0062
4 0.1923 0.3702 0.0151 0.0068
4 0.2067 0.3726 0.0172 0.0068
4 0.2308 0.375 0.0193 0.0083
4 0.2404 0.3798 0.0167 0.0078
1 0.2716 0.3702 0.0026 0.0073
1 0.2812 0.3678 0.0026 0.0057
4 0.3005 0.387 0.0167 0.0089
2 0.3029 0.3918 0.0036 0.0047
3 0.3029 0.3966 0.0042 0.0057
1 0.2981 0.3942 0.0047 0.0073
3 0.2981 0.3966 0.0026 0.0047
4 0.2957 0.4038 0.0156 0.0104
2 0.3173 0.4038 0.0031 0.0057
3 0.3173 0.4087 0.0021 0.0057
2 0.3125 0.399 0.0036 0.0068
3 0.3125 0.4014 0.0036 0.0062
8 0.3173 0.3942 0.0073 0.0104
4 0.3558 0.4014 0.012 0.0109
4 0.3462 0.3942 0.013 0.0104
4 0.3774 0.399 0.0115 0.0115
4 0.3942 0.4038 0.0135 0.012
4 0.3654 0.3918 0.0115 0.0104
4 0.399 0.3942 0.0109 0.0094
4 0.4038 0.387 0.0109 0.0089
4 0.3822 0.3918 0.0125 0.0104
4 0.4062 0.3798 0.0089 0.0089
4 0.3846 0.3846 0.0099 0.0078
4 0.3606 0.3846 0.0099 0.0083
4 0.3726 0.3822 0.0099 0.0078
4 0.3774 0.3774 0.0099 0.0068
4 0.3846 0.3726 0.0089 0.0078
4 0.4087 0.3726 0.0078 0.0073
5 0.3173 0.3558 0.0146 0.0078
4 0.3197 0.3582 0.0141 0.0057
4 0.3822 0.3341 0.0068 0.0057
4 0.3918 0.3486 0.0094 0.0062
4 0.3942 0.3486 0.0089 0.0047
5 0.3942 0.3462 0.012 0.0047
4 0.4014 0.3438 0.0089 0.0057
4 0.3846 0.3534 0.0094 0.0109
4 0.3894 0.3798 0.0109 0.0078
4 0.3822 0.363 0.0068 0.0068
9 0.3918 0.363 0.0156 0.0141
5 0.399 0.3702 0.0083 0.0089
2 0.4231 0.3798 0.0042 0.0062
3 0.4231 0.3822 0.0031 0.0062
2 0.4279 0.3798 0.0036 0.0073
3 0.4279 0.3822 0.0026 0.0052
4 0.4207 0.375 0.0089 0.0068
4 0.4255 0.3702 0.0089 0.0068
4 0.4279 0.3678 0.0078 0.0068
4 0.4279 0.3654 0.0068 0.0057
4 0.4327 0.363 0.0068 0.0068
4 0.4351 0.3606 0.0062 0.0073
4 0.4375 0.3582 0.0057 0.0057
5 0.4375 0.3558 0.0062 0.0057
4 0.4399 0.3534 0.0073 0.0057
4 0.4495 0.3462 0.0057 0.0062
4 0.4495 0.3413 0.0052 0.0052
4 0.4519 0.3413 0.0052 0.0047
4 0.4615 0.3293 0.0031 0.0042
5 0.4639 0.3269 0.0052 0.0042
4 0.4159 0.3678 0.0083 0.0062
4 0.4207 0.363 0.0073 0.0068
4 0.4231 0.3606 0.0073 0.0073
4 0.4279 0.3558 0.0073 0.0062
4 0.4303 0.3534 0.0062 0.0057
4 0.4327 0.3486 0.0062 0.0052
4 0.4351 0.3462 0.0062 0.0047
4 0.4399 0.3486 0.0068 0.0047
4 0.4399 0.3462 0.0052 0.0047
4 0.4399 0.3438 0.0047 0.0052
5 0.4423 0.3438 0.0047 0.0057
4 0.4423 0.3413 0.0042 0.0042
4 0.4447 0.3389 0.0036 0.0042
4 0.4471 0.3365 0.0042 0.0036
4 0.4495 0.3365 0.0042 0.0047
4 0.4495 0.3341 0.0042 0.0036
4 0.4519 0.3317 0.0047 0.0042
4 0.4543 0.3317 0.0042 0.0036
4 0.4567 0.3293 0.0042 0.0042
4 0.4591 0.3269 0.0042 0.0036
4 0.4495 0.3269 0.0036 0.0036
4 0.4495 0.3293 0.0042 0.0036
4 0.4471 0.3317 0.0057 0.0042
4 0.4447 0.3317 0.0047 0.0042
5 0.4447 0.3341 0.0042 0.0042
4 0.4423 0.3365 0.0047 0.0042
4 0.4351 0.3413 0.0052 0.0052
4 0.4327 0.3413 0.0036 0.0031
4 0.4327 0.3438 0.0057 0.0047
4 0.4279 0.3462 0.0057 0.0036
4 0.4255 0.3486 0.0057 0.0047
4 0.4231 0.351 0.0057 0.0042
4 0.4207 0.3534 0.0068 0.0047
4 0.4159 0.3582 0.0073 0.0052
5 0.4062 0.363 0.0083 0.0073
5 0.4014 0.3534 0.0073 0.0068
4 0.4087 0.3558 0.0073 0.0052
5 0.4111 0.351 0.0062 0.0062
8 0.4135 0.3486 0.0068 0.0062
4 0.4207 0.3438 0.0062 0.0057
4 0.4231 0.3438 0.0057 0.0057
9 0.4255 0.3389 0.0094 0.0094
9 0.4327 0.3341 0.0073 0.0083
4 0.4375 0.3341 0.0052 0.0062
4 0.4399 0.3317 0.0042 0.0047
4 0.4423 0.3293 0.0047 0.0036
4 0.6827 0.7716 0.0625 0.0219
5 0.5769 0.7188 0.0552 0.063
4 0.6707 0.6635 0.0552 0.0474
4 0.4423 0.7524 0.0464 0.0583
4 0.4327 0.6779 0.0396 0.051
4 0.5337 0.6226 0.0411 0.0411
4 0.5745 0.5986 0.0448 0.038
4 0.5913 0.5505 0.0328 0.0281
4 0.4832 0.6202 0.0411 0.0427
4 0.4351 0.625 0.0333 0.0375
4 0.4303 0.5841 0.0302 0.0302
4 0.4688 0.5745 0.0297 0.0302
4 0.5072 0.5577 0.0292 0.0276
4 0.4663 0.5457 0.0266 0.0245
4 0.4183 0.5457 0.0266 0.0245
5 0.5288 0.5192 0.0292 0.0286
4 0.5577 0.5096 0.0276 0.024
4 0.5433 0.4808 0.0208 0.0177
4 0.5072 0.4736 0.0193 0.0177
4 0.488 0.5096 0.0255 0.0219
4 0.476 0.476 0.0203 0.0188
4 0.4567 0.5192 0.0255 0.026
4 0.4183 0.5192 0.0234 0.0255
4 0.4183 0.5024 0.0203 0.0161
4 0.4159 0.4856 0.0198 0.0161
4 0.4495 0.4976 0.0182 0.0177
4 0.4471 0.4808 0.0182 0.0167
4 0.4447 0.4688 0.0177 0.0151
4 0.4447 0.4543 0.0141 0.0115
4 0.4183 0.4712 0.0167 0.0141
4 0.4159 0.4567 0.0167 0.0141
4 0.4159 0.4471 0.0167 0.0115
4 0.4423 0.4447 0.0177 0.013
4 0.4159 0.4375 0.0151 0.0125
4 0.4159 0.4303 0.0141 0.013
5 0.4399 0.4327 0.012 0.0125
1 0.4399 0.4207 0.0057 0.0104
4 0.4688 0.4471 0.0188 0.0177
4 0.4856 0.4351 0.0151 0.013
4 0.4591 0.4255 0.0141 0.012
4 0.4543 0.4135 0.0135 0.0094
4 0.4784 0.4159 0.0141 0.0125
9 0.512 0.4279 0.0307 0.037
4 0.476 0.4038 0.012 0.0099
9 0.4543 0.3966 0.0161 0.0229
4 0.4663 0.3942 0.0099 0.0094
4 0.4423 0.3822 0.0083 0.0083
4 0.4736 0.3894 0.0099 0.0078
4 0.4615 0.3846 0.0094 0.0094
4 0.4856 0.387 0.0115 0.0099
4 0.5 0.3798 0.0083 0.0078
4 0.4952 0.375 0.0089 0.0083
4 0.4808 0.3798 0.0089 0.0099
4 0.4519 0.3702 0.0073 0.0062
4 0.4471 0.3654 0.0073 0.0068
9 0.4736 0.3678 0.0135 0.0161
9 0.4639 0.3606 0.012 0.0167
4 0.4567 0.3534 0.0068 0.0068
4 0.4591 0.3486 0.0052 0.0047
4 0.4688 0.3486 0.0062 0.0052
4 0.4639 0.3413 0.0057 0.0052
4 0.4712 0.3317 0.0047 0.0036
4 0.4736 0.3269 0.0047 0.0036
4 0.4736 0.3389 0.0042 0.0042
4 0.4736 0.3365 0.0042 0.0036
4 0.476 0.3341 0.0047 0.0036
4 0.4784 0.3293 0.0042 0.0031
4 0.4784 0.3269 0.0031 0.0031
4 0.4856 0.3269 0.0036 0.0036
4 0.4856 0.3317 0.0036 0.0042
4 0.4832 0.3341 0.0042 0.0042
4 0.4808 0.3365 0.0042 0.0042
4 0.4832 0.3413 0.0047 0.0047
4 0.5601 0.3582 0.0078 0.0068
1 0.5553 0.3558 0.0021 0.0068
1 0.5505 0.3558 0.0026 0.0062
1 0.5457 0.3558 0.0026 0.0036
4 0.7356 0.4207 0.0255 0.0099
4 0.7284 0.4159 0.0271 0.0109
4 0.6947 0.4183 0.0312 0.0099
4 0.6803 0.4159 0.0266 0.0099
2 0.6202 0.4639 0.0062 0.0109
3 0.6202 0.4688 0.0031 0.0083
2 0.6154 0.4712 0.0052 0.0099
1 0.6082 0.4736 0.0052 0.0146
3 0.6082 0.4784 0.0042 0.0094
2 0.5986 0.4688 0.0052 0.0104
10 0.5986 0.476 0.0042 0.0083
2 0.5889 0.4639 0.0057 0.012
3 0.5889 0.4688 0.0052 0.0073
2 0.5769 0.4639 0.0068 0.0089
3 0.5769 0.4688 0.0073 0.0089
2 0.5625 0.4495 0.0047 0.0083
10 0.5625 0.4543 0.0073 0.0062
2 0.6034 0.4543 0.0047 0.0083
2 0.601 0.4519 0.0047 0.0078
10 0.6034 0.4567 0.0036 0.0062
4 0.5986 0.4471 0.0312 0.0167
2 0.5529 0.4447 0.0057 0.0068
10 0.5529 0.4519 0.0047 0.0078
1 0.6298 0.4351 0.0036 0.0115
1 0.6274 0.4351 0.0031 0.0125
1 0.6034 0.4279 0.0042 0.012
1 0.601 0.4279 0.0031 0.0125
1 0.5962 0.4279 0.0031 0.0104
2 0.5385 0.4351 0.0047 0.0062
10 0.5409 0.4375 0.0047 0.0052
2 0.5433 0.4303 0.0042 0.0078
3 0.5433 0.4375 0.0042 0.0068
4 0.7236 0.4038 0.012 0.0104
1 0.7356 0.3966 0.0031 0.0089
1 0.7212 0.3918 0.0036 0.0094
4 0.6947 0.4014 0.0089 0.0089
4 0.6779 0.3918 0.0104 0.0094
1 0.6875 0.3942 0.0036 0.0089
1 0.7115 0.399 0.0031 0.0099
1 0.7091 0.399 0.0042 0.0099
1 0.7043 0.4014 0.0036 0.0089
1 0.6995 0.4014 0.0021 0.0083
1 0.7043 0.3942 0.0021 0.0089
1 0.6971 0.3942 0.0031 0.0089
4 0.6635 0.3918 0.0104 0.0099
1 0.6635 0.3846 0.0026 0.0089
1 0.6587 0.3846 0.0042 0.0099
1 0.6514 0.3942 0.0052 0.0099
2 0.6442 0.4062 0.0047 0.0089
3 0.6442 0.4111 0.0104 0.0062
1 0.6298 0.4062 0.0036 0.0094
2 0.5769 0.4255 0.0052 0.0057
2 0.5865 0.4231 0.0047 0.0062
2 0.5505 0.4159 0.0042 0.0068
10 0.5505 0.4207 0.0036 0.0047
2 0.5457 0.4087 0.0042 0.0078
10 0.5457 0.4135 0.0031 0.0073
1 0.6106 0.4038 0.0047 0.0099
1 0.6058 0.399 0.0047 0.0115
1 0.601 0.4111 0.0047 0.0104
1 0.5986 0.4111 0.0031 0.0089
1 0.5938 0.4111 0.0031 0.0089
1 0.5913 0.4111 0.0036 0.0094
1 0.5889 0.4087 0.0052 0.0104
2 0.524 0.4014 0.0036 0.0073
10 0.524 0.4062 0.0052 0.0057
2 0.5264 0.3942 0.0036 0.0062
3 0.5264 0.3966 0.0031 0.0042
4 0.6635 0.4014 0.0099 0.0094
4 0.6779 0.4014 0.0099 0.0089
4 0.5889 0.399 0.0198 0.0094
1 0.601 0.4014 0.0047 0.0078
1 0.6274 0.3846 0.0031 0.0073
1 0.625 0.3822 0.0036 0.0078
1 0.6226 0.3798 0.0036 0.0094
1 0.613 0.3894 0.0042 0.0083
1 0.613 0.3918 0.0031 0.0089
1 0.6106 0.3918 0.0031 0.0083
1 0.601 0.3918 0.0031 0.0078
1 0.6058 0.3918 0.0036 0.0083
1 0.5938 0.3894 0.0031 0.0078
1 0.6034 0.387 0.0031 0.0083
1 0.5986 0.3846 0.0036 0.0078
1 0.5889 0.3822 0.0042 0.0089
1 0.5697 0.3798 0.0036 0.0083
1 0.5697 0.3726 0.0026 0.0073
4 0.5721 0.3942 0.0193 0.0083
4 0.5601 0.3894 0.0177 0.0062
4 0.5577 0.387 0.0198 0.0073
4 0.5601 0.3846 0.026 0.0099
4 0.5505 0.3774 0.0198 0.0057
4 0.5505 0.375 0.0182 0.0062
4 0.5481 0.3726 0.0161 0.0062
4 0.5457 0.3702 0.0172 0.0052
4 0.5457 0.3678 0.0219 0.0062
4 0.5433 0.363 0.0198 0.0062
4 0.5337 0.3606 0.0141 0.0062
4 0.5385 0.3582 0.0135 0.0052
4 0.5337 0.3582 0.012 0.0047
4 0.5337 0.3558 0.0115 0.0047
5 0.5312 0.3558 0.0146 0.0062
0 0.5168 0.3486 0.0172 0.0219
1 0.524 0.3846 0.0036 0.0083
1 0.5312 0.3822 0.0026 0.0083
1 0.5288 0.3726 0.0026 0.0052
1 0.5288 0.3798 0.0026 0.0062
3 0.5288 0.3822 0.0021 0.0052
1 0.5216 0.3774 0.0021 0.0068
1 0.524 0.375 0.0031 0.0083
1 0.5264 0.3654 0.0031 0.0062
1 0.524 0.3654 0.0016 0.0057
1 0.5192 0.3678 0.0026 0.0057
1 0.5216 0.363 0.0031 0.0068
