0 0.5096 0.2332 0.0906 0.0167
4 0.5 0.2716 0.0073 0.0062
2 0.4351 0.7524 0.1552 0.0583
7 0.5745 0.7188 0.074 0.0406
2 0.5625 0.7115 0.0188 0.0271
2 0.7212 0.6755 0.0177 0.0302
4 0.7163 0.6875 0.0385 0.0292
2 0.8101 0.6971 0.0177 0.0333
3 0.8053 0.7043 0.0375 0.0271
4 0.7452 0.6226 0.1 0.0427
1 0.6707 0.5841 0.0125 0.0219
1 0.6707 0.5721 0.0115 0.024
1 0.7428 0.4808 0.0104 0.0229
1 0.7476 0.4712 0.0083 0.024
4 0.7019 0.4832 0.0458 0.0375
4 0.5192 0.5048 0.0323 0.0365
4 0.5601 0.4423 0.026 0.0271
4 0.5938 0.4543 0.0083 0.025
4 0.7212 0.4183 0.0208 0.0229
4 0.7043 0.399 0.0333 0.0219
1 0.6803 0.3894 0.0094 0.0208
5 0.4928 0.4255 0.0229 0.0271
4 0.4543 0.4014 0.0229 0.024
2 0.0721 0.7692 0.0219 0.0271
3 0.0745 0.7692 0.0365 0.0281
4 0.1058 0.5385 0.0771 0.0323
4 0.1394 0.5168 0.0865 0.0333
1 0.1995 0.5769 0.0135 0.0292
10 0.0721 0.5192 0.0302 0.0219
3 0.0986 0.5 0.024 0.0177
4 0.2668 0.4591 0.0354 0.0302
4 0.262 0.4135 0.0312 0.0219
4 0.2404 0.399 0.0281 0.0229
4 0.3389 0.4183 0.0312 0.0271
4 0.3702 0.387 0.026 0.0208
4 0.3894 0.3678 0.0271 0.0188
4 0.3942 0.3558 0.0229 0.0198
4 0.4038 0.3438 0.0125 0.0146
5 0.4231 0.3389 0.0167 0.0167
4 0.4375 0.3774 0.0188 0.0198
4 0.3918 0.3269 0.0292 0.0135
4 0.5264 0.3317 0.0135 0.0135
4 0.6034 0.3726 0.0177 0.0177
4 0.476 0.3317 0.0125 0.0125
4 0.4952 0.3149 0.0125 0.0104
4 0.5577 0.3077 0.0125 0.0135
4 0.5529 0.2909 0.0094 0.0094
4 0.5625 0.2837 0.0083 0.0073
4 0.4736 0.3053 0.0115 0.0104
4 0.4928 0.2933 0.0104 0.0094
4 0.4375 0.3053 0.0125 0.0104
4 0.4423 0.2981 0.0115 0.0104
4 0.4495 0.2909 0.0062 0.0083
1 0.4567 0.3029 0.0052 0.0115
4 0.476 0.2837 0.0052 0.0083
4 0.4904 0.2788 0.0135 0.0073
4 0.5 0.2788 0.0083 0.0073
4 0.5072 0.274 0.0083 0.0073
4 0.4688 0.2692 0.0094 0.0073
6 0.4784 0.2644 0.0104 0.0083
1 0.4856 0.2644 0.0021 0.0052
4 0.4928 0.2644 0.0073 0.0052
4 0.5048 0.2596 0.0052 0.0062
4 0.5096 0.2548 0.0104 0.0052
4 0.5288 0.2572 0.0083 0.0062
4 0.5433 0.2596 0.0073 0.0042
1 0.5481 0.2812 0.0031 0.0062
1 0.5505 0.2812 0.0052 0.0083
4 0.5409 0.25 0.0042 0.0073
4 0.5144 0.2476 0.0115 0.0031
4 0.488 0.2524 0.0052 0.0042
4 0.4856 0.2572 0.0073 0.0042
4 0.476 0.2572 0.0052 0.0052
4 0.476 0.25 0.0094 0.0062
6 0.4904 0.2476 0.0073 0.0052
4 0.4808 0.2524 0.0052 0.0052
1 0.5288 0.2524 0.0031 0.0062
4 0.9495 0.7188 0.1 0.0531
