10 0.4159 0.4062 0.0257 0.0191
10 0.4159 0.3942 0.0235 0.0162
10 0.4111 0.399 0.0265 0.0132
10 0.4111 0.3846 0.0228 0.0169
10 0.4111 0.4014 0.0191 0.0162
1 0.8726 0.5 0.0375 0.0346
10 0.774 0.4976 0.0228 0.0287
10 0.9615 0.5505 0.0324 0.0294
4 0.9712 0.7139 0.0625 0.1154
4 0.9135 0.7115 0.1176 0.1331
4 0.8197 0.6971 0.0971 0.1199
4 0.6899 0.6923 0.1022 0.1103
4 0.6034 0.6875 0.0809 0.1228
3 0.7091 0.4856 0.0169 0.0279
1 0.6947 0.4399 0.0088 0.0272
1 0.7043 0.4447 0.0096 0.0331
1 0.5865 0.4303 0.014 0.0331
1 0.5817 0.4375 0.0074 0.0287
1 0.5769 0.4375 0.0088 0.0301
4 0.5889 0.476 0.0588 0.0485
1 0.5601 0.4784 0.0088 0.0331
10 0.6346 0.4688 0.011 0.0301
10 0.6394 0.4784 0.0316 0.0301
1 0.6346 0.4952 0.0125 0.0382
1 0.6466 0.5024 0.0154 0.0353
1 0.649 0.4928 0.0132 0.0368
4 0.5288 0.476 0.0434 0.0478
1 0.5385 0.5 0.0132 0.0338
1 0.5505 0.5216 0.0176 0.0353
10 0.5889 0.5481 0.039 0.0272
2 0.5889 0.5481 0.0213 0.0382
1 0.5841 0.5312 0.0162 0.0493
1 0.5192 0.5361 0.0125 0.0434
1 0.5144 0.5264 0.0154 0.0338
4 0.4688 0.476 0.0434 0.0456
4 0.4135 0.4688 0.0434 0.0493
4 0.4976 0.6971 0.0699 0.1199
4 0.4014 0.6779 0.0963 0.111
4 0.2957 0.6875 0.1162 0.1213
2 0.3846 0.4471 0.0096 0.0191
4 0.3654 0.4712 0.0441 0.0522
4 0.3173 0.4712 0.0529 0.05
4 0.25 0.4688 0.0551 0.0507
4 0.1851 0.4663 0.0625 0.0529
4 0.0962 0.4688 0.0721 0.0551
4 0.0361 0.4736 0.0676 0.064
1 0.0649 0.5817 0.0316 0.0434
10 0.012 0.6154 0.0206 0.0331
2 0.0889 0.6226 0.014 0.0279
1 0.7861 0.5817 0.0213 0.0419
1 0.7788 0.5962 0.0162 0.0404
1 0.7716 0.5841 0.0206 0.0382
7 0.7428 0.5793 0.0765 0.036
