0 0.613 0.2524 0.0463 0.0485
0 0.5577 0.2308 0.0191 0.0235
0 0.5096 0.2644 0.0191 0.0316
0 0.4736 0.3125 0.0478 0.0478
4 0.7332 0.7644 0.0669 0.036
5 0.5817 0.6851 0.0294 0.0478
4 0.5048 0.7356 0.0353 0.0676
4 0.5625 0.5817 0.0221 0.0353
4 0.6346 0.4351 0.0331 0.0176
4 0.6274 0.399 0.036 0.0162
4 0.6082 0.3846 0.0287 0.0125
5 0.3245 0.7692 0.075 0.0265
4 0.3365 0.7332 0.0801 0.036
4 0.3654 0.6635 0.0625 0.0353
4 0.4351 0.6322 0.0324 0.0544
7 0.4471 0.5841 0.0243 0.0331
4 0.4856 0.6418 0.0257 0.0507
4 0.4062 0.5409 0.0463 0.0206
4 0.4087 0.524 0.0441 0.0184
4 0.5192 0.5962 0.0257 0.0456
4 0.488 0.5745 0.0243 0.0412
4 0.4928 0.5264 0.0199 0.0331
4 0.524 0.5457 0.0228 0.0397
4 0.5144 0.4447 0.0199 0.0243
4 0.5601 0.4808 0.0184 0.0243
1 0.4543 0.3438 0.0037 0.0132
4 0.4615 0.3846 0.0316 0.0132
4 0.4663 0.3702 0.0346 0.0147
4 0.4663 0.3606 0.0338 0.011
4 0.5 0.3918 0.0228 0.0228
7 0.5601 0.4279 0.011 0.0162
2 0.5577 0.4255 0.0066 0.0125
4 0.649 0.3101 0.0154 0.0118
4 0.6226 0.3053 0.0221 0.0118
1 0.5745 0.2548 0.0022 0.0081
4 0.524 0.2692 0.0088 0.011
4 0.5865 0.3462 0.014 0.0125
4 0.5337 0.2933 0.0103 0.0125
4 0.5433 0.2861 0.0066 0.011
4 0.5409 0.2692 0.0103 0.0088
1 0.5409 0.2788 0.0037 0.0103
4 0.5361 0.2812 0.0088 0.0125
4 0.601 0.2909 0.0199 0.0081
4 0.601 0.2861 0.0213 0.0074
4 0.5962 0.2812 0.0206 0.0096
7 0.5841 0.2957 0.0051 0.0081
4 0.5577 0.363 0.0118 0.0132
4 0.5601 0.3774 0.0147 0.0147
10 0.5913 0.4303 0.0044 0.014
2 0.5913 0.4279 0.0059 0.0125
10 0.5793 0.4062 0.0051 0.0103
2 0.5793 0.4038 0.0059 0.0118
