4 0.0385 0.2572 0.0654 0.0522
4 0.0938 0.2764 0.0419 0.0566
4 0.1611 0.2909 0.0537 0.064
5 0.2452 0.2909 0.075 0.0493
4 0.3125 0.3125 0.0632 0.039
4 0.0649 0.3582 0.0838 0.0412
4 0.1755 0.4062 0.0897 0.0471
2 0.1611 0.4087 0.0213 0.0199
3 0.0986 0.3365 0.0324 0.0206
2 0.0938 0.3293 0.0162 0.0199
4 0.3005 0.6346 0.086 0.0934
3 0.2572 0.7404 0.0184 0.0456
2 0.2572 0.7356 0.0199 0.0221
10 0.2981 0.387 0.0331 0.0206
2 0.3029 0.387 0.0125 0.0213
2 0.2957 0.3846 0.0162 0.0228
4 0.5096 0.2596 0.0456 0.0581
4 0.4808 0.5409 0.1044 0.0559
4 0.5481 0.6226 0.1066 0.0588
4 0.6514 0.5962 0.1059 0.0625
2 0.4832 0.3245 0.0132 0.0228
2 0.4856 0.3197 0.011 0.0206
2 0.5 0.3293 0.0118 0.025
2 0.5192 0.3293 0.0154 0.0265
2 0.5216 0.3245 0.0096 0.0184
2 0.6707 0.3053 0.0118 0.0176
2 0.512 0.4135 0.0132 0.0221
2 0.5096 0.4111 0.0103 0.0154
10 0.4832 0.3317 0.0147 0.0243
10 0.4976 0.3365 0.0125 0.0213
10 0.5192 0.3365 0.0118 0.0257
10 0.6731 0.3125 0.011 0.025
10 0.512 0.4159 0.0309 0.0221
1 0.6707 0.3774 0.0132 0.025
1 0.6731 0.3726 0.0118 0.025
5 0.4856 0.476 0.0912 0.0529
2 0.4712 0.4736 0.0206 0.0169
4 0.9135 0.5697 0.1096 0.0566
6 0.8389 0.476 0.139 0.0831
10 0.9231 0.4784 0.0324 0.0221
2 0.9255 0.4808 0.0191 0.0272
10 0.9784 0.4904 0.0338 0.0228
2 0.9832 0.4856 0.0272 0.0184
