4 0.3966 0.738 0.0654 0.0868
4 0.262 0.7067 0.1184 0.0544
5 0.0673 0.7548 0.1147 0.0574
4 0.0745 0.7236 0.0824 0.0654
4 0.0312 0.6755 0.061 0.0551
10 0.0312 0.6947 0.0404 0.0265
10 0.0168 0.7188 0.0324 0.0316
4 0.2861 0.6587 0.0941 0.0493
4 0.0264 0.5457 0.0485 0.0471
4 0.0361 0.5 0.0669 0.0294
4 0.0769 0.5337 0.0471 0.0449
4 0.2981 0.5962 0.0882 0.0662
4 0.3413 0.5457 0.0353 0.0537
4 0.3413 0.6298 0.0426 0.0596
4 0.1899 0.4736 0.0654 0.0294
7 0.0769 0.4303 0.0324 0.0257
1 0.1322 0.4135 0.0096 0.0199
2 0.1418 0.4423 0.0081 0.011
4 0.2788 0.4567 0.0654 0.0265
3 0.3005 0.4399 0.0096 0.0199
10 0.3029 0.4255 0.0081 0.0176
5 0.3341 0.4399 0.0294 0.0353
10 0.3654 0.4351 0.0176 0.0213
4 0.3894 0.4519 0.0287 0.0309
4 0.4159 0.4423 0.0257 0.0294
3 0.3822 0.4303 0.0162 0.014
10 0.4423 0.4231 0.0228 0.0147
2 0.4808 0.4255 0.0096 0.0125
2 0.5 0.4062 0.0059 0.014
4 0.476 0.4808 0.0632 0.0287
1 0.3678 0.5361 0.0132 0.0257
3 0.3678 0.5433 0.0103 0.0206
2 0.3846 0.5264 0.011 0.0184
10 0.3846 0.5288 0.0118 0.0154
10 0.3918 0.512 0.0206 0.0191
2 0.3918 0.5072 0.011 0.0199
1 0.5312 0.2356 0.0051 0.011
5 0.5409 0.4567 0.0669 0.0331
4 0.613 0.4591 0.0588 0.0257
10 0.5457 0.4303 0.0206 0.0154
10 0.5288 0.4375 0.0176 0.0125
3 0.5865 0.4279 0.0228 0.0132
10 0.6178 0.4327 0.0059 0.0169
10 0.6418 0.4351 0.0066 0.0154
3 0.6418 0.4303 0.0206 0.0125
4 0.5433 0.5433 0.0419 0.0404
4 0.6875 0.4639 0.0618 0.025
1 0.7188 0.4351 0.0051 0.0206
2 0.726 0.4327 0.0118 0.0154
2 0.7404 0.4327 0.0066 0.011
10 0.7764 0.4519 0.0081 0.0184
3 0.8125 0.4351 0.0206 0.0125
10 0.8654 0.4447 0.0074 0.0176
10 0.8726 0.4399 0.0074 0.0176
1 0.8462 0.4495 0.0074 0.0176
7 0.9038 0.4639 0.0485 0.0228
10 0.9591 0.4663 0.0243 0.014
10 0.9375 0.4543 0.0074 0.0176
7 0.649 0.5264 0.0507 0.0206
4 0.6274 0.5577 0.0404 0.0493
4 0.6274 0.6082 0.0412 0.0522
4 0.5216 0.625 0.0412 0.0603
1 0.5601 0.6466 0.011 0.0279
4 0.5986 0.6803 0.0426 0.0647
4 0.6731 0.6538 0.0882 0.0434
4 0.6538 0.7236 0.0463 0.0779
5 0.6611 0.774 0.0471 0.0176
4 0.8534 0.5553 0.05 0.0507
5 0.7043 0.5649 0.0566 0.061
4 0.7476 0.5505 0.0581 0.0559
4 0.7909 0.5553 0.0588 0.05
1 0.7524 0.5192 0.0096 0.0235
5 0.9327 0.5361 0.075 0.0537
2 0.012 0.4255 0.0118 0.0184
1 0.149 0.4183 0.0103 0.0199
1 0.1538 0.4255 0.0088 0.0184
8 0.125 0.375 0.0272 0.0265
