1 0.7163 0.6659 0.011 0.0353
1 0.7957 0.7091 0.0162 0.0346
1 0.75 0.6971 0.0206 0.0338
1 0.7788 0.7019 0.0118 0.0309
9 0.3534 0.6779 0.1132 0.1596
4 0.4495 0.6851 0.0441 0.0779
4 0.5288 0.6466 0.0397 0.0596
4 0.4111 0.5312 0.0316 0.0449
4 0.4736 0.5601 0.0346 0.0529
4 0.6106 0.601 0.0434 0.0463
5 0.5264 0.5601 0.0338 0.0449
4 0.5649 0.5505 0.0316 0.0426
4 0.5841 0.5024 0.0287 0.0338
4 0.5385 0.476 0.0257 0.0301
4 0.5697 0.4399 0.0221 0.0243
4 0.4663 0.4904 0.0287 0.0412
4 0.4327 0.4495 0.025 0.0309
4 0.4423 0.3846 0.0213 0.025
4 0.5673 0.3606 0.0184 0.0184
4 0.4856 0.3245 0.0162 0.0199
4 0.4856 0.3558 0.0169 0.0199
4 0.4615 0.3245 0.0169 0.0206
4 0.4904 0.3053 0.014 0.014
4 0.5144 0.2957 0.0125 0.0132
4 0.5312 0.2885 0.0125 0.0125
4 0.5144 0.2837 0.0132 0.011
4 0.5457 0.274 0.0103 0.011
4 0.5264 0.2764 0.0125 0.0103
4 0.5096 0.262 0.011 0.0096
4 0.512 0.2716 0.011 0.0103
4 0.4952 0.2548 0.011 0.0096
4 0.5144 0.2404 0.0103 0.0074
4 0.5192 0.2476 0.0096 0.0088
4 0.4856 0.2308 0.0088 0.0081
4 0.4904 0.2404 0.0096 0.0096
4 0.5096 0.2524 0.0103 0.0103
4 0.524 0.262 0.011 0.0088
4 0.5361 0.2572 0.0103 0.0096
4 0.5409 0.2644 0.0103 0.011
4 0.5168 0.3101 0.0147 0.0132
4 0.5433 0.3678 0.0206 0.0191
4 0.5481 0.3942 0.0228 0.0221
4 0.8582 0.3197 0.0257 0.014
4 0.875 0.3197 0.0243 0.0125
4 0.8245 0.3197 0.0221 0.014
4 0.8413 0.3197 0.0199 0.0154
4 0.8053 0.3197 0.0265 0.0132
4 0.8438 0.2981 0.0221 0.0147
4 0.8293 0.3005 0.0199 0.0132
0 0.7885 0.3005 0.0338 0.0154
4 0.8654 0.3005 0.0221 0.0125
4 0.8822 0.3005 0.0199 0.0118
4 0.9038 0.2957 0.0272 0.0154
4 0.9279 0.3077 0.0316 0.0125
4 0.9255 0.3125 0.0324 0.014
4 0.8293 0.2788 0.0162 0.0125
4 0.8413 0.2788 0.0162 0.0125
4 0.8149 0.2788 0.0169 0.0125
4 0.8005 0.2764 0.0199 0.0132
4 0.7885 0.2764 0.0169 0.0132
4 0.7812 0.2837 0.0309 0.0118
4 0.8822 0.2909 0.0184 0.0074
4 0.8702 0.2909 0.0206 0.0103
4 0.8558 0.2909 0.0184 0.011
4 0.8389 0.2909 0.0213 0.0103
4 0.8245 0.2909 0.0199 0.0081
0 0.7885 0.25 0.1566 0.0316
0 0.8798 0.274 0.0397 0.014
0 0.9207 0.2788 0.0382 0.0096
0 0.9615 0.2957 0.0279 0.0118
0 0.9327 0.2909 0.025 0.0103
0 0.8053 0.2668 0.0507 0.0037
4 0.7308 0.2716 0.0206 0.0081
0 0.762 0.2716 0.0309 0.0074
5 0.6514 0.2404 0.0132 0.0103
4 0.6514 0.2236 0.0081 0.0066
4 0.6611 0.2236 0.0103 0.0074
4 0.6995 0.2236 0.0118 0.0081
4 0.7163 0.2236 0.0125 0.0074
4 0.726 0.2236 0.0103 0.0074
4 0.7356 0.2236 0.0088 0.0074
4 0.7452 0.2236 0.0103 0.0074
4 0.7548 0.2236 0.0103 0.0074
4 0.6947 0.2476 0.0162 0.0096
4 0.6274 0.7043 0.0603 0.0669
5 0.4688 0.3918 0.0199 0.0316
5 0.4976 0.2452 0.0096 0.0132
5 0.4976 0.226 0.0088 0.011
5 0.5505 0.2909 0.0118 0.0154
5 0.5433 0.4111 0.0213 0.0265
5 0.4567 0.3558 0.0184 0.0265
4 0.4856 0.2236 0.0081 0.0074
4 0.4736 0.238 0.011 0.0096
4 0.4712 0.2452 0.0103 0.0074
4 0.5312 0.2308 0.0199 0.0074
4 0.5144 0.2332 0.0103 0.0081
4 0.5216 0.2284 0.0199 0.0081
4 0.5168 0.2236 0.0103 0.0066
4 0.5048 0.2236 0.0066 0.0059
9 0.5361 0.2452 0.014 0.0213
6 0.476 0.2716 0.0243 0.0331
6 0.4615 0.2957 0.0206 0.0316
6 0.524 0.3317 0.0279 0.0419
6 0.5144 0.3894 0.0331 0.086
6 0.4784 0.4183 0.0316 0.0574
4 0.5337 0.7596 0.0471 0.0449
6 0.3245 0.2812 0.0184 0.0279
1 0.3173 0.3005 0.0044 0.0132
4 0.0529 0.3005 0.0404 0.0162
4 0.0361 0.3245 0.0257 0.0176
4 0.0625 0.351 0.0309 0.0213
4 0.101 0.3462 0.0309 0.0221
4 0.1346 0.3462 0.0294 0.0206
4 0.1611 0.3462 0.025 0.0213
4 0.1851 0.3486 0.0309 0.0221
6 0.1538 0.3077 0.0522 0.0228
4 0.012 0.3245 0.0199 0.0176
4 0.0072 0.3462 0.014 0.0176
4 0.2452 0.3077 0.0184 0.0154
2 0.4399 0.3293 0.0037 0.0132
3 0.4399 0.3317 0.0037 0.0096
1 0.4231 0.3005 0.0037 0.0125
0 0.4399 0.2981 0.014 0.0103
1 0.5673 0.3005 0.0037 0.0118
2 0.5409 0.2909 0.0051 0.0103
2 0.5192 0.2668 0.0037 0.0088
2 0.5288 0.2644 0.0044 0.0081
10 0.5409 0.2933 0.0051 0.0088
10 0.5192 0.2692 0.0037 0.0066
10 0.5264 0.2668 0.0044 0.0066
10 0.5264 0.2524 0.0029 0.0059
10 0.5264 0.2428 0.0037 0.0059
2 0.5264 0.238 0.0022 0.0059
2 0.5264 0.2524 0.0037 0.0074
1 0.4784 0.2356 0.0029 0.0088
