4 0.1394 0.5024 0.1272 0.075
4 0.8966 0.4303 0.0618 0.0669
4 0.2981 0.3005 0.0912 0.0375
4 0.3942 0.3125 0.0912 0.0316
4 0.1394 0.238 0.0647 0.036
4 0.0962 0.2356 0.039 0.0294
4 0.8053 0.262 0.0382 0.0419
4 0.7548 0.2548 0.0346 0.0456
4 0.8053 0.2332 0.0338 0.0257
10 0.6442 0.2764 0.0294 0.0199
4 0.25 0.2548 0.061 0.0368
3 0.7212 0.3005 0.0118 0.0235
1 0.7236 0.2909 0.0103 0.0265
10 0.6779 0.3678 0.0199 0.0272
10 0.6514 0.3413 0.0191 0.0243
10 0.7188 0.3798 0.0176 0.0265
1 0.6538 0.3365 0.0125 0.0324
1 0.6803 0.3606 0.0154 0.0338
1 0.7163 0.3702 0.0176 0.0353
1 0.7188 0.3654 0.0147 0.0287
