1 0.6995 0.524 0.0096 0.0272
0 0.5072 0.2284 0.1066 0.0162
0 0.5577 0.2404 0.0199 0.0059
0 0.5288 0.2452 0.0169 0.0162
1 0.5601 0.4255 0.0051 0.0169
1 0.5505 0.4279 0.0051 0.0191
0 0.3966 0.2788 0.0221 0.0088
0 0.4351 0.2837 0.0206 0.0088
1 0.4231 0.3654 0.0044 0.0162
1 0.3221 0.5072 0.0088 0.0279
10 0.9543 0.6442 0.0301 0.0338
10 0.9159 0.649 0.0279 0.0397
10 0.8798 0.6538 0.0221 0.0301
3 0.899 0.6514 0.0243 0.0324
3 0.6394 0.4303 0.0191 0.0147
3 0.6587 0.4303 0.0213 0.011
3 0.7332 0.4303 0.0199 0.0125
10 0.762 0.4327 0.0103 0.0176
10 0.9904 0.649 0.0213 0.0353
4 0.863 0.5409 0.0824 0.0331
4 0.8293 0.5 0.0706 0.0338
4 0.4928 0.5361 0.0316 0.0382
4 0.4351 0.4904 0.0309 0.0368
4 0.4519 0.3918 0.0206 0.0221
4 0.4038 0.3798 0.0206 0.0235
4 0.488 0.3365 0.0154 0.0132
4 0.488 0.2933 0.011 0.011
4 0.5288 0.3293 0.0243 0.014
4 0.512 0.2981 0.0125 0.0118
4 0.4663 0.2837 0.0118 0.011
4 0.4736 0.2476 0.0074 0.0059
4 0.488 0.25 0.0059 0.0066
4 0.5048 0.2428 0.0066 0.0059
4 0.488 0.2404 0.0066 0.0044
4 0.5048 0.2572 0.0088 0.0066
4 0.7837 0.7548 0.1324 0.0551
4 0.7644 0.7067 0.1059 0.0463
4 0.7452 0.6346 0.1029 0.0434
4 0.7163 0.5793 0.0824 0.0368
4 0.6971 0.4327 0.0551 0.025
4 0.5625 0.4183 0.0243 0.0213
4 0.5601 0.4399 0.0243 0.025
4 0.4207 0.3606 0.0191 0.0199
4 0.399 0.2885 0.0228 0.0096
4 0.4447 0.274 0.0103 0.0103
4 0.4519 0.2668 0.0096 0.0074
4 0.4712 0.2572 0.0066 0.0059
4 0.4928 0.2668 0.0074 0.0074
4 0.5577 0.3029 0.0265 0.0088
4 0.5577 0.3077 0.0265 0.0103
4 0.5962 0.2788 0.0228 0.0096
4 0.5841 0.2644 0.0191 0.0074
4 0.5745 0.2596 0.0191 0.0081
4 0.5457 0.2596 0.0081 0.0081
4 0.5601 0.2452 0.0154 0.0051
4 0.5625 0.2981 0.0265 0.0088
4 0.5553 0.3029 0.025 0.0096
4 0.5577 0.2933 0.0265 0.0074
4 0.5577 0.2909 0.025 0.0081
4 0.5553 0.2885 0.0228 0.011
4 0.5721 0.2788 0.0125 0.0103
5 0.5457 0.2812 0.0257 0.0118
5 0.5288 0.2644 0.0191 0.0088
5 0.5288 0.2596 0.0191 0.0096
0 0.5264 0.274 0.0051 0.0059
8 0.5625 0.2837 0.0162 0.0096
1 0.601 0.3029 0.0037 0.0088
1 0.5793 0.2644 0.0044 0.0088
1 0.5649 0.2476 0.0022 0.0059
2 0.5192 0.3438 0.0059 0.0103
2 0.4543 0.3029 0.0044 0.0103
0 0.5048 0.2668 0.0029 0.0081
0 0.4952 0.2572 0.0037 0.0059
0 0.4976 0.2428 0.0037 0.0125
4 0.476 0.2428 0.0059 0.0066
4 0.4591 0.2404 0.0059 0.0051
6 0.4543 0.25 0.0081 0.011
6 0.488 0.2692 0.0132 0.0228
6 0.5168 0.4038 0.0353 0.0838
6 0.3918 0.6827 0.0581 0.1044
6 0.3101 0.3197 0.0243 0.0243
6 0.3462 0.3101 0.0338 0.0382
6 0.3245 0.3053 0.0287 0.0272
6 0.4111 0.3365 0.0706 0.0338
6 0.3125 0.3654 0.0493 0.0596
5 0.488 0.4567 0.0235 0.0324
10 0.5192 0.3486 0.0051 0.0096
10 0.4543 0.3053 0.0044 0.0059
8 0.3341 0.5481 0.0346 0.0493
0 0.226 0.3726 0.1176 0.0912
0 0.1659 0.4543 0.086 0.0676
