0 0.4808 0.3221 0.0312 0.0328
0 0.5288 0.3053 0.0156 0.0135
6 0.3413 0.3101 0.0156 0.0083
6 0.3822 0.3221 0.0094 0.0109
0 0.5192 0.3197 0.0052 0.0089
0 0.4062 0.3125 0.0255 0.0188
4 0.351 0.4279 0.0448 0.0172
6 0.3317 0.6947 0.0844 0.1219
4 0.8822 0.6202 0.0969 0.038
10 0.8341 0.5865 0.0302 0.0177
10 0.8221 0.5673 0.0172 0.0219
5 0.7716 0.5697 0.0625 0.0422
4 0.6779 0.5793 0.0521 0.0422
4 0.637 0.5264 0.0401 0.0318
9 0.4159 0.4784 0.0474 0.0703
7 0.4543 0.5409 0.0109 0.0245
2 0.4543 0.5337 0.0125 0.0214
4 0.4663 0.5 0.0255 0.0271
4 0.5048 0.5337 0.0302 0.0312
4 0.4423 0.399 0.0167 0.0203
3 0.4519 0.4423 0.0047 0.0135
2 0.4519 0.4399 0.0068 0.0156
10 0.5481 0.5385 0.0125 0.0219
2 0.5457 0.5361 0.0125 0.0219
7 0.4543 0.4591 0.0115 0.0161
2 0.4543 0.4567 0.0083 0.0141
4 0.5288 0.4591 0.0229 0.025
4 0.6587 0.4639 0.0333 0.0234
4 0.6442 0.4519 0.0245 0.0177
8 0.5865 0.4495 0.0135 0.0188
4 0.5096 0.3558 0.0104 0.0099
4 0.512 0.3654 0.0094 0.0083
7 0.5168 0.3822 0.0094 0.012
6 0.4519 0.375 0.0151 0.025
6 0.4591 0.363 0.0135 0.0208
6 0.4639 0.3438 0.0104 0.0104
1 0.4712 0.3582 0.0031 0.0083
