5 0.5192 0.6731 0.0529 0.1103
5 0.4519 0.6611 0.0588 0.1176
5 0.4207 0.5721 0.0691 0.0875
5 0.5481 0.4423 0.0419 0.0471
4 0.6202 0.3966 0.0434 0.0471
4 0.5962 0.3438 0.0324 0.0309
4 0.5361 0.2957 0.0294 0.0294
4 0.4495 0.3125 0.0279 0.036
11 0.4519 0.3678 0.0537 0.1213
6 0.4183 0.2548 0.0309 0.0449
2 0.6659 0.5072 0.014 0.0287
3 0.6659 0.5144 0.0169 0.0279
5 0.7019 0.4471 0.0743 0.0618
4 0.8293 0.3077 0.0544 0.0316
4 0.8558 0.3341 0.0603 0.0279
4 0.7644 0.2524 0.0456 0.0228
4 0.762 0.238 0.0478 0.0221
4 0.7212 0.2284 0.0309 0.0169
5 0.9543 0.738 0.0941 0.075
4 0.6707 0.2812 0.0441 0.0243
4 0.6707 0.2716 0.0426 0.0184
5 0.6635 0.2548 0.0463 0.0265
4 0.5865 0.2332 0.0228 0.0228
7 0.8149 0.5938 0.0301 0.0529
4 0.9832 0.3822 0.0316 0.0199
4 0.9519 0.387 0.0449 0.0294
1 0.8918 0.7716 0.0176 0.0213
