5 0.3486 0.1346 0.0279 0.015
5 0.3558 0.1659 0.0243 0.015
6 0.4111 0.2163 0.0171 0.04
6 0.3558 0.1803 0.0286 0.0164
6 0.3582 0.2115 0.0257 0.0179
4 0.4111 0.1514 0.0136 0.0271
6 0.4087 0.1755 0.0136 0.025
6 0.4183 0.3774 0.015 0.0329
6 0.4615 0.5385 0.0357 0.0143
6 0.5529 0.5288 0.04 0.0143
6 0.4712 0.7788 0.0129 0.0293
4 0.3269 0.2981 0.03 0.0157
4 0.3726 0.3245 0.0271 0.0136
4 0.4159 0.3029 0.0121 0.0257
4 0.4159 0.3389 0.0121 0.0293
4 0.4207 0.4183 0.0121 0.0257
4 0.4231 0.4519 0.0107 0.0243
4 0.4255 0.4856 0.0121 0.025
4 0.4255 0.5144 0.0121 0.0257
4 0.3365 0.5144 0.0286 0.0164
4 0.3678 0.4567 0.03 0.0157
4 0.3462 0.5433 0.0279 0.015
4 0.351 0.5577 0.0271 0.0179
4 0.351 0.6034 0.0257 0.0193
4 0.3702 0.6106 0.0257 0.0221
4 0.3918 0.6154 0.0236 0.0136
4 0.3774 0.6322 0.0264 0.015
4 0.3774 0.6466 0.0236 0.015
4 0.363 0.7091 0.0214 0.0157
4 0.3678 0.7284 0.0279 0.0193
4 0.363 0.7957 0.0171 0.0264
4 0.4688 0.5529 0.0279 0.0143
4 0.4976 0.5361 0.0107 0.0214
4 0.512 0.5385 0.015 0.0271
4 0.5264 0.5337 0.0143 0.0271
4 0.4495 0.6226 0.0136 0.0271
4 0.4639 0.613 0.0129 0.025
4 0.4808 0.6226 0.0164 0.0371
4 0.4976 0.6082 0.015 0.0279
4 0.512 0.6058 0.0129 0.0271
4 0.5312 0.601 0.0157 0.0293
4 0.5529 0.601 0.0121 0.0271
4 0.5745 0.4856 0.0129 0.0279
4 0.6226 0.1755 0.0114 0.0307
5 0.5745 0.1827 0.0136 0.0379
4 0.5938 0.2428 0.0114 0.0286
4 0.6058 0.2981 0.0114 0.0271
4 0.6058 0.3486 0.0114 0.0236
4 0.6298 0.3726 0.0136 0.0293
4 0.6298 0.3438 0.0114 0.0257
5 0.6346 0.4351 0.0143 0.025
5 0.4471 0.6779 0.015 0.0186
4 0.4567 0.7067 0.0171 0.0264
4 0.4639 0.7404 0.0157 0.0279
6 0.625 0.7572 0.0129 0.0286
4 0.6394 0.8293 0.015 0.0286
4 0.8197 0.5264 0.0279 0.0129
4 0.7909 0.5385 0.0236 0.0121
10 0.6611 0.5673 0.0136 0.0086
10 0.6611 0.5769 0.0107 0.0057
10 0.6659 0.5817 0.01 0.0057
10 0.4255 0.6058 0.0071 0.0114
0 0.2837 0.2764 0.0414 0.0343
1 0.274 0.3245 0.0043 0.0057
1 0.3005 0.3173 0.005 0.005
1 0.6538 0.601 0.005 0.0057
10 0.5673 0.6106 0.0071 0.0107
4 0.8678 0.5337 0.0286 0.0129
4 0.8942 0.5793 0.0307 0.015
4 0.8654 0.5938 0.0257 0.0157
4 0.7885 0.5889 0.035 0.0179
