1 0.4231 0.6466 0.0136 0.0236
1 0.5793 0.613 0.0107 0.0264
1 0.5865 0.6106 0.0093 0.0257
1 0.6082 0.6082 0.0143 0.0243
1 0.625 0.6058 0.0121 0.025
1 0.5865 0.5553 0.0136 0.0279
1 0.5697 0.5409 0.0093 0.0257
1 0.5553 0.5481 0.0114 0.0207
1 0.5288 0.5168 0.0107 0.0271
1 0.5457 0.5216 0.0114 0.0229
1 0.5505 0.512 0.0107 0.0229
1 0.5096 0.488 0.0093 0.0229
1 0.4976 0.4784 0.0093 0.0243
1 0.4808 0.4736 0.0093 0.0214
1 0.4663 0.4832 0.0114 0.0214
1 0.4543 0.4688 0.0093 0.025
1 0.4688 0.4399 0.0086 0.0229
1 0.4303 0.4087 0.0079 0.02
1 0.4159 0.4062 0.0114 0.0214
1 0.4014 0.387 0.0071 0.0186
1 0.4087 0.3894 0.0079 0.02
0 0.4712 0.363 0.0771 0.0393
1 0.524 0.3341 0.0064 0.0179
1 0.5168 0.3317 0.0064 0.0179
1 0.524 0.3245 0.0057 0.0143
1 0.5096 0.3269 0.0057 0.0164
1 0.5144 0.3221 0.0057 0.0143
1 0.5288 0.2788 0.0057 0.015
1 0.5216 0.2788 0.005 0.0143
1 0.4976 0.2452 0.0064 0.0129
1 0.4904 0.2452 0.005 0.0114
1 0.4904 0.2428 0.005 0.0114
1 0.4856 0.2404 0.0057 0.0121
1 0.4832 0.2404 0.0064 0.0107
1 0.4808 0.238 0.0057 0.0114
1 0.476 0.2356 0.0057 0.0121
1 0.5072 0.238 0.005 0.0114
1 0.5048 0.2332 0.0057 0.01
1 0.5168 0.262 0.005 0.0107
1 0.5144 0.262 0.005 0.0107
1 0.5385 0.2548 0.0057 0.0107
1 0.5433 0.2524 0.0057 0.0114
1 0.4351 0.2668 0.0057 0.0114
1 0.4375 0.2644 0.0057 0.0114
1 0.4447 0.2524 0.0057 0.0129
1 0.4519 0.25 0.0071 0.0136
1 0.4519 0.2332 0.0057 0.0129
1 0.4014 0.2356 0.0057 0.0121
1 0.375 0.2236 0.0057 0.0121
1 0.387 0.226 0.0036 0.01
1 0.3846 0.2236 0.0043 0.01
1 0.4062 0.2019 0.0057 0.0107
2 0.4447 0.2115 0.0043 0.0093
3 0.4447 0.2163 0.0093 0.0057
1 0.4688 0.2115 0.0043 0.0114
1 0.4543 0.2091 0.0036 0.0114
1 0.4519 0.2115 0.005 0.01
4 0.4928 0.1851 0.0143 0.0086
6 0.476 0.1803 0.0186 0.0143
1 0.2716 0.3702 0.0093 0.0186
1 0.2332 0.3678 0.0086 0.0157
1 0.1899 0.3726 0.0107 0.0157
1 0.1899 0.3678 0.0107 0.015
1 0.2308 0.3173 0.0071 0.0143
1 0.2716 0.2957 0.0057 0.0157
1 0.2764 0.2933 0.0064 0.015
1 0.2837 0.2981 0.0057 0.0143
1 0.2885 0.2981 0.0071 0.015
4 0.2524 0.2933 0.0279 0.0157
0 0.274 0.2524 0.04 0.0329
1 0.1466 0.2332 0.0057 0.0114
0 0.1082 0.2404 0.0329 0.0221
1 0.1755 0.1803 0.005 0.0086
1 0.1779 0.1803 0.0043 0.0086
1 0.1827 0.1731 0.005 0.01
1 0.1851 0.1707 0.005 0.0093
1 0.1562 0.1683 0.0043 0.0079
1 0.2019 0.1587 0.005 0.0079
1 0.2067 0.1587 0.005 0.0086
1 0.1202 0.1418 0.005 0.0071
2 0.3558 0.375 0.0071 0.0121
2 0.3558 0.3774 0.0071 0.0107
10 0.3534 0.3798 0.01 0.0164
1 0.6611 0.3678 0.0107 0.0164
0 0.7139 0.3774 0.0457 0.0386
1 0.8101 0.4087 0.0107 0.0143
1 0.8221 0.4062 0.01 0.0186
1 0.8293 0.4135 0.0107 0.0179
0 0.1971 0.1418 0.0229 0.015
4 0.3558 0.1755 0.0143 0.0064
