1 0.6659 0.6635 0.03 0.03
2 0.0938 0.6058 0.025 0.0205
2 0.0745 0.6082 0.027 0.0195
4 0.0649 0.3654 0.0815 0.042
4 0.1803 0.3125 0.0655 0.032
4 0.024 0.2091 0.0435 0.023
1 0.0986 0.1899 0.0105 0.0175
4 0.0769 0.1947 0.046 0.021
11 0.1418 0.1659 0.058 0.038
6 0.2404 0.3534 0.053 0.057
3 0.2163 0.3438 0.0215 0.0185
4 0.5072 0.4784 0.046 0.079
5 0.9591 0.5553 0.082 0.0475
4 0.9423 0.4928 0.1 0.044
4 0.9062 0.4591 0.0995 0.045
4 0.9279 0.1731 0.044 0.0185
4 0.8678 0.1731 0.0415 0.019
1 0.875 0.1562 0.008 0.0165
1 0.8678 0.1562 0.0075 0.0155
1 0.8341 0.1322 0.0075 0.012
2 0.726 0.1659 0.0075 0.0145
2 0.7236 0.1683 0.0095 0.0155
10 0.7236 0.1683 0.009 0.0175
4 0.6971 0.4519 0.0555 0.06
1 0.7404 0.4014 0.013 0.029
1 0.7163 0.3798 0.011 0.0265
2 0.6202 0.3678 0.012 0.022
10 0.6202 0.3726 0.012 0.0245
4 0.4423 0.3654 0.0545 0.046
4 0.5721 0.2668 0.058 0.0295
2 0.5168 0.2933 0.01 0.0195
10 0.5168 0.2957 0.0195 0.016
4 0.2452 0.2885 0.062 0.0255
4 0.3341 0.2452 0.045 0.0285
1 0.3149 0.1875 0.008 0.0185
1 0.3269 0.1851 0.0075 0.0185
5 0.3173 0.1755 0.0375 0.026
4 0.5024 0.1587 0.0165 0.0195
4 0.5 0.1442 0.016 0.018
4 0.4928 0.1322 0.0135 0.0105
