4 0.0144 0.8269 0.02 0.0329
4 0.0337 0.8389 0.0207 0.0379
4 0.0481 0.851 0.02 0.0343
4 0.0625 0.863 0.0243 0.0286
4 0.0817 0.8606 0.0293 0.0321
1 0.1947 0.8462 0.0086 0.0064
2 0.2163 0.8486 0.0064 0.005
1 0.1875 0.6154 0.0064 0.0043
10 0.4399 0.6394 0.0086 0.0057
10 0.4423 0.6442 0.0071 0.0057
10 0.4447 0.6466 0.0079 0.0064
10 0.4495 0.6514 0.0079 0.0064
3 0.1659 0.4928 0.01 0.0036
3 0.1635 0.488 0.0093 0.0021
10 0.1611 0.4856 0.01 0.0029
10 0.1611 0.4712 0.0093 0.0021
10 0.1635 0.4663 0.0093 0.0043
7 0.1683 0.4567 0.015 0.0093
3 0.1707 0.4663 0.0079 0.0029
1 0.887 0.4207 0.005 0.005
1 0.8654 0.4904 0.005 0.0057
1 0.8582 0.4904 0.0071 0.0057
1 0.601 0.4567 0.0036 0.0057
1 0.601 0.4519 0.0029 0.005
1 0.5986 0.4495 0.0029 0.005
4 0.6779 0.3702 0.0107 0.0193
5 0.6683 0.3702 0.0136 0.0229
4 0.7188 0.3702 0.0129 0.0164
4 0.7476 0.3702 0.0129 0.0179
4 0.6803 0.3341 0.0107 0.0214
4 0.7163 0.3317 0.0121 0.0207
4 0.7308 0.3317 0.0136 0.0207
5 0.7452 0.3317 0.0193 0.0229
4 0.7572 0.3293 0.0129 0.0179
4 0.7716 0.3293 0.0129 0.0171
4 0.7933 0.3293 0.0136 0.0193
4 0.8341 0.3293 0.0136 0.0207
4 0.851 0.3293 0.0143 0.0186
4 0.8702 0.3678 0.0171 0.0193
5 0.8558 0.3702 0.0157 0.0186
4 0.8413 0.3726 0.015 0.0193
4 0.8245 0.3726 0.0143 0.0186
4 0.9639 0.3269 0.0164 0.0207
4 0.9784 0.3293 0.0143 0.02
4 0.9904 0.3293 0.0136 0.0207
4 0.9591 0.3678 0.0179 0.0214
4 0.976 0.3702 0.0136 0.0164
4 0.9904 0.3678 0.0171 0.0207
6 0.4399 0.2163 0.0193 0.0114
4 0.4639 0.2163 0.0193 0.01
4 0.488 0.2163 0.0193 0.0093
4 0.512 0.2163 0.0193 0.0093
4 0.5361 0.2163 0.0186 0.0093
6 0.5601 0.2115 0.0264 0.0171
4 0.5841 0.2139 0.0164 0.0093
4 0.6106 0.2139 0.0207 0.0093
4 0.6346 0.2139 0.0193 0.0107
4 0.6562 0.2139 0.0207 0.01
4 0.6827 0.2139 0.0207 0.0107
4 0.7067 0.2139 0.0214 0.0107
4 0.7356 0.2139 0.0186 0.0093
4 0.762 0.2139 0.0207 0.0107
4 0.7837 0.2139 0.02 0.0093
4 0.8077 0.2139 0.0207 0.0093
4 0.8341 0.2139 0.0214 0.01
5 0.8582 0.2115 0.0207 0.0114
5 0.8822 0.2115 0.0243 0.0107
5 0.9062 0.2115 0.0221 0.01
4 0.9327 0.2115 0.0229 0.0107
4 0.9567 0.2115 0.0221 0.01
5 0.9808 0.2091 0.0257 0.0136
4 0.8798 0.1683 0.0121 0.0114
4 0.8678 0.1346 0.0186 0.0114
4 0.8678 0.1298 0.0193 0.0079
4 0.7236 0.149 0.02 0.0093
4 0.7236 0.1394 0.0186 0.0071
4 0.7188 0.1346 0.0193 0.01
4 0.7163 0.1298 0.0193 0.0057
4 0.5168 0.1611 0.0129 0.0143
4 0.5721 0.1538 0.0193 0.01
4 0.5625 0.1731 0.0093 0.0157
4 0.5721 0.1394 0.0171 0.0107
4 0.399 0.1298 0.015 0.0071
4 0.3942 0.1731 0.0164 0.0086
4 0.3966 0.1659 0.02 0.0086
4 0.3582 0.1803 0.0193 0.0086
4 0.3582 0.1731 0.02 0.0086
4 0.3606 0.1659 0.0171 0.0071
4 0.3726 0.1827 0.0064 0.0114
5 0.2885 0.1538 0.015 0.0107
4 0.2476 0.137 0.0207 0.01
4 0.2476 0.1298 0.0193 0.0086
4 0.0673 0.1394 0.02 0.0107
4 0.125 0.149 0.0093 0.0164
5 0.137 0.149 0.01 0.0157
4 0.1202 0.137 0.0114 0.0136
4 0.1298 0.1346 0.0114 0.015
