1 0.9255 0.8486 0.1365 0.053
3 0.9303 0.5553 0.1105 0.082
1 0.9303 0.4928 0.07 0.101
1 0.9688 0.5841 0.065 0.103
1 0.7188 0.4904 0.046 0.069
1 0.7043 0.4255 0.0385 0.0855
1 0.6418 0.4255 0.042 0.096
1 0.649 0.3918 0.035 0.0865
1 0.7981 0.1875 0.034 0.063
1 0.8269 0.1851 0.0215 0.0535
1 0.8438 0.1995 0.025 0.0575
1 0.6803 0.1899 0.0355 0.0755
1 0.6394 0.1803 0.025 0.063
1 0.5721 0.1538 0.018 0.0535
2 0.6034 0.1635 0.02 0.036
1 0.4303 0.149 0.0225 0.0435
1 0.399 0.149 0.023 0.0455
1 0.3846 0.1514 0.0215 0.0495
1 0.3341 0.1611 0.024 0.0675
1 0.2909 0.1466 0.016 0.039
1 0.2356 0.1803 0.0405 0.0605
1 0.4207 0.3413 0.024 0.088
4 0.5024 0.1851 0.0785 0.1075
10 0.5337 0.2452 0.0585 0.0475
2 0.5361 0.238 0.033 0.0785
10 0.5529 0.3606 0.0775 0.0625
10 0.6659 0.262 0.065 0.0525
2 0.6707 0.2524 0.032 0.0735
3 0.613 0.2909 0.0655 0.0555
2 0.6154 0.2788 0.04 0.066
2 0.6346 0.274 0.0195 0.047
3 0.4423 0.5889 0.0425 0.1045
2 0.4327 0.5577 0.051 0.081
1 0.2764 0.6154 0.0675 0.0885
1 0.1514 0.262 0.037 0.0675
1 0.1731 0.4255 0.079 0.08
1 0.1106 0.2644 0.031 0.0635
1 0.1202 0.2788 0.036 0.0645
2 0.0312 0.2788 0.0395 0.0605
10 0.0409 0.2885 0.0725 0.048
2 0.0962 0.3966 0.05 0.07
9 0.1803 0.3486 0.2985 0.2095
10 0.113 0.4712 0.1205 0.0645
1 0.0745 0.4976 0.097 0.078
1 0.101 0.5673 0.086 0.0915
1 0.0481 0.637 0.092 0.0795
10 0.1178 0.6514 0.1155 0.14
1 0.0361 0.7163 0.069 0.0765
