10 0.476 0.7356 0.03 0.0225
10 0.4976 0.7188 0.0135 0.019
10 0.4928 0.7091 0.0315 0.0205
3 0.4255 0.7885 0.0125 0.0295
3 0.4183 0.7909 0.0145 0.028
4 0.5312 0.7139 0.0405 0.0395
5 0.5409 0.6755 0.035 0.035
4 0.512 0.6587 0.047 0.02
1 0.4904 0.6875 0.008 0.029
10 0.5096 0.6779 0.0225 0.0145
3 0.5288 0.6442 0.017 0.0135
3 0.5096 0.6466 0.015 0.011
4 0.5553 0.6418 0.0405 0.019
4 0.601 0.601 0.0275 0.0105
4 0.6779 0.8534 0.1235 0.0455
4 0.6923 0.8293 0.124 0.064
4 0.6731 0.7909 0.098 0.0435
4 0.6851 0.7788 0.12 0.046
4 0.6875 0.7572 0.106 0.0325
4 0.6899 0.7404 0.0825 0.0365
4 0.6755 0.7163 0.0735 0.0355
4 0.6827 0.7091 0.0825 0.031
4 0.6827 0.6971 0.08 0.027
4 0.6803 0.6851 0.059 0.022
4 0.6827 0.6707 0.06 0.021
4 0.6875 0.6635 0.0525 0.0155
4 0.6827 0.6587 0.0595 0.017
4 0.6827 0.6514 0.055 0.019
4 0.6851 0.649 0.055 0.0155
4 0.6875 0.6466 0.049 0.0165
4 0.6875 0.6394 0.047 0.0155
4 0.6875 0.637 0.047 0.0145
4 0.6851 0.6346 0.0465 0.0125
4 0.6899 0.6274 0.039 0.0105
4 0.6851 0.625 0.0395 0.0115
4 0.6803 0.6202 0.0415 0.0135
4 0.6827 0.6178 0.039 0.0105
4 0.6851 0.6154 0.0375 0.0115
4 0.6803 0.6106 0.0355 0.0115
2 0.9135 0.5889 0.004 0.0065
10 0.9111 0.5913 0.0055 0.0065
2 0.8534 0.5769 0.0025 0.007
3 0.8534 0.5793 0.003 0.0055
4 0.9279 0.601 0.0205 0.0115
5 0.9519 0.6058 0.0215 0.0155
4 0.9904 0.6178 0.022 0.014
11 0.9159 0.5841 0.015 0.013
5 0.7548 0.5481 0.007 0.003
4 0.7933 0.5553 0.01 0.004
4 0.8389 0.5649 0.0135 0.005
4 0.8053 0.5625 0.0135 0.0035
