9 0.2356 0.5625 0.0421 0.0421
5 0.1058 0.3101 0.0107 0.0093
1 0.1971 0.5865 0.0036 0.0057
1 0.2572 0.5337 0.0029 0.0079
1 0.274 0.5192 0.0021 0.0036
1 0.2764 0.5144 0.0029 0.0057
4 0.2332 0.5048 0.0164 0.0107
5 0.2885 0.4736 0.0143 0.01
5 0.3005 0.4591 0.0143 0.0086
5 0.3558 0.4231 0.0129 0.0107
5 0.3702 0.4231 0.0107 0.0071
4 0.3462 0.4351 0.0143 0.0079
0 0.3149 0.4784 0.0021 0.0043
0 0.3005 0.4952 0.0043 0.0057
0 0.3101 0.4808 0.0029 0.0029
9 0.363 0.4543 0.0371 0.0321
1 0.3822 0.4327 0.0021 0.0057
4 0.3726 0.5409 0.0129 0.0114
5 0.3894 0.5817 0.0143 0.0186
9 0.476 0.5697 0.02 0.0486
6 0.6875 0.762 0.0193 0.0357
5 0.726 0.7596 0.0171 0.0271
5 0.8029 0.6755 0.0293 0.0143
5 0.7981 0.6635 0.0307 0.0136
5 0.7957 0.6514 0.0279 0.0143
5 0.7861 0.625 0.0271 0.0143
4 0.7212 0.625 0.0114 0.02
4 0.7043 0.5697 0.0114 0.0164
4 0.7043 0.5385 0.0121 0.015
4 0.6899 0.5024 0.0114 0.0136
5 0.7572 0.5505 0.025 0.0121
5 0.7524 0.5385 0.0229 0.0121
4 0.7476 0.5288 0.0207 0.01
4 0.7452 0.5168 0.0207 0.0093
5 0.7428 0.5048 0.0229 0.0107
5 0.7404 0.4976 0.0229 0.01
5 0.7356 0.4808 0.0214 0.01
4 0.7356 0.4904 0.02 0.0086
4 0.7308 0.4736 0.02 0.0079
4 0.7284 0.4688 0.0193 0.0071
5 0.7284 0.4615 0.0207 0.01
5 0.726 0.4519 0.0214 0.0107
5 0.7115 0.4375 0.0107 0.0129
5 0.7067 0.4255 0.01 0.0121
4 0.7043 0.4135 0.0079 0.01
5 0.6995 0.4014 0.0093 0.0129
5 0.6947 0.3894 0.01 0.0114
9 0.6731 0.4447 0.0179 0.0371
4 0.6779 0.4279 0.0093 0.0114
4 0.6755 0.4135 0.0086 0.0114
4 0.6707 0.399 0.0064 0.01
4 0.6659 0.3846 0.0071 0.0086
4 0.6635 0.375 0.0057 0.01
9 0.6538 0.3702 0.0129 0.03
5 0.5986 0.4543 0.0071 0.0121
5 0.4832 0.4447 0.01 0.0121
5 0.4375 0.4471 0.0114 0.0114
5 0.4231 0.4375 0.0129 0.0086
5 0.4183 0.4231 0.0107 0.0114
5 0.4087 0.4423 0.0114 0.0114
4 0.4231 0.4519 0.0114 0.0107
4 0.4303 0.4231 0.01 0.0093
9 0.4591 0.4159 0.015 0.0179
4 0.4519 0.4038 0.0086 0.0086
5 0.4471 0.4014 0.0086 0.0079
5 0.4303 0.4111 0.01 0.0093
5 0.4399 0.4111 0.01 0.01
4 0.4351 0.4014 0.0071 0.0064
9 0.4495 0.3678 0.0286 0.0193
5 0.4928 0.363 0.0086 0.0086
4 0.5264 0.3654 0.0071 0.0079
4 0.4615 0.351 0.0071 0.0079
0 0.476 0.3053 0.0036 0.0043
0 0.4688 0.3149 0.0021 0.0036
4 0.4808 0.3389 0.0093 0.0064
4 0.4904 0.3462 0.0093 0.0079
4 0.5048 0.3269 0.0079 0.0079
5 0.5048 0.3125 0.0071 0.0086
4 0.5072 0.3005 0.0057 0.0057
4 0.5288 0.3077 0.0064 0.0064
5 0.5312 0.2788 0.0064 0.0064
5 0.5385 0.2861 0.0071 0.005
5 0.5721 0.2861 0.0071 0.0071
5 0.5625 0.2837 0.0057 0.0071
4 0.5865 0.2764 0.005 0.0071
9 0.6947 0.2764 0.0214 0.0214
4 0.6178 0.2957 0.0064 0.0071
4 0.6106 0.2788 0.0057 0.0064
4 0.5889 0.2572 0.005 0.0071
9 0.5721 0.2356 0.0079 0.0093
4 0.5601 0.2476 0.0064 0.0057
5 0.5361 0.2548 0.0064 0.0057
5 0.5481 0.2596 0.0057 0.0057
0 0.5505 0.2668 0.005 0.0064
0 0.5577 0.2644 0.005 0.005
9 0.5625 0.2548 0.0057 0.0071
4 0.5505 0.2356 0.005 0.005
4 0.5601 0.2356 0.0057 0.005
4 0.5673 0.226 0.005 0.0043
4 0.6466 0.3221 0.0064 0.0057
0 0.649 0.2596 0.0079 0.0043
0 0.6587 0.2596 0.0093 0.005
1 0.5673 0.5505 0.0029 0.0057
1 0.5721 0.5385 0.0029 0.005
1 0.5673 0.5337 0.0021 0.0064
1 0.5769 0.5385 0.0021 0.005
1 0.5793 0.5 0.0036 0.005
1 0.5697 0.5024 0.0021 0.0043
1 0.5745 0.4808 0.0029 0.0043
4 0.7788 0.3582 0.01 0.0114
5 0.8125 0.3534 0.0143 0.015
5 0.8365 0.3534 0.0121 0.0121
4 0.8462 0.3534 0.0107 0.0121
5 0.8678 0.3534 0.015 0.015
5 0.8798 0.351 0.0157 0.0136
5 0.9255 0.3486 0.0179 0.0121
5 0.9471 0.3462 0.0143 0.0121
4 0.9591 0.3462 0.0143 0.0136
0 0.7236 0.3822 0.0021 0.0043
0 0.726 0.3894 0.0043 0.0071
0 0.7284 0.3966 0.0057 0.0086
0 0.7308 0.4014 0.0043 0.0071
0 0.7332 0.4087 0.0057 0.0057
4 0.7452 0.4207 0.0186 0.0093
5 0.75 0.4303 0.0193 0.01
4 0.7788 0.3726 0.0107 0.0121
4 0.7885 0.3726 0.0121 0.01
5 0.8341 0.3678 0.0136 0.0121
5 0.899 0.3654 0.0129 0.0136
4 0.9207 0.363 0.0129 0.0107
5 0.9447 0.3606 0.0136 0.0114
4 0.9327 0.363 0.0129 0.0107
5 0.9519 0.363 0.0121 0.0107
4 0.9663 0.3606 0.015 0.0136
4 0.9447 0.3726 0.0143 0.0129
5 0.8726 0.3774 0.0136 0.0107
5 0.7596 0.3966 0.0129 0.0129
5 0.7596 0.4087 0.0121 0.0121
5 0.7692 0.4087 0.0143 0.0129
4 0.7812 0.4087 0.0107 0.01
5 0.7909 0.4062 0.0114 0.0114
5 0.7933 0.3942 0.0129 0.0114
5 0.8053 0.3942 0.0114 0.0129
4 0.774 0.3966 0.01 0.0114
4 0.7837 0.3966 0.0107 0.0107
5 0.8269 0.3942 0.0129 0.01
4 0.8365 0.3942 0.0114 0.01
5 0.8462 0.3918 0.0121 0.01
0 0.8582 0.3918 0.0071 0.0036
0 0.8726 0.3918 0.0079 0.0043
0 0.8942 0.3918 0.0271 0.0036
5 0.9135 0.387 0.015 0.0129
0 0.9495 0.387 0.0514 0.005
0 0.9471 0.4014 0.0436 0.0043
0 0.9087 0.4014 0.0314 0.0029
0 0.8798 0.4038 0.03 0.0043
0 0.851 0.4062 0.0186 0.005
0 0.8293 0.4062 0.0157 0.005
0 0.8125 0.4087 0.0071 0.0057
0 0.8029 0.4087 0.0043 0.0036
0 0.9014 0.4159 0.0621 0.0071
5 0.9471 0.4111 0.0129 0.0114
5 0.8413 0.4159 0.0129 0.0107
5 0.851 0.4159 0.0107 0.01
5 0.8197 0.4183 0.0129 0.0107
5 0.7981 0.4183 0.015 0.0093
4 0.8077 0.4183 0.0143 0.0093
5 0.0168 0.6611 0.0207 0.0157
