5 0.3462 0.6058 0.075 0.0621
5 0.4255 0.6514 0.0779 0.0614
5 0.5048 0.6971 0.0871 0.0793
5 0.2692 0.5625 0.0736 0.055
5 0.2043 0.5216 0.0693 0.0593
4 0.149 0.4928 0.0657 0.0471
4 0.7861 0.3966 0.0343 0.0421
4 0.7284 0.375 0.0393 0.0457
4 0.8702 0.387 0.0371 0.04
4 0.8101 0.3582 0.0336 0.0343
4 0.6947 0.3221 0.0321 0.0314
4 0.7524 0.3365 0.0336 0.0379
4 0.7837 0.3462 0.0357 0.0393
4 0.8438 0.3678 0.0371 0.0393
4 0.6683 0.3101 0.0371 0.0393
4 0.7332 0.262 0.035 0.0364
4 0.7861 0.2716 0.0264 0.0307
5 0.6995 0.3582 0.0486 0.065
5 0.8245 0.4062 0.04 0.0493
5 0.6442 0.3389 0.0386 0.0436
5 0.762 0.3774 0.0379 0.0521
5 0.5385 0.3438 0.0521 0.0621
5 0.8606 0.3149 0.0786 0.0436
5 0.5986 0.2812 0.0329 0.0364
5 0.5745 0.3101 0.0393 0.0414
5 0.7212 0.3293 0.0393 0.0364
5 0.5745 0.2476 0.06 0.0364
5 0.5962 0.2428 0.0421 0.0271
5 0.6298 0.4303 0.0829 0.0571
5 0.5288 0.4062 0.0579 0.06
5 0.6298 0.4856 0.0564 0.0564
5 0.0409 0.4279 0.0614 0.0514
5 0.0913 0.4567 0.0614 0.0479
5 0.0096 0.4135 0.0186 0.0321
1 0.1322 0.4447 0.0157 0.02
1 0.1442 0.4423 0.0164 0.0193
1 0.0577 0.3678 0.015 0.0214
1 0.5072 0.6202 0.0164 0.0207
10 0.5625 0.7404 0.0236 0.0357
10 0.5865 0.7452 0.0207 0.0457
10 0.5962 0.7524 0.02 0.0371
10 0.6082 0.7548 0.0321 0.0471
10 0.6274 0.7596 0.0257 0.0443
10 0.637 0.7716 0.0193 0.0229
10 0.6562 0.7764 0.0143 0.0129
10 0.6731 0.774 0.0157 0.0143
10 0.6899 0.7764 0.0193 0.0086
1 0.1779 0.7404 0.0171 0.0193
10 0.9303 0.3221 0.0143 0.0257
10 0.9447 0.3245 0.015 0.0214
10 0.9567 0.3293 0.0164 0.0221
10 0.9688 0.3317 0.0171 0.025
10 0.9808 0.3269 0.015 0.0186
10 0.8029 0.2861 0.0157 0.0214
10 0.8173 0.2861 0.0164 0.0214
10 0.637 0.238 0.0179 0.0157
10 0.6779 0.2524 0.0221 0.015
10 0.6827 0.2452 0.0221 0.0107
10 0.6851 0.238 0.0214 0.01
10 0.6418 0.2284 0.0193 0.0164
10 0.6514 0.226 0.0157 0.0114
