4 0.5024 0.6947 0.0214 0.0464
5 0.2139 0.75 0.055 0.0357
4 0.2019 0.649 0.05 0.0221
4 0.5168 0.601 0.0207 0.0414
4 0.4712 0.5144 0.02 0.0293
4 0.2788 0.4712 0.0329 0.015
4 0.2115 0.5072 0.0271 0.0321
4 0.2644 0.3798 0.0157 0.0236
5 0.3125 0.3005 0.0121 0.0171
4 0.3053 0.2837 0.0121 0.0171
4 0.3389 0.1947 0.01 0.0121
4 0.351 0.1731 0.01 0.0114
4 0.8534 0.863 0.0607 0.0243
4 0.9423 0.738 0.05 0.025
4 0.6707 0.4014 0.0179 0.0243
4 0.6659 0.3774 0.0179 0.02
4 0.7115 0.3966 0.0171 0.0229
4 0.6707 0.3582 0.015 0.0186
6 0.6562 0.3558 0.0136 0.025
4 0.7476 0.4062 0.0257 0.015
6 0.7115 0.4712 0.0457 0.0357
4 0.7308 0.3678 0.0264 0.0143
4 0.7284 0.3582 0.03 0.0143
4 0.7212 0.351 0.025 0.0129
5 0.7139 0.3413 0.0229 0.0136
5 0.7067 0.3365 0.0243 0.0114
7 0.7356 0.6538 0.0164 0.0243
7 0.726 0.6346 0.0129 0.02
7 0.7091 0.6298 0.025 0.0129
7 0.7019 0.601 0.0279 0.0129
7 0.7139 0.5865 0.0171 0.0257
10 0.6923 0.6659 0.01 0.0157
4 0.5986 0.2933 0.0171 0.0121
4 0.6274 0.2837 0.0236 0.01
4 0.6442 0.2452 0.0136 0.015
4 0.5721 0.2236 0.0136 0.0107
5 0.5913 0.2716 0.0129 0.0179
4 0.7188 0.2043 0.0179 0.01
4 0.7139 0.1971 0.01 0.0107
4 0.6899 0.1971 0.01 0.0114
4 0.6803 0.1971 0.01 0.0121
4 0.6683 0.1995 0.0107 0.0121
4 0.6514 0.1635 0.0093 0.0107
5 0.6611 0.1611 0.0114 0.0129
4 0.5601 0.1346 0.01 0.0079
6 0.4351 0.2212 0.0207 0.04
6 0.4471 0.149 0.0114 0.0186
6 0.4303 0.1322 0.0207 0.01
4 0.3918 0.137 0.0143 0.0064
4 0.3918 0.1346 0.0157 0.0064
4 0.3942 0.1298 0.0143 0.0057
1 0.2957 0.2692 0.0029 0.0086
1 0.3053 0.3029 0.005 0.0079
4 0.3341 0.3077 0.0243 0.0129
4 0.3365 0.2981 0.025 0.0107
1 0.2812 0.3005 0.005 0.0093
1 0.2861 0.2981 0.005 0.0071
1 0.3077 0.3005 0.0036 0.0079
1 0.4471 0.1587 0.0043 0.0064
1 0.4543 0.1659 0.0043 0.0093
0 0.7716 0.6346 0.02 0.03
0 0.7284 0.5048 0.0264 0.0193
0 0.8053 0.6899 0.03 0.0329
