10 0.5697 0.6466 0.0343 0.0357
10 0.6611 0.75 0.0521 0.0493
4 0.7115 0.851 0.0857 0.0514
4 0.2284 0.7837 0.0821 0.0807
4 0.9543 0.726 0.0879 0.0886
4 0.9159 0.6875 0.0936 0.1014
1 0.9712 0.6202 0.0343 0.0293
4 0.8269 0.6106 0.0814 0.0907
4 0.7861 0.5625 0.0721 0.0771
4 0.7404 0.5264 0.0736 0.0686
4 0.7019 0.4904 0.0764 0.065
4 0.6635 0.4591 0.075 0.0671
4 0.6298 0.4279 0.0729 0.0671
5 0.5889 0.4014 0.075 0.0614
5 0.5649 0.3726 0.0629 0.0543
4 0.5361 0.3486 0.0729 0.0586
4 0.5024 0.3197 0.0721 0.0564
4 0.4712 0.2981 0.0707 0.06
10 0.476 0.2692 0.0243 0.0243
3 0.4784 0.2572 0.0257 0.0214
5 0.4375 0.2692 0.0657 0.0514
4 0.4183 0.238 0.0707 0.0536
10 0.399 0.2067 0.0264 0.0243
2 0.4014 0.2019 0.0157 0.0221
2 0.3966 0.2067 0.0136 0.0186
2 0.3918 0.2043 0.0164 0.0214
1 0.5024 0.25 0.0107 0.0264
1 0.512 0.25 0.0086 0.025
1 0.5048 0.238 0.0093 0.0207
1 0.5144 0.2356 0.01 0.0229
1 0.5 0.2212 0.0143 0.0236
2 0.5264 0.2139 0.0121 0.0107
2 0.5409 0.226 0.01 0.0107
2 0.5433 0.2139 0.0129 0.0114
2 0.5553 0.25 0.0121 0.0157
2 0.5721 0.2476 0.0129 0.0164
2 0.5913 0.2284 0.0093 0.0186
10 0.8846 0.4543 0.0264 0.0271
10 0.899 0.4615 0.0257 0.0279
10 0.7885 0.375 0.0207 0.0321
4 0.2476 0.1947 0.0743 0.055
4 0.3053 0.1562 0.0629 0.0443
5 0.2716 0.1466 0.0893 0.04
10 0.3101 0.1731 0.0307 0.035
10 0.3462 0.1587 0.0236 0.0286
1 0.2212 0.2332 0.0121 0.0264
1 0.2091 0.2308 0.015 0.0271
