4 0.1731 0.1346 0.035 0.0179
4 0.1731 0.1587 0.03 0.0307
4 0.1683 0.1971 0.0421 0.0536
4 0.1659 0.25 0.0421 0.0521
4 0.2212 0.2067 0.0436 0.0543
1 0.1875 0.2476 0.0186 0.03
4 0.1707 0.3029 0.0457 0.0507
4 0.1635 0.3558 0.055 0.0807
4 0.1707 0.4351 0.08 0.09
1 0.0649 0.4087 0.0314 0.0357
1 0.1995 0.524 0.0257 0.0407
1 0.238 0.5216 0.0271 0.0443
1 0.0385 0.649 0.0321 0.0407
6 0.1418 0.8005 0.1279 0.1514
4 0.3822 0.2139 0.0393 0.0493
4 0.4976 0.2548 0.0421 0.05
1 0.512 0.2452 0.0064 0.0164
10 0.4591 0.2524 0.015 0.0229
2 0.4615 0.2452 0.01 0.0229
1 0.4111 0.1851 0.0157 0.0321
1 0.4471 0.137 0.0129 0.02
4 0.6298 0.137 0.0479 0.0221
4 0.6514 0.1587 0.065 0.0343
4 0.5361 0.2067 0.0486 0.04
4 0.6034 0.2356 0.0457 0.0479
4 0.6322 0.2067 0.0536 0.0521
1 0.5168 0.2163 0.015 0.03
6 0.6034 0.2957 0.0757 0.0764
4 0.5649 0.3365 0.0529 0.0593
4 0.6514 0.375 0.0771 0.0693
4 0.6394 0.4519 0.0793 0.0907
5 0.7188 0.4688 0.0921 0.0864
5 0.726 0.3726 0.0971 0.0857
7 0.726 0.2043 0.0321 0.0207
4 0.7596 0.2764 0.0714 0.0707
10 0.7716 0.3486 0.03 0.0221
2 0.7716 0.3365 0.0143 0.0243
4 0.9231 0.4111 0.1157 0.0707
4 0.9087 0.4904 0.13 0.0807
4 0.8005 0.5577 0.1093 0.0943
4 0.8774 0.6995 0.1386 0.1479
4 0.9399 0.6611 0.1221 0.1493
4 0.9591 0.5385 0.08 0.0764
