7 0.0409 0.8678 0.0286 0.0171
1 0.1442 0.7909 0.0114 0.0093
4 0.1587 0.8606 0.0557 0.0329
2 0.2091 0.8582 0.0093 0.0107
10 0.2091 0.8558 0.015 0.0193
4 0.3486 0.7957 0.0436 0.0529
6 0.3822 0.6779 0.0557 0.0657
6 0.1635 0.7548 0.0393 0.0429
6 0.2091 0.6995 0.0443 0.0471
4 0.2476 0.6538 0.0414 0.0436
5 0.2764 0.6154 0.0407 0.0407
1 0.2284 0.649 0.0107 0.0107
10 0.2308 0.6202 0.0136 0.0171
2 0.2284 0.6226 0.0107 0.0093
1 0.1875 0.6034 0.0121 0.0093
1 0.2139 0.5938 0.0136 0.0071
1 0.1875 0.5913 0.0114 0.0079
1 0.1779 0.5889 0.0086 0.0064
2 0.1995 0.5673 0.0129 0.0086
2 0.2163 0.5529 0.0121 0.01
2 0.2212 0.5433 0.0071 0.0086
2 0.2115 0.5433 0.0086 0.0064
1 0.2452 0.5529 0.0093 0.0086
2 0.2284 0.5505 0.0093 0.0107
10 0.2548 0.5168 0.0136 0.015
4 0.0168 0.4976 0.0293 0.0479
4 0.1202 0.3942 0.0429 0.0214
4 0.1322 0.3702 0.0514 0.0236
4 0.137 0.3438 0.0514 0.025
4 0.0505 0.3317 0.0264 0.0493
4 0.0192 0.3341 0.0286 0.0464
1 0.3077 0.4591 0.0143 0.0114
1 0.3582 0.4159 0.0093 0.0064
1 0.3702 0.4062 0.0071 0.0071
1 0.363 0.399 0.0071 0.0071
3 0.3197 0.5697 0.0129 0.0086
7 0.3245 0.5601 0.0171 0.0171
5 0.363 0.5216 0.0486 0.0514
5 0.4062 0.476 0.0407 0.0393
4 0.4399 0.4375 0.0414 0.0421
4 0.3942 0.4087 0.0421 0.0479
1 0.4183 0.3654 0.0079 0.0093
4 0.4856 0.387 0.0414 0.0407
1 0.4471 0.3413 0.01 0.01
4 0.5312 0.3438 0.0407 0.0414
1 0.5264 0.3293 0.0086 0.0171
4 0.5673 0.3053 0.035 0.0371
2 0.5409 0.2548 0.0093 0.0136
3 0.5409 0.2572 0.0136 0.0179
5 0.5962 0.2764 0.0329 0.0329
5 0.6442 0.2308 0.0429 0.0471
1 0.5793 0.2115 0.01 0.0136
1 0.5553 0.2091 0.0057 0.0107
1 0.6154 0.1587 0.01 0.0157
1 0.6202 0.1707 0.0071 0.0107
1 0.6418 0.137 0.0086 0.0164
3 0.5072 0.6298 0.0143 0.015
2 0.5072 0.6298 0.01 0.0107
3 0.5312 0.6034 0.0157 0.0136
2 0.5312 0.6034 0.0093 0.0121
4 0.5312 0.5072 0.0414 0.0421
10 0.6034 0.5072 0.0143 0.0136
2 0.6034 0.5096 0.0079 0.0107
10 0.5216 0.4712 0.0143 0.0164
2 0.5216 0.4712 0.0086 0.0121
3 0.4495 0.4784 0.0143 0.0179
10 0.6779 0.4543 0.0171 0.0207
4 0.6779 0.3606 0.0421 0.0429
4 0.6971 0.2212 0.0429 0.0407
4 0.7139 0.2019 0.0429 0.0414
4 0.7356 0.1875 0.0364 0.0436
4 0.7115 0.1611 0.0414 0.0407
4 0.5409 0.8269 0.0429 0.0493
4 0.5986 0.7644 0.0443 0.0471
5 0.6418 0.7452 0.0236 0.0464
4 0.6683 0.726 0.0214 0.0514
4 0.7332 0.7067 0.0271 0.0536
5 0.6731 0.625 0.0421 0.0429
4 0.6611 0.6034 0.0414 0.0436
10 0.7788 0.6394 0.0164 0.0129
6 0.7668 0.5264 0.045 0.0443
4 0.7476 0.5096 0.035 0.035
4 0.7837 0.4784 0.0414 0.0414
4 0.8365 0.4543 0.04 0.0407
5 0.8486 0.5505 0.0407 0.0436
6 0.8894 0.3702 0.0471 0.0436
4 0.9014 0.2981 0.0414 0.0414
4 0.9183 0.1755 0.0429 0.0393
7 0.8774 0.1394 0.0236 0.0264
7 0.9688 0.2644 0.0364 0.0321
4 0.9856 0.2764 0.0307 0.0386
10 0.2548 0.5745 0.0186 0.0179
4 0.4519 0.8438 0.0436 0.0486
