4 0.2668 0.4976 0.0621 0.0393
4 0.2308 0.4832 0.0564 0.0393
4 0.5457 0.4904 0.0664 0.0414
4 0.3486 0.4663 0.0579 0.0357
4 0.3077 0.4543 0.0557 0.0364
6 0.4159 0.4327 0.0671 0.0407
4 0.3846 0.4279 0.0543 0.0321
4 0.5264 0.3918 0.05 0.03
4 0.4567 0.4014 0.0507 0.0279
4 0.512 0.3822 0.0421 0.0243
4 0.7885 0.3822 0.0436 0.0243
4 0.8726 0.3173 0.0336 0.0179
4 0.7764 0.2788 0.0321 0.0186
4 0.9663 0.3005 0.0321 0.0157
4 0.9928 0.25 0.0164 0.0136
2 0.7476 0.2572 0.0064 0.0086
10 0.7452 0.262 0.0071 0.0086
0 0.6082 0.2957 0.01 0.01
4 0.024 0.3726 0.0221 0.0236
4 0.0096 0.3077 0.0164 0.0186
4 0.012 0.2236 0.0186 0.02
1 0.1298 0.4712 0.0143 0.0179
2 0.1635 0.4447 0.0129 0.0229
2 0.2067 0.4159 0.0079 0.0193
10 0.2043 0.4183 0.0207 0.0121
10 0.1659 0.4471 0.025 0.0121
2 0.0841 0.3269 0.0071 0.0079
10 0.0865 0.3317 0.0071 0.01
0 0.0457 0.2139 0.015 0.0357
0 0.0769 0.3582 0.0121 0.0207
1 0.9639 0.3654 0.0107 0.0171
1 0.9736 0.3678 0.0079 0.015
2 0.9639 0.3269 0.0079 0.0121
2 0.9856 0.3389 0.0086 0.0093
10 0.9591 0.3293 0.0107 0.01
10 0.9832 0.3462 0.0143 0.0064
4 0.2019 0.7163 0.0921 0.0843
4 0.0625 0.8413 0.0557 0.0643
4 0.113 0.7236 0.0557 0.0493
1 0.25 0.8173 0.0171 0.0271
2 0.2188 0.8534 0.025 0.0164
10 0.2163 0.8534 0.0221 0.0421
0 0.2692 0.8053 0.0157 0.0293
