4 0.7764 0.5216 0.049 0.061
4 0.8053 0.3221 0.029 0.026
4 0.7861 0.25 0.0195 0.0175
4 0.8005 0.2236 0.0145 0.013
4 0.8005 0.2115 0.015 0.01
4 0.7356 0.226 0.0395 0.0125
1 0.5986 0.2332 0.0055 0.016
1 0.625 0.2861 0.0245 0.0245
1 0.5312 0.3726 0.039 0.036
1 0.5673 0.2668 0.0305 0.0215
5 0.5865 0.2524 0.023 0.024
4 0.6106 0.238 0.0205 0.0175
4 0.5168 0.3029 0.034 0.026
3 0.5288 0.2764 0.0165 0.0145
3 0.4928 0.2981 0.016 0.0155
10 0.5072 0.2885 0.0215 0.0135
10 0.3966 0.3149 0.0255 0.013
10 0.4736 0.274 0.015 0.0135
10 0.4832 0.2692 0.014 0.014
10 0.4688 0.3053 0.017 0.0135
1 0.4615 0.3077 0.0075 0.017
1 0.4639 0.3029 0.0065 0.0195
10 0.3413 0.3462 0.022 0.0145
1 0.8341 0.2716 0.0065 0.018
4 0.649 0.1899 0.013 0.01
4 0.6779 0.1899 0.012 0.011
4 0.6611 0.1875 0.0115 0.0135
4 0.6899 0.1803 0.013 0.0115
4 0.9111 0.4014 0.0685 0.0295
4 0.899 0.3774 0.0665 0.026
10 0.9375 0.4543 0.036 0.023
10 0.9375 0.4423 0.0405 0.023
3 0.9928 0.4423 0.012 0.0265
4 0.875 0.3149 0.051 0.02
4 0.8726 0.2933 0.0495 0.024
5 0.8558 0.2236 0.017 0.0175
4 0.8558 0.2139 0.012 0.012
4 0.8438 0.2043 0.0175 0.0095
5 0.8438 0.1995 0.0265 0.013
4 0.8462 0.1875 0.0135 0.01
4 0.7909 0.1611 0.0085 0.0075
4 0.8005 0.1538 0.0075 0.0055
5 0.8053 0.1466 0.007 0.0065
4 0.8125 0.1466 0.0115 0.006
4 0.7476 0.1683 0.008 0.0075
4 0.7596 0.1587 0.007 0.007
4 0.7428 0.1635 0.0085 0.006
4 0.8269 0.1731 0.0095 0.0095
4 0.8438 0.1803 0.012 0.0065
4 0.8413 0.1779 0.009 0.0055
4 0.8389 0.1731 0.0085 0.008
4 0.8389 0.1683 0.0075 0.007
4 0.8341 0.1659 0.009 0.006
4 0.8341 0.1611 0.0095 0.006
4 0.8389 0.1562 0.0205 0.0075
4 0.8317 0.1538 0.0075 0.0055
4 0.8317 0.1514 0.0085 0.007
4 0.8317 0.1538 0.0075 0.006
4 0.7981 0.1346 0.0045 0.005
4 0.8077 0.1298 0.005 0.006
2 0.8221 0.2115 0.0045 0.0085
10 0.8221 0.2139 0.0035 0.0065
2 0.8245 0.226 0.006 0.0115
10 0.8245 0.2308 0.0075 0.0105
4 0.3846 0.399 0.0565 0.0355
4 0.4231 0.6154 0.099 0.1095
4 0.0817 0.5288 0.1035 0.0515
4 0.2716 0.476 0.078 0.0545
4 0.2837 0.4303 0.075 0.045
1 0.2163 0.3894 0.017 0.029
3 0.1995 0.4255 0.021 0.0175
4 0.0433 0.6659 0.082 0.1165
4 0.6995 0.1755 0.009 0.0125
4 0.5817 0.2019 0.0275 0.0115
1 0.5889 0.2019 0.004 0.0105
1 0.6178 0.1971 0.0045 0.0105
1 0.6058 0.1971 0.0045 0.011
1 0.6034 0.1995 0.0055 0.012
10 0.6562 0.1779 0.0115 0.0065
10 0.6418 0.1851 0.008 0.006
1 0.6178 0.1875 0.003 0.01
1 0.613 0.1899 0.0035 0.01
10 0.9639 0.3702 0.01 0.022
10 0.9447 0.351 0.008 0.0195
10 0.9519 0.351 0.006 0.0195
3 0.9423 0.3293 0.008 0.0155
10 0.8894 0.2524 0.014 0.0085
10 0.8822 0.2476 0.014 0.0085
10 0.8894 0.2452 0.013 0.009
10 0.8798 0.2356 0.0065 0.011
10 0.8774 0.2308 0.0095 0.0095
2 0.8221 0.1827 0.0035 0.006
10 0.8221 0.1827 0.005 0.0075
4 0.7067 0.1683 0.007 0.0095
4 0.7091 0.1659 0.007 0.0095
4 0.7139 0.1635 0.006 0.008
4 0.7188 0.1562 0.013 0.006
4 0.7308 0.1514 0.0075 0.006
9 0.7572 0.137 0.0105 0.012
4 0.7644 0.149 0.0055 0.006
4 0.738 0.149 0.0085 0.007
1 0.7356 0.149 0.0015 0.007
1 0.738 0.149 0.0025 0.007
2 0.726 0.1659 0.0025 0.0065
4 0.7764 0.1418 0.007 0.006
4 0.774 0.137 0.0065 0.005
4 0.7644 0.1346 0.0055 0.005
4 0.7812 0.1298 0.0075 0.005
1 0.7524 0.1298 0.0025 0.0055
1 0.7548 0.1298 0.003 0.0055
10 0.3101 0.3702 0.0115 0.019
3 0.5216 0.2861 0.0145 0.009
1 0.3918 0.3101 0.005 0.0165
4 0.9808 0.6635 0.0395 0.0945
