4 0.5962 0.7548 0.035 0.0821
8 0.5913 0.5 0.0293 0.0429
2 0.5865 0.5048 0.0136 0.015
6 0.5889 0.3293 0.0336 0.0757
6 0.5938 0.1683 0.0371 0.0829
6 0.5577 0.2043 0.0386 0.0629
1 0.4159 0.2019 0.01 0.02
4 0.4639 0.137 0.0257 0.0229
4 0.4183 0.1659 0.0271 0.0393
6 0.3798 0.4375 0.0579 0.1336
1 0.3389 0.387 0.0086 0.0157
5 0.2356 0.399 0.0736 0.0357
10 0.3269 0.2524 0.0171 0.0179
8 0.4014 0.2548 0.0171 0.0279
2 0.5673 0.1611 0.0079 0.02
2 0.5625 0.1587 0.0071 0.0207
10 0.3197 0.3101 0.0243 0.015
1 0.375 0.625 0.0114 0.0114
1 0.3534 0.8221 0.0143 0.015
