1 0.3173 0.5986 0.0386 0.0743
1 0.3606 0.6058 0.0314 0.0736
4 0.0793 0.6442 0.1557 0.1157
4 0.6226 0.8029 0.1536 0.1471
4 0.9447 0.5048 0.115 0.1021
4 0.9159 0.4471 0.1714 0.0864
5 0.3197 0.1779 0.0393 0.06
4 0.3125 0.2404 0.05 0.0657
4 0.3005 0.3149 0.065 0.075
4 0.2885 0.4014 0.0879 0.1107
4 0.5817 0.5433 0.1057 0.1536
5 0.4712 0.6635 0.1164 0.2286
4 0.4567 0.4663 0.0836 0.13
4 0.4519 0.3101 0.0586 0.0814
4 0.5144 0.2837 0.0664 0.065
4 0.8534 0.399 0.1836 0.075
4 0.8293 0.3438 0.1543 0.0743
4 0.7163 0.2284 0.1257 0.0493
4 0.6947 0.2043 0.1071 0.0493
4 0.6322 0.149 0.0857 0.0343
4 0.4231 0.1514 0.0364 0.045
4 0.9567 0.7861 0.0886 0.1786
