9 0.0337 0.7115 0.0571 0.0714
5 0.113 0.6659 0.0307 0.0329
9 0.1923 0.4639 0.0679 0.0707
9 0.25 0.3894 0.0636 0.0614
9 0.2548 0.4062 0.0629 0.0607
9 0.3438 0.3173 0.0529 0.0514
1 0.1971 0.4207 0.0036 0.0093
1 0.2019 0.4183 0.0043 0.0079
1 0.2115 0.4038 0.005 0.0086
0 0.2043 0.4087 0.0071 0.0057
1 0.3005 0.3389 0.0029 0.0079
1 0.2788 0.351 0.0029 0.0071
1 0.2957 0.3413 0.0043 0.0071
1 0.3029 0.3365 0.005 0.0093
1 0.2764 0.3534 0.0029 0.0086
1 0.2885 0.3438 0.0079 0.0129
1 0.4038 0.2572 0.0036 0.01
1 0.4183 0.2452 0.0043 0.0114
0 0.387 0.2644 0.0021 0.0043
1 0.3942 0.2572 0.0029 0.0086
9 0.4447 0.2404 0.0471 0.0414
6 0.5312 0.226 0.015 0.01
9 0.5673 0.226 0.0186 0.0121
4 0.5601 0.2716 0.015 0.0157
10 0.5337 0.2428 0.005 0.0071
2 0.5337 0.2404 0.0036 0.0071
5 0.4639 0.3029 0.0193 0.0164
4 0.5192 0.3341 0.0164 0.0179
4 0.5361 0.3606 0.0186 0.0193
4 0.6058 0.375 0.0114 0.0214
4 0.4447 0.4111 0.0207 0.0214
5 0.4832 0.3918 0.0193 0.0264
4 0.5288 0.4207 0.0143 0.0229
9 0.7139 0.2596 0.0164 0.05
1 0.7236 0.2812 0.0029 0.0086
1 0.7236 0.2837 0.0036 0.0064
1 0.7404 0.4688 0.0043 0.01
1 0.7332 0.5192 0.0043 0.0093
1 0.7524 0.5144 0.0043 0.0086
1 0.75 0.5192 0.0043 0.0086
9 0.613 0.6995 0.0293 0.0921
4 0.4567 0.6274 0.0186 0.0364
4 0.5024 0.5457 0.0164 0.0321
5 0.4255 0.5096 0.0207 0.03
5 0.6058 0.4928 0.0143 0.025
9 0.6346 0.3726 0.0221 0.0636
1 0.6514 0.3245 0.0029 0.0086
1 0.6562 0.3317 0.0036 0.0086
1 0.6562 0.3269 0.0036 0.0086
1 0.6611 0.3029 0.0029 0.0086
10 0.2981 0.4543 0.0086 0.0107
2 0.2981 0.4543 0.0057 0.0086
5 0.2139 0.6106 0.0307 0.035
5 0.2572 0.4615 0.0243 0.0221
4 0.2837 0.6154 0.0264 0.0336
