4 0.1659 0.2788 0.0386 0.015
4 0.1779 0.3221 0.0314 0.0214
4 0.1394 0.3389 0.0329 0.0236
4 0.1034 0.3606 0.0379 0.025
5 0.1611 0.4135 0.0421 0.0321
4 0.1899 0.3942 0.0364 0.0293
4 0.1202 0.4447 0.0507 0.0371
4 0.0673 0.4928 0.065 0.0421
4 0.024 0.5385 0.0436 0.0471
4 0.0264 0.4519 0.0493 0.045
5 0.0409 0.4135 0.0514 0.0393
4 0.0337 0.4038 0.0564 0.045
10 0.012 0.3462 0.0164 0.0257
1 0.0337 0.3125 0.0107 0.0186
3 0.2812 0.4688 0.0264 0.0157
10 0.3558 0.4495 0.0221 0.02
10 0.2861 0.4495 0.0229 0.02
10 0.3221 0.4615 0.03 0.0157
3 0.3293 0.4688 0.0264 0.0157
3 0.3053 0.4688 0.0264 0.0157
10 0.4279 0.4784 0.0086 0.0221
1 0.4303 0.4591 0.01 0.0236
1 0.4543 0.4567 0.0086 0.0271
1 0.4688 0.4519 0.0107 0.0229
4 0.3245 0.5962 0.1086 0.0471
4 0.5264 0.601 0.1086 0.0464
4 0.6779 0.6034 0.1086 0.0464
1 0.5793 0.4519 0.01 0.0229
3 0.5745 0.4688 0.0214 0.0114
10 0.6635 0.4615 0.03 0.0157
1 0.625 0.4615 0.01 0.0193
3 0.4591 0.4904 0.0171 0.0229
1 0.2091 0.6418 0.0221 0.0321
1 0.1106 0.5769 0.0164 0.0286
1 0.1298 0.5841 0.0193 0.03
4 0.8942 0.5986 0.1107 0.0443
10 0.9303 0.476 0.0236 0.0243
