4 0.0769 0.6683 0.1514 0.1564
4 0.9062 0.7716 0.1879 0.2
4 0.7404 0.5841 0.205 0.13
4 0.7019 0.4976 0.1171 0.0736
4 0.6659 0.4471 0.0843 0.0657
4 0.6394 0.4255 0.0543 0.045
4 0.6322 0.4038 0.04 0.0393
4 0.5745 0.3678 0.0329 0.0257
4 0.5889 0.3558 0.0229 0.015
4 0.5865 0.3486 0.0243 0.0129
5 0.6082 0.3702 0.0343 0.0271
6 0.6226 0.3846 0.05 0.04
4 0.125 0.5889 0.2493 0.1057
4 0.1611 0.5385 0.2464 0.0907
4 0.226 0.5024 0.1757 0.0571
4 0.2933 0.4688 0.1493 0.0614
4 0.3293 0.4447 0.115 0.0586
4 0.4014 0.4111 0.0714 0.0364
6 0.3365 0.4038 0.1021 0.0786
4 0.4038 0.3582 0.0314 0.0186
4 0.4495 0.375 0.025 0.0229
4 0.4279 0.387 0.0293 0.03
5 0.4111 0.387 0.035 0.0357
5 0.3245 0.3462 0.0336 0.0186
0 0.5697 0.3293 0.0164 0.0143
