1 0.5601 0.6058 0.0021 0.0057
1 0.5577 0.5962 0.0021 0.0079
1 0.5216 0.5841 0.0029 0.0071
1 0.5409 0.5986 0.0029 0.0071
4 0.5457 0.7019 0.015 0.0186
4 0.5264 0.5673 0.0057 0.005
1 0.524 0.5553 0.0021 0.0043
2 0.5337 0.5601 0.0014 0.0043
4 0.4928 0.5697 0.005 0.005
4 0.4688 0.6226 0.01 0.0107
4 0.4808 0.6587 0.0114 0.0129
5 0.3293 0.7644 0.03 0.0393
4 0.3486 0.6995 0.0236 0.0207
4 0.3149 0.738 0.03 0.0279
4 0.2885 0.7716 0.0357 0.0343
4 0.2356 0.7885 0.0393 0.0379
4 0.2091 0.7861 0.045 0.035
4 0.2476 0.7476 0.0336 0.0293
4 0.274 0.75 0.0329 0.0314
4 0.3029 0.7212 0.0286 0.025
4 0.2812 0.7115 0.0271 0.0214
4 0.3029 0.6947 0.0243 0.0193
4 0.3029 0.6082 0.0221 0.0086
4 0.2692 0.6106 0.0229 0.0086
4 0.274 0.601 0.0086 0.0071
4 0.0072 0.6106 0.0121 0.0064
4 0.0312 0.6034 0.015 0.0079
4 0.0433 0.6058 0.0143 0.0086
4 0.0745 0.6034 0.0136 0.0086
4 0.0889 0.6034 0.0164 0.0079
4 0.1058 0.6034 0.0136 0.0079
4 0.1322 0.601 0.0171 0.01
4 0.1418 0.601 0.0186 0.01
4 0.0505 0.6106 0.0243 0.0071
4 0.0793 0.6274 0.0186 0.0136
4 0.3438 0.6034 0.0207 0.0064
4 0.3269 0.5913 0.0079 0.0086
4 0.3413 0.5986 0.0164 0.0064
4 0.351 0.5962 0.0186 0.0057
4 0.3558 0.5938 0.02 0.0057
4 0.3702 0.5938 0.0093 0.0064
4 0.3726 0.5889 0.0079 0.005
4 0.3774 0.5865 0.0064 0.0057
4 0.3822 0.5841 0.0086 0.005
4 0.3918 0.5817 0.0093 0.0079
5 0.387 0.5745 0.0143 0.0057
4 0.3894 0.5697 0.0093 0.0043
4 0.4351 0.5625 0.0057 0.0057
9 0.4495 0.5481 0.0071 0.0093
4 0.4519 0.5433 0.005 0.0036
4 0.4519 0.5385 0.0029 0.0029
4 0.4688 0.5385 0.0029 0.0021
4 0.4688 0.5337 0.0036 0.0021
4 0.4712 0.5312 0.0029 0.0021
4 0.4712 0.5312 0.0029 0.0029
4 0.4784 0.5288 0.0021 0.0029
4 0.4856 0.5288 0.0036 0.0021
4 0.4832 0.5264 0.0021 0.0007
4 0.476 0.5264 0.0021 0.0014
4 0.488 0.524 0.0021 0.0029
4 0.4856 0.524 0.0021 0.0021
4 0.4808 0.524 0.0021 0.0021
4 0.4062 0.5601 0.0107 0.0043
4 0.4183 0.5601 0.0079 0.0057
4 0.4135 0.5553 0.0093 0.0036
4 0.4159 0.5529 0.0079 0.0036
