4 0.0962 0.1394 0.0121 0.0171
4 0.0913 0.1587 0.0107 0.0164
4 0.0865 0.1803 0.0136 0.0179
4 0.0793 0.1995 0.0136 0.0186
4 0.0745 0.2188 0.0136 0.0193
4 0.0673 0.2356 0.0136 0.0179
4 0.0625 0.2572 0.0136 0.0193
1 0.0889 0.1947 0.005 0.0064
2 0.0144 0.1779 0.0064 0.0043
4 0.0553 0.2764 0.015 0.0164
6 0.0457 0.2957 0.025 0.0321
4 0.0409 0.3221 0.015 0.0193
4 0.0337 0.3438 0.0143 0.02
4 0.0288 0.3654 0.015 0.0221
4 0.0192 0.3894 0.0179 0.0214
6 0.0096 0.4135 0.0179 0.025
2 0.0168 0.4327 0.0071 0.0043
10 0.0192 0.4351 0.0057 0.0079
4 0.2308 0.149 0.0186 0.01
4 0.2284 0.1562 0.0186 0.0079
5 0.2284 0.1635 0.0243 0.015
4 0.2284 0.1755 0.0229 0.0107
4 0.2716 0.1683 0.02 0.0107
4 0.2236 0.1851 0.0221 0.0107
4 0.2212 0.2115 0.0236 0.0114
4 0.2668 0.1875 0.0207 0.0114
4 0.2596 0.2139 0.0207 0.01
5 0.2596 0.2236 0.0229 0.0129
1 0.3101 0.25 0.0043 0.0086
1 0.6899 0.6466 0.0064 0.005
1 0.7067 0.6514 0.0064 0.0043
4 0.6923 0.6659 0.03 0.0193
4 0.6947 0.6851 0.0279 0.015
4 0.6851 0.7019 0.0293 0.0143
4 0.6779 0.7188 0.0307 0.0129
4 0.6683 0.7428 0.0293 0.015
1 0.6875 0.7788 0.0036 0.0036
1 0.6923 0.7837 0.0071 0.0057
4 0.6611 0.7837 0.03 0.0164
4 0.6538 0.8029 0.0321 0.0186
4 0.6466 0.8245 0.0236 0.0157
4 0.6514 0.8462 0.0314 0.0214
4 0.6442 0.8678 0.0321 0.0157
1 0.7452 0.5409 0.0064 0.005
1 0.5168 0.4375 0.0036 0.005
1 0.5144 0.4399 0.0036 0.005
10 0.5072 0.3846 0.0071 0.0064
10 0.5024 0.3894 0.0057 0.0071
10 0.5 0.3918 0.0057 0.0064
10 0.4976 0.3918 0.0057 0.0079
1 0.5986 0.5096 0.0036 0.005
1 0.4183 0.4399 0.0036 0.0064
1 0.4207 0.4615 0.0043 0.005
1 0.375 0.3365 0.0043 0.0064
1 0.3774 0.3341 0.0036 0.005
1 0.3341 0.2764 0.005 0.0064
4 0.3269 0.1538 0.0093 0.0143
