4 0.399 0.6058 0.045 0.0543
4 0.4519 0.5409 0.0457 0.0536
1 0.0144 0.3101 0.0071 0.0164
1 0.1562 0.3966 0.0086 0.0157
1 0.1875 0.4014 0.0079 0.0143
1 0.1947 0.4255 0.0079 0.0171
1 0.1755 0.4207 0.0064 0.015
1 0.1659 0.4159 0.0093 0.0143
1 0.2476 0.2981 0.005 0.0157
1 0.1923 0.5192 0.0093 0.0186
1 0.0409 0.5962 0.0086 0.0157
1 0.0577 0.6034 0.0079 0.0121
1 0.1202 0.5913 0.01 0.0193
1 0.1418 0.6034 0.0107 0.0179
1 0.1562 0.5841 0.0064 0.02
8 0.0529 0.3726 0.0364 0.0186
10 0.0505 0.3197 0.0143 0.0121
10 0.0481 0.3365 0.0171 0.0157
10 0.0865 0.3462 0.0129 0.0129
10 0.0817 0.3293 0.0114 0.0157
10 0.0625 0.3341 0.0121 0.0157
10 0.1274 0.3606 0.0057 0.0164
10 0.0962 0.375 0.015 0.0093
10 0.137 0.3606 0.0071 0.0171
10 0.1466 0.3582 0.0079 0.015
10 0.1394 0.3389 0.0057 0.0179
10 0.1298 0.3389 0.0079 0.0171
10 0.113 0.3413 0.0086 0.0157
10 0.1226 0.3413 0.0057 0.0157
10 0.1562 0.3462 0.0057 0.015
10 0.1659 0.363 0.01 0.0179
10 0.1827 0.3606 0.0079 0.015
10 0.1923 0.3582 0.0071 0.0171
10 0.1875 0.3317 0.0079 0.015
10 0.1971 0.3317 0.0079 0.0164
10 0.2067 0.3462 0.0064 0.015
10 0.2212 0.3293 0.0064 0.0143
10 0.2212 0.3462 0.0071 0.0193
10 0.2308 0.3438 0.0086 0.0136
10 0.238 0.3558 0.0071 0.0171
10 0.2452 0.3389 0.0107 0.0179
10 0.3125 0.3197 0.0071 0.0179
10 0.3029 0.3197 0.0086 0.0164
10 0.2909 0.3221 0.0071 0.0171
10 0.2764 0.3365 0.0114 0.0157
10 0.2668 0.3245 0.0057 0.015
10 0.2596 0.3269 0.005 0.0136
10 0.25 0.3245 0.0079 0.015
10 0.274 0.3221 0.005 0.0114
3 0.2837 0.3221 0.005 0.0129
3 0.2284 0.3269 0.0071 0.0171
3 0.2091 0.3317 0.0036 0.0114
3 0.1755 0.3341 0.0071 0.0157
3 0.1514 0.3341 0.0057 0.0129
3 0.1034 0.3413 0.005 0.015
10 0.1611 0.3317 0.0057 0.0143
1 0.1683 0.3413 0.0064 0.0143
2 0.3149 0.3486 0.0107 0.0121
10 0.3606 0.3413 0.0193 0.0114
10 0.3245 0.5793 0.0186 0.03
10 0.2572 0.5721 0.0214 0.02
1 0.3438 0.7115 0.01 0.0286
1 0.3582 0.7067 0.0114 0.0264
1 0.4928 0.2356 0.0043 0.0136
1 0.4976 0.2356 0.0036 0.0129
1 0.5 0.238 0.0029 0.0121
4 0.4928 0.2837 0.0421 0.0207
4 0.5048 0.2692 0.0357 0.0186
4 0.5312 0.2572 0.0414 0.02
4 0.5385 0.2428 0.0379 0.0179
4 0.5505 0.2332 0.0371 0.0207
4 0.5625 0.2188 0.0414 0.0157
4 0.5889 0.1995 0.04 0.0214
4 0.5312 0.3077 0.0279 0.0307
4 0.4904 0.3125 0.0421 0.0321
5 0.4327 0.3365 0.0443 0.0236
4 0.4135 0.2644 0.0579 0.0371
4 0.5673 0.4639 0.0471 0.0436
1 0.375 0.7476 0.0057 0.02
1 0.3654 0.75 0.0057 0.0171
1 0.6803 0.4543 0.0064 0.0157
4 0.7067 0.2861 0.0314 0.0279
10 0.7188 0.3245 0.0121 0.0136
1 0.5986 0.2644 0.0043 0.0171
4 0.6034 0.1899 0.0364 0.02
4 0.6394 0.1635 0.0314 0.015
4 0.649 0.1538 0.0329 0.0164
4 0.6562 0.1442 0.0364 0.0171
4 0.6659 0.137 0.03 0.0136
4 0.6659 0.1322 0.03 0.0121
4 0.6755 0.1322 0.0293 0.0107
4 0.6178 0.1731 0.0321 0.015
1 0.5817 0.1635 0.0043 0.0086
1 0.8341 0.25 0.0079 0.0136
1 0.7885 0.3606 0.005 0.0193
2 0.2548 0.5673 0.0121 0.0114
2 0.7188 0.3221 0.0064 0.0093
