9 0.75 0.6923 0.0621 0.1136
9 0.8125 0.7236 0.0729 0.115
4 0.6875 0.7356 0.0429 0.0636
9 0.7188 0.5192 0.0557 0.0643
9 0.7596 0.5986 0.0607 0.1
9 0.7067 0.5962 0.0614 0.0979
9 0.6034 0.6394 0.055 0.1214
5 0.3462 0.5072 0.0279 0.0357
6 0.5 0.4111 0.0279 0.0564
5 0.4615 0.3942 0.0214 0.0321
4 0.4663 0.3558 0.0157 0.0164
4 0.4904 0.3317 0.0136 0.02
9 0.6779 0.5144 0.0543 0.0743
9 0.649 0.4663 0.04 0.06
9 0.625 0.4832 0.0336 0.0507
9 0.6322 0.4231 0.0286 0.0393
4 0.613 0.4543 0.0214 0.0229
6 0.6707 0.375 0.0564 0.0236
9 0.5721 0.5096 0.0321 0.0807
6 0.4904 0.2812 0.0107 0.0207
6 0.4351 0.2668 0.0107 0.0179
9 0.5024 0.2572 0.0143 0.0207
4 0.4808 0.238 0.01 0.01
4 0.5192 0.3173 0.0121 0.01
4 0.5096 0.2428 0.0107 0.0071
4 0.5192 0.2356 0.0086 0.0071
4 0.476 0.274 0.0114 0.0093
4 0.4712 0.2957 0.0129 0.0143
4 0.4207 0.2909 0.0129 0.0129
4 0.4014 0.351 0.0164 0.015
1 0.5769 0.5625 0.0114 0.02
0 0.5385 0.2644 0.0429 0.0321
