6 0.0529 0.75 0.0407 0.0579
5 0.113 0.7236 0.0229 0.035
5 0.1779 0.7212 0.0214 0.0371
4 0.375 0.6394 0.0193 0.0343
9 0.476 0.7212 0.0486 0.0871
9 0.6082 0.4014 0.0893 0.0521
5 0.1082 0.2428 0.0243 0.0264
4 0.2308 0.375 0.0279 0.03
4 0.2091 0.3942 0.0229 0.0321
4 0.1731 0.4567 0.0221 0.0336
4 0.1322 0.5144 0.0221 0.0321
5 0.1683 0.5216 0.0221 0.0321
4 0.2043 0.5361 0.0214 0.0314
6 0.2572 0.5096 0.0314 0.0493
4 0.2356 0.4495 0.0243 0.0314
4 0.2692 0.4495 0.0221 0.0321
4 0.3317 0.5337 0.0371 0.0236
4 0.4615 0.4615 0.0357 0.0207
4 0.4832 0.476 0.0343 0.0221
4 0.8077 0.3293 0.0357 0.0221
5 0.9736 0.4567 0.0336 0.0229
2 0.899 0.4736 0.0043 0.0057
1 0.7236 0.3293 0.0079 0.005
1 0.726 0.3245 0.0071 0.0057
1 0.7332 0.3269 0.0071 0.0043
1 0.7212 0.3149 0.005 0.0064
1 0.726 0.3173 0.005 0.005
0 0.7115 0.3053 0.0071 0.0036
9 0.637 0.2356 0.0271 0.0321
9 0.6562 0.2452 0.0407 0.0514
9 0.6803 0.2476 0.0421 0.055
9 0.7019 0.2452 0.0407 0.0514
9 0.7188 0.2524 0.0336 0.0479
9 0.7452 0.25 0.0464 0.0614
9 0.7668 0.25 0.0436 0.0593
9 0.7933 0.2476 0.0429 0.0536
9 0.8197 0.2452 0.0407 0.0486
9 0.8413 0.2476 0.0436 0.0536
9 0.863 0.25 0.0464 0.0593
0 0.7909 0.2812 0.0064 0.0064
