4 0.4688 0.4495 0.0343 0.025
4 0.4808 0.7043 0.0414 0.0429
4 0.4495 0.6562 0.0371 0.0464
5 0.4279 0.6731 0.0336 0.0386
5 0.6322 0.6058 0.0393 0.0371
4 0.2404 0.6971 0.0307 0.0521
4 0.6611 0.5601 0.0407 0.0286
4 0.863 0.6635 0.0457 0.0379
4 0.3173 0.5168 0.0371 0.0243
0 0.0072 0.1562 0.0143 0.05
0 0.024 0.1298 0.0464 0.0079
0 0.0625 0.1683 0.02 0.0364
0 0.0913 0.2356 0.0229 0.035
0 0.1202 0.262 0.0093 0.0093
1 0.1274 0.2716 0.0043 0.01
2 0.1274 0.3029 0.0043 0.0071
2 0.1899 0.3534 0.0057 0.0071
7 0.1298 0.3077 0.0086 0.0121
10 0.1923 0.3558 0.0093 0.0071
4 0.3053 0.2548 0.01 0.0093
4 0.1803 0.3029 0.0157 0.01
4 0.2043 0.3341 0.0157 0.0129
7 0.2284 0.4279 0.0143 0.0186
1 0.2909 0.4231 0.0071 0.01
0 0.3269 0.4375 0.01 0.0186
1 0.4615 0.5625 0.0071 0.0121
1 0.5 0.5673 0.0064 0.0129
5 0.4159 0.512 0.0464 0.0321
5 0.4567 0.4351 0.0271 0.0221
10 0.4591 0.4231 0.0114 0.0079
10 0.5 0.4375 0.0107 0.0086
1 0.4712 0.4135 0.005 0.0114
5 0.3149 0.4928 0.0193 0.0171
5 0.3798 0.5457 0.0393 0.0243
4 0.7019 0.8558 0.0636 0.0357
4 0.7716 0.7163 0.055 0.0436
10 0.6514 0.7524 0.0171 0.0143
2 0.649 0.7548 0.0086 0.01
2 0.6538 0.75 0.0071 0.0114
1 0.0769 0.8101 0.015 0.0179
10 0.0577 0.7188 0.0221 0.0243
1 0.0264 0.5096 0.0129 0.015
1 0.8173 0.8149 0.0143 0.0164
4 0.8846 0.4856 0.0329 0.0257
0 0.8438 0.6106 0.0486 0.0379
10 0.9279 0.5673 0.0186 0.0136
11 0.3317 0.8341 0.035 0.04
4 0.9712 0.5505 0.0143 0.0136
4 0.9567 0.5553 0.0121 0.0136
10 0.625 0.5361 0.0121 0.0114
