4 0.3654 0.8462 0.0315 0.0485
5 0.3413 0.8029 0.034 0.0475
4 0.3197 0.7716 0.0335 0.0435
4 0.3101 0.7236 0.025 0.034
4 0.3966 0.726 0.024 0.0365
4 0.3966 0.6611 0.022 0.029
4 0.4808 0.6851 0.02 0.031
4 0.5457 0.6082 0.015 0.019
4 0.5144 0.5216 0.012 0.0115
4 0.5577 0.4736 0.01 0.009
4 0.5096 0.4712 0.0095 0.0095
4 0.5601 0.4519 0.009 0.008
4 0.5457 0.4471 0.0095 0.009
4 0.5288 0.4519 0.009 0.0085
4 0.5144 0.4591 0.0095 0.0095
4 0.4591 0.4615 0.01 0.0105
4 0.5 0.4471 0.009 0.0095
4 0.4784 0.4399 0.009 0.009
4 0.4928 0.4327 0.01 0.0095
4 0.5072 0.4303 0.009 0.0085
4 0.4688 0.4279 0.0085 0.009
4 0.5144 0.3918 0.0075 0.007
4 0.5144 0.4111 0.0085 0.0075
4 0.5409 0.4087 0.0075 0.0075
4 0.5649 0.4207 0.008 0.0075
4 0.5505 0.387 0.007 0.005
4 0.5673 0.4038 0.0075 0.007
4 0.5312 0.3798 0.0065 0.006
4 0.5216 0.3822 0.007 0.0065
4 0.5385 0.3702 0.0065 0.0055
4 0.5192 0.3702 0.0065 0.0055
4 0.5433 0.3606 0.0065 0.0045
4 0.5337 0.351 0.005 0.0045
4 0.5481 0.351 0.0055 0.005
4 0.5361 0.3438 0.0055 0.0045
4 0.5529 0.3462 0.005 0.0045
4 0.5457 0.3438 0.006 0.005
4 0.5433 0.3365 0.005 0.004
4 0.5529 0.3341 0.005 0.005
4 0.5457 0.3317 0.005 0.004
4 0.5817 0.3341 0.005 0.004
4 0.5865 0.3245 0.004 0.0035
4 0.5769 0.3197 0.004 0.003
4 0.5889 0.3053 0.0035 0.003
4 0.5938 0.3029 0.0035 0.0025
4 0.5721 0.3101 0.0035 0.0035
4 0.5673 0.3029 0.0035 0.003
4 0.5721 0.3053 0.0025 0.003
4 0.5697 0.3077 0.0035 0.003
4 0.5625 0.3053 0.0035 0.0035
4 0.5721 0.2981 0.003 0.0025
4 0.5745 0.3005 0.0035 0.003
4 0.5769 0.2957 0.003 0.003
4 0.5793 0.2957 0.003 0.003
4 0.4399 0.512 0.0135 0.0145
4 0.4399 0.4808 0.0115 0.0115
2 0.2981 0.6635 0.0065 0.013
3 0.2981 0.6683 0.0075 0.0115
5 0.3077 0.6298 0.023 0.023
4 0.2284 0.7091 0.0315 0.0335
4 0.2188 0.6707 0.0335 0.0285
4 0.2452 0.6394 0.0275 0.024
4 0.1731 0.6466 0.0285 0.0215
4 0.1947 0.6226 0.0295 0.022
4 0.1659 0.7284 0.037 0.0385
4 0.0986 0.726 0.0395 0.0315
4 0.0433 0.8173 0.062 0.026
4 0.0288 0.8413 0.057 0.0295
4 0.0457 0.762 0.0475 0.0435
4 0.0361 0.7212 0.0255 0.029
1 0.0096 0.7067 0.008 0.016
4 0.149 0.6707 0.03 0.0245
4 0.137 0.6226 0.039 0.022
4 0.1394 0.5962 0.038 0.0185
4 0.0553 0.7957 0.059 0.025
1 0.0649 0.6779 0.006 0.0135
1 0.1995 0.5817 0.005 0.0125
1 0.2043 0.5865 0.0055 0.0115
4 0.1827 0.5817 0.0335 0.0205
4 0.1995 0.5625 0.0315 0.0185
4 0.5264 0.8173 0.024 0.042
4 0.7764 0.7764 0.054 0.0275
5 0.4447 0.8606 0.033 0.0295
2 0.5625 0.851 0.0085 0.012
10 0.5625 0.8558 0.0095 0.024
5 0.5962 0.8438 0.029 0.0475
9 0.762 0.8197 0.1405 0.108
3 0.7163 0.7236 0.0105 0.017
3 0.7308 0.738 0.018 0.0115
3 0.7572 0.7356 0.016 0.011
3 0.8077 0.7572 0.019 0.012
3 0.8077 0.7404 0.0115 0.0175
3 0.8365 0.7668 0.016 0.011
3 0.8582 0.762 0.019 0.0115
3 0.8822 0.7644 0.0175 0.013
3 0.6611 0.6779 0.0055 0.014
5 0.5192 0.6082 0.0165 0.02
5 0.5072 0.5577 0.013 0.0145
5 0.4904 0.5409 0.015 0.0155
5 0.5312 0.5337 0.012 0.014
5 0.5337 0.5 0.0115 0.0115
5 0.5529 0.4976 0.011 0.0115
5 0.524 0.476 0.01 0.01
5 0.5409 0.4784 0.011 0.012
5 0.4639 0.4976 0.0115 0.013
5 0.4471 0.5385 0.0155 0.0205
5 0.4543 0.5697 0.016 0.0235
5 0.3966 0.6106 0.0205 0.0295
5 0.2212 0.5481 0.02 0.018
5 0.2308 0.5673 0.0225 0.0245
9 0.2404 0.6058 0.0555 0.024
5 0.0769 0.6899 0.0415 0.0355
5 0.1178 0.6562 0.0305 0.0295
5 0.125 0.6947 0.0365 0.029
4 0.137 0.6322 0.041 0.026
5 0.0938 0.7548 0.0515 0.0235
5 0.0793 0.7716 0.053 0.0285
4 0.0625 0.8558 0.0575 0.04
5 0.1659 0.5793 0.027 0.0165
5 0.2524 0.5577 0.026 0.017
4 0.262 0.5385 0.018 0.0175
5 0.2837 0.5288 0.028 0.0165
5 0.2764 0.4976 0.0265 0.0115
4 0.2452 0.4976 0.029 0.011
1 0.2572 0.4952 0.0025 0.008
4 0.3245 0.5 0.023 0.01
2 0.3774 0.524 0.004 0.0085
10 0.3774 0.5264 0.004 0.0065
2 0.3846 0.5144 0.004 0.0105
3 0.3846 0.5168 0.0045 0.0085
5 0.4591 0.4784 0.0115 0.0125
5 0.4856 0.4784 0.01 0.0135
5 0.4832 0.4567 0.011 0.012
4 0.4303 0.4327 0.0095 0.008
2 0.4519 0.4303 0.003 0.0055
10 0.4519 0.4327 0.0035 0.0055
1 0.4231 0.4255 0.003 0.0065
4 0.4231 0.4231 0.016 0.0075
0 0.4327 0.4062 0.017 0.016
4 0.5048 0.4062 0.0085 0.008
5 0.4856 0.4207 0.0095 0.0095
5 0.4856 0.4038 0.0085 0.009
5 0.4952 0.4062 0.009 0.0085
5 0.5024 0.3966 0.008 0.01
5 0.524 0.3894 0.0075 0.01
4 0.5048 0.375 0.0065 0.006
5 0.5264 0.3606 0.0065 0.0055
5 0.5264 0.3726 0.0065 0.0065
5 0.5288 0.3678 0.006 0.0055
5 0.5361 0.3606 0.0045 0.0055
5 0.5409 0.351 0.0055 0.0055
5 0.5577 0.3365 0.005 0.0045
5 0.5553 0.3293 0.0045 0.005
5 0.5625 0.3245 0.0045 0.0045
5 0.5553 0.3197 0.004 0.004
4 0.5577 0.3173 0.004 0.003
4 0.5625 0.3197 0.0045 0.0035
4 0.5745 0.3365 0.0055 0.0045
4 0.5889 0.3173 0.004 0.0035
4 0.5938 0.3173 0.004 0.0035
5 0.5865 0.3125 0.005 0.004
5 0.5793 0.3149 0.0035 0.0035
5 0.5913 0.3125 0.0035 0.004
4 0.5817 0.3197 0.004 0.0035
5 0.5769 0.3269 0.0045 0.004
4 0.5649 0.3486 0.0055 0.004
5 0.5769 0.3462 0.005 0.005
5 0.5793 0.351 0.005 0.0045
9 0.5865 0.3413 0.0085 0.0105
4 0.5769 0.3606 0.006 0.005
5 0.5601 0.363 0.006 0.005
4 0.5745 0.3726 0.0055 0.0055
5 0.5625 0.3798 0.006 0.005
5 0.5577 0.399 0.0075 0.006
5 0.5697 0.3894 0.007 0.0065
5 0.5433 0.3942 0.0075 0.0085
5 0.5505 0.4279 0.0085 0.0085
5 0.5361 0.4279 0.008 0.009
9 0.5553 0.3077 0.0065 0.0085
6 0.5625 0.3077 0.005 0.0065
5 0.5793 0.3029 0.005 0.005
5 0.5745 0.2957 0.0035 0.003
5 0.5793 0.2933 0.0025 0.004
4 0.5841 0.2933 0.0035 0.003
5 0.5913 0.2933 0.0025 0.003
4 0.5962 0.2933 0.003 0.0025
4 0.6034 0.2957 0.003 0.003
4 0.601 0.2885 0.003 0.0025
5 0.5865 0.2885 0.003 0.0025
5 0.5817 0.2885 0.002 0.003
4 0.5793 0.2885 0.003 0.0025
4 0.5793 0.2861 0.0025 0.0025
9 0.5745 0.2837 0.0045 0.005
0 0.6058 0.2596 0.0505 0.051
