4 0.4856 0.5865 0.0379 0.0586
4 0.6875 0.6971 0.085 0.0493
4 0.4087 0.476 0.0464 0.0436
4 0.4591 0.4231 0.0421 0.0386
4 0.4736 0.375 0.0364 0.0307
4 0.4231 0.4183 0.0486 0.0429
4 0.3654 0.4784 0.0493 0.0421
4 0.5889 0.2957 0.0264 0.0243
4 0.6106 0.2692 0.02 0.0214
4 0.6274 0.2284 0.02 0.0171
4 0.5553 0.3245 0.0286 0.0314
4 0.5 0.375 0.0264 0.0243
5 0.5361 0.3389 0.025 0.0279
1 0.3918 0.3413 0.0107 0.0193
10 0.9087 0.5745 0.0314 0.0186
10 0.2764 0.4736 0.0157 0.0264
10 0.3029 0.4856 0.0229 0.0179
2 0.9135 0.5673 0.0157 0.0186
2 0.3029 0.4784 0.0129 0.0171
2 0.2764 0.4663 0.0114 0.0221
0 0.1659 0.5337 0.02 0.0321
4 0.4615 0.8245 0.0507 0.1
3 0.6875 0.8053 0.0236 0.0343
2 0.6899 0.7933 0.0186 0.0264
0 0.488 0.2837 0.0114 0.0221
0 0.5577 0.2188 0.0086 0.0164
4 0.7668 0.1587 0.0143 0.0107
