4 0.387 0.637 0.14 0.0971
4 0.0505 0.6803 0.0979 0.1114
4 0.5577 0.5601 0.0843 0.06
4 0.6803 0.5409 0.0586 0.0536
4 0.6298 0.4928 0.0543 0.0386
4 0.7452 0.4712 0.0586 0.0293
4 0.6274 0.4567 0.04 0.0307
4 0.7067 0.4255 0.0286 0.0207
4 0.726 0.4014 0.0236 0.0179
4 0.7139 0.3894 0.0186 0.0143
4 0.7885 0.3942 0.0186 0.0143
4 0.7644 0.3702 0.01 0.0086
4 0.7548 0.363 0.0107 0.0079
0 0.7933 0.3293 0.0443 0.02
0 0.7716 0.3558 0.0214 0.0157
4 0.7524 0.3462 0.0107 0.0064
0 0.7596 0.3365 0.0086 0.0121
0 0.7644 0.3245 0.0071 0.0086
0 0.7139 0.3438 0.0164 0.0071
1 0.6875 0.3486 0.0043 0.0114
0 0.7404 0.3413 0.0093 0.0129
2 0.7933 0.4399 0.0093 0.0193
2 0.7981 0.4591 0.0121 0.0164
10 0.7909 0.4447 0.0064 0.0121
10 0.7957 0.4663 0.0114 0.0164
0 0.8077 0.3942 0.0143 0.0243
0 0.8029 0.363 0.01 0.0229
1 0.863 0.4351 0.0093 0.0243
1 0.8726 0.4375 0.0086 0.0264
2 0.5216 0.4014 0.005 0.015
10 0.524 0.4062 0.0064 0.0064
2 0.7933 0.3774 0.005 0.0093
10 0.7933 0.3798 0.0036 0.0093
0 0.8221 0.4159 0.0079 0.0157
0 0.7885 0.363 0.005 0.0093
