4 0.1298 0.7548 0.0571 0.055
4 0.1418 0.7212 0.0536 0.055
4 0.2019 0.6779 0.0464 0.0514
4 0.2812 0.6587 0.0479 0.0486
4 0.3101 0.6322 0.0493 0.0507
4 0.4183 0.5433 0.0514 0.0529
4 0.4447 0.5361 0.0436 0.0429
5 0.226 0.6587 0.05 0.0564
5 0.4736 0.5264 0.0436 0.0493
4 0.5072 0.5072 0.0429 0.0393
4 0.5264 0.488 0.0414 0.04
4 0.5264 0.4615 0.0371 0.0329
4 0.5457 0.4567 0.0421 0.0414
4 0.5601 0.4447 0.0386 0.0357
4 0.5745 0.4303 0.0379 0.0343
4 0.5938 0.4231 0.04 0.0336
4 0.613 0.4062 0.0414 0.0357
4 0.6298 0.3966 0.0407 0.0307
4 0.6442 0.3798 0.04 0.0321
4 0.637 0.4327 0.0414 0.0321
4 0.6827 0.3942 0.0357 0.0321
4 0.6562 0.3726 0.0393 0.0307
4 0.7091 0.375 0.0307 0.0271
4 0.726 0.351 0.035 0.0314
4 0.7332 0.3413 0.0357 0.0286
4 0.7452 0.3341 0.0357 0.0271
4 0.6803 0.3558 0.0364 0.0293
4 0.6659 0.3606 0.0386 0.0364
4 0.8822 0.399 0.0393 0.0343
4 0.9062 0.4135 0.0329 0.0307
4 0.375 0.7716 0.0336 0.02
4 0.4159 0.7644 0.0357 0.035
4 0.4519 0.7668 0.0336 0.0279
4 0.5048 0.75 0.0336 0.0629
