4 0.3365 0.5986 0.0412 0.0162
8 0.2909 0.6707 0.0438 0.024
1 0.5048 0.7091 0.0094 0.0162
8 0.4952 0.7019 0.0214 0.0365
4 0.4688 0.6346 0.0376 0.0209
4 0.4712 0.6226 0.0418 0.0177
5 0.5889 0.5841 0.0324 0.0183
8 0.6346 0.6707 0.0538 0.0303
8 0.6731 0.625 0.0569 0.0297
8 0.6707 0.6154 0.0564 0.0245
8 0.7067 0.5962 0.0204 0.0313
8 0.5817 0.5769 0.0204 0.0146
5 0.5913 0.5697 0.0397 0.0157
5 0.5986 0.5457 0.0277 0.0157
4 0.5889 0.5433 0.0271 0.0151
4 0.6226 0.5337 0.0303 0.013
4 0.6226 0.5216 0.0292 0.0125
4 0.6226 0.5168 0.0287 0.0136
5 0.6202 0.512 0.0292 0.0136
8 0.5793 0.5096 0.0078 0.0125
7 0.5433 0.5144 0.013 0.0094
10 0.6226 0.5577 0.0141 0.0099
8 0.625 0.5505 0.0193 0.0157
8 0.6683 0.4928 0.0104 0.0125
1 0.6394 0.4952 0.0047 0.0104
2 0.5072 0.5481 0.0057 0.0078
1 0.5 0.5433 0.0031 0.0104
3 0.5072 0.5433 0.013 0.0068
2 0.524 0.5168 0.0063 0.0057
7 0.5312 0.5096 0.0099 0.0057
7 0.524 0.4976 0.0167 0.0115
1 0.524 0.4784 0.0042 0.0068
7 0.5288 0.4808 0.0104 0.0084
7 0.5817 0.4928 0.0078 0.011
1 0.5841 0.4904 0.0047 0.0089
1 0.5793 0.4928 0.0068 0.0104
1 0.5817 0.476 0.0042 0.0094
8 0.5889 0.476 0.0078 0.011
8 0.5649 0.4591 0.0073 0.0099
4 0.6082 0.4736 0.0219 0.0094
4 0.5938 0.4663 0.0204 0.0099
5 0.6082 0.4639 0.0167 0.0089
4 0.5986 0.4615 0.0141 0.0063
4 0.6058 0.4615 0.0177 0.0073
5 0.6034 0.4567 0.024 0.011
2 0.5457 0.4543 0.0021 0.0052
10 0.5457 0.4543 0.0057 0.0042
10 0.5409 0.4543 0.0052 0.0042
10 0.5577 0.4303 0.0063 0.0052
10 0.5505 0.4279 0.0057 0.0037
10 0.5433 0.4375 0.0052 0.0042
10 0.5601 0.4255 0.0031 0.0047
2 0.5625 0.4231 0.0026 0.0052
0 0.5529 0.4231 0.011 0.0063
1 0.5673 0.4303 0.0026 0.0063
1 0.5649 0.4303 0.0026 0.0057
3 0.5649 0.4303 0.0021 0.0052
10 0.5721 0.4303 0.0031 0.0047
2 0.5721 0.4279 0.0031 0.0042
1 0.5721 0.4255 0.0031 0.0063
1 0.5601 0.4111 0.0026 0.0052
2 0.5649 0.4159 0.0031 0.0047
10 0.5625 0.4183 0.0026 0.0037
5 0.5625 0.4087 0.0068 0.0068
8 0.5697 0.4062 0.0042 0.0063
8 0.5721 0.4038 0.0042 0.0057
7 0.5769 0.4062 0.0047 0.0047
2 0.5769 0.4038 0.0026 0.0037
4 0.5841 0.4375 0.0188 0.0068
4 0.5865 0.4327 0.0162 0.0068
4 0.6034 0.4399 0.0167 0.0073
4 0.6034 0.4375 0.0167 0.0084
5 0.6034 0.4351 0.013 0.0078
1 0.613 0.4351 0.0037 0.0078
5 0.601 0.4327 0.013 0.0078
4 0.6034 0.4303 0.0151 0.0063
4 0.6034 0.4279 0.0177 0.0078
4 0.5913 0.4303 0.0146 0.0068
8 0.5865 0.4255 0.0125 0.0073
8 0.6154 0.4207 0.011 0.0068
8 0.6034 0.4183 0.0089 0.0052
4 0.601 0.4159 0.0146 0.0057
4 0.601 0.4135 0.0136 0.0063
4 0.5865 0.4159 0.0063 0.0068
4 0.5841 0.4135 0.0141 0.0057
4 0.5889 0.4135 0.0157 0.0063
8 0.5841 0.4111 0.0084 0.0042
4 0.637 0.4255 0.0084 0.0078
4 0.625 0.399 0.0057 0.0052
0 0.5505 0.4135 0.0078 0.0063
0 0.5601 0.399 0.0136 0.0073
1 0.5697 0.3966 0.0026 0.0026
1 0.5697 0.3966 0.0021 0.0047
1 0.5721 0.3966 0.0021 0.0047
1 0.5745 0.399 0.0021 0.0052
1 0.5769 0.399 0.0016 0.0052
8 0.5673 0.3918 0.0037 0.0047
2 0.5745 0.3942 0.0026 0.0031
7 0.5745 0.3942 0.0057 0.0031
10 0.637 0.4062 0.0031 0.0042
2 0.6346 0.4062 0.0016 0.0037
6 0.6394 0.3774 0.011 0.0094
6 0.6394 0.3654 0.0078 0.0099
9 0.6562 0.3702 0.0063 0.0068
4 0.6611 0.3822 0.0047 0.0042
4 0.6635 0.387 0.0063 0.0047
4 0.6562 0.3894 0.0063 0.0047
8 0.6779 0.3918 0.0052 0.0057
6 0.6659 0.4014 0.0099 0.0115
4 0.6683 0.4135 0.0084 0.0084
4 0.6707 0.4111 0.0073 0.0063
4 0.6827 0.4135 0.0073 0.0068
5 0.7019 0.4207 0.0078 0.0078
1 0.6683 0.4279 0.0026 0.0037
10 0.6683 0.4303 0.0031 0.0047
4 0.6875 0.4447 0.0094 0.0089
6 0.726 0.4375 0.0188 0.0167
6 0.738 0.4375 0.0115 0.012
6 0.7548 0.4591 0.0271 0.0256
4 0.7596 0.4495 0.0115 0.0104
9 0.7188 0.4856 0.0198 0.0198
4 0.7452 0.4928 0.0162 0.0146
6 0.7861 0.4952 0.0177 0.0151
2 0.7909 0.4712 0.0031 0.0052
2 0.7885 0.4712 0.0047 0.0068
10 0.7885 0.4712 0.0047 0.0073
10 0.8173 0.4808 0.011 0.0068
1 0.8654 0.4976 0.0037 0.0094
4 0.8053 0.5192 0.0188 0.0136
8 0.8798 0.5 0.0193 0.0125
2 0.9327 0.5072 0.0047 0.0047
10 0.9279 0.5072 0.0063 0.0099
1 0.9255 0.5312 0.0042 0.0115
2 0.9255 0.5361 0.0084 0.0089
4 0.9423 0.5361 0.0292 0.0162
8 0.9639 0.5433 0.0245 0.0167
2 0.9591 0.5168 0.0052 0.0084
10 0.9615 0.5192 0.0104 0.0078
7 0.9639 0.512 0.0188 0.0089
10 0.9808 0.512 0.0084 0.0084
10 0.9856 0.5048 0.0063 0.0073
8 0.9928 0.5841 0.0151 0.0188
6 0.9471 0.6154 0.0684 0.0527
8 0.7861 0.75 0.0256 0.0365
11 0.8221 0.7524 0.0511 0.0574
1 0.7236 0.7596 0.0068 0.0172
2 0.7188 0.774 0.0099 0.013
8 0.7356 0.75 0.0183 0.0256
8 0.6995 0.6947 0.0569 0.0282
7 0.7091 0.6755 0.0292 0.0157
1 0.7284 0.6755 0.0068 0.0198
7 0.738 0.6779 0.0193 0.0313
2 0.7284 0.5697 0.0063 0.0104
10 0.7284 0.5745 0.0078 0.0125
11 0.6971 0.5457 0.0318 0.0491
10 0.6755 0.4928 0.0052 0.0084
2 0.6755 0.4928 0.0047 0.0057
1 0.6611 0.4784 0.0037 0.0089
8 0.6587 0.476 0.0084 0.012
10 0.6442 0.4495 0.0047 0.0052
10 0.6178 0.4471 0.0089 0.0068
10 0.726 0.4255 0.0037 0.0042
2 0.726 0.4231 0.0026 0.0047
10 0.863 0.488 0.0084 0.0063
7 0.8438 0.4832 0.0104 0.012
1 0.6514 0.4832 0.0042 0.0089
3 0.6538 0.4856 0.0099 0.0057
4 0.6394 0.4038 0.0047 0.0047
7 0.8125 0.4615 0.0052 0.0063
7 0.8029 0.4567 0.0068 0.0078
1 0.7981 0.4567 0.0031 0.0068
1 0.7981 0.4543 0.0026 0.0063
6 0.7933 0.4519 0.0094 0.0094
8 0.7668 0.4351 0.0084 0.0073
11 0.762 0.4375 0.011 0.0063
0 0.7764 0.4351 0.0094 0.0089
4 0.7596 0.4159 0.011 0.0068
4 0.7572 0.4135 0.012 0.0057
5 0.7572 0.4111 0.0125 0.0068
5 0.7548 0.4111 0.012 0.0047
5 0.75 0.4087 0.0157 0.0073
6 0.75 0.4038 0.0198 0.0084
5 0.7428 0.4038 0.011 0.0068
5 0.7404 0.4038 0.0104 0.0057
4 0.738 0.4038 0.0125 0.0057
5 0.7356 0.399 0.011 0.0057
4 0.7284 0.3966 0.011 0.0057
4 0.7404 0.3966 0.011 0.0057
6 0.7284 0.3918 0.0167 0.0073
4 0.7236 0.3942 0.012 0.0057
4 0.7212 0.3918 0.0104 0.0042
4 0.7163 0.3894 0.0104 0.0052
4 0.7139 0.387 0.0094 0.0052
4 0.7115 0.387 0.0089 0.0047
4 0.7067 0.3846 0.0094 0.0042
5 0.7043 0.3822 0.0094 0.0042
4 0.7019 0.3798 0.0084 0.0037
5 0.7043 0.3798 0.0073 0.0047
5 0.726 0.387 0.0094 0.0047
4 0.7236 0.3846 0.0094 0.0047
5 0.7212 0.3846 0.0078 0.0031
4 0.7188 0.3846 0.0089 0.0047
4 0.7163 0.3822 0.0084 0.0052
8 0.7115 0.3822 0.0052 0.0042
0 0.7404 0.3894 0.0157 0.0063
0 0.7548 0.399 0.011 0.0057
0 0.7957 0.4062 0.0475 0.0177
0 0.7644 0.3894 0.0235 0.0094
0 0.738 0.3822 0.0188 0.0084
0 0.6923 0.3702 0.0506 0.0162
0 0.5673 0.387 0.0193 0.0099
0 0.5913 0.387 0.0224 0.0303
0 0.5913 0.363 0.0188 0.0157
0 0.5745 0.3654 0.012 0.0073
0 0.5745 0.3774 0.0052 0.0073
0 0.6274 0.3486 0.0193 0.023
0 0.613 0.3606 0.0172 0.0308
0 0.6538 0.3582 0.0104 0.011
