4 0.2981 0.7428 0.1564 0.1707
4 0.637 0.6466 0.1586 0.1471
4 0.4303 0.488 0.1179 0.105
4 0.6562 0.4135 0.0993 0.07
4 0.2812 0.3798 0.0986 0.08
4 0.1346 0.2548 0.0714 0.0593
4 0.0697 0.1442 0.0514 0.035
4 0.1322 0.1514 0.0514 0.0329
4 0.2524 0.1827 0.0629 0.0393
5 0.113 0.1755 0.0493 0.0429
5 0.4279 0.2236 0.0629 0.0564
4 0.3005 0.1635 0.0621 0.0464
4 0.3197 0.2139 0.065 0.0436
5 0.262 0.1418 0.045 0.0329
9 0.3317 0.2788 0.185 0.1564
4 0.4615 0.2957 0.0864 0.0643
4 0.5337 0.3462 0.095 0.0629
4 0.7115 0.2596 0.0714 0.0493
4 0.6755 0.2428 0.0714 0.055
4 0.6322 0.2308 0.0629 0.0443
4 0.5601 0.2043 0.0529 0.0443
5 0.613 0.2115 0.0536 0.0471
5 0.5264 0.1923 0.0771 0.0529
4 0.4856 0.1779 0.0571 0.0321
4 0.4567 0.1659 0.055 0.0357
4 0.4255 0.1587 0.0557 0.0329
4 0.3726 0.1394 0.0607 0.0243
1 0.9231 0.6346 0.0386 0.0529
1 0.8389 0.5144 0.0243 0.0436
1 0.9375 0.4832 0.0271 0.045
1 0.9087 0.4904 0.03 0.0436
1 0.8293 0.4736 0.025 0.0357
1 0.8558 0.4519 0.03 0.0471
1 0.6683 0.3341 0.015 0.0371
2 0.6322 0.3341 0.0157 0.0329
1 0.7212 0.2837 0.0121 0.0336
3 0.7212 0.2885 0.0386 0.0179
7 0.649 0.3077 0.0629 0.0571
7 0.6923 0.363 0.0571 0.05
1 0.8702 0.1875 0.0129 0.0271
1 0.8942 0.1779 0.0114 0.0243
1 0.8774 0.1779 0.0121 0.0271
1 0.5938 0.3726 0.0171 0.0429
1 0.5433 0.3678 0.0157 0.0429
1 0.5913 0.2668 0.0157 0.035
1 0.5024 0.226 0.0136 0.0329
2 0.5793 0.3702 0.0143 0.0243
1 0.4856 0.2019 0.0121 0.0321
1 0.3942 0.1851 0.0114 0.0293
1 0.399 0.1851 0.0107 0.0286
1 0.3365 0.1394 0.0121 0.0279
10 0.3678 0.1538 0.0257 0.0214
10 0.3966 0.1538 0.0221 0.0193
2 0.1947 0.1514 0.015 0.0271
3 0.1995 0.1587 0.0136 0.0179
10 0.1683 0.1466 0.025 0.0214
2 0.1635 0.1442 0.0121 0.0229
1 0.2139 0.137 0.0121 0.0207
1 0.2091 0.137 0.0107 0.0193
