5 0.2957 0.8365 0.0707 0.0807
4 0.3438 0.7428 0.0671 0.0893
4 0.2668 0.7476 0.0536 0.0807
4 0.399 0.6466 0.0607 0.0843
4 0.4495 0.5553 0.0557 0.0721
4 0.3822 0.5505 0.0514 0.07
4 0.4255 0.4832 0.0479 0.0643
4 0.4615 0.4111 0.0393 0.0586
4 0.4135 0.3582 0.045 0.0586
4 0.5312 0.4087 0.0443 0.0586
4 0.5649 0.238 0.04 0.05
4 0.5841 0.1899 0.0357 0.05
4 0.2957 0.5409 0.0571 0.0693
4 0.3221 0.6538 0.07 0.0907
4 0.1923 0.6923 0.0721 0.0829
5 0.4207 0.8462 0.055 0.0607
4 0.4519 0.7957 0.0543 0.0879
4 0.4808 0.7452 0.05 0.0821
4 0.5938 0.8149 0.0864 0.0686
5 0.6106 0.7716 0.0836 0.0614
4 0.6659 0.6587 0.0779 0.0564
5 0.5337 0.6322 0.0529 0.0821
4 0.5553 0.5841 0.0521 0.075
4 0.5745 0.5433 0.0493 0.0664
5 0.5962 0.4952 0.05 0.0707
4 0.4928 0.4784 0.0493 0.065
4 0.6947 0.5457 0.0786 0.0571
4 0.7212 0.4832 0.0664 0.0457
4 0.7452 0.4255 0.0743 0.0436
4 0.7572 0.4014 0.0743 0.0457
4 0.6154 0.4543 0.0507 0.0586
4 0.6346 0.4087 0.0521 0.0593
4 0.6538 0.375 0.0464 0.065
4 0.6707 0.3438 0.0507 0.0557
4 0.6875 0.3125 0.0436 0.0529
4 0.5649 0.3462 0.0393 0.0571
6 0.5 0.3413 0.0464 0.0721
5 0.5409 0.2837 0.0357 0.0464
4 0.5938 0.2885 0.0407 0.0536
4 0.6226 0.2356 0.035 0.0543
5 0.6418 0.1875 0.03 0.0457
4 0.7019 0.2812 0.045 0.0571
4 0.7139 0.25 0.04 0.0479
4 0.7308 0.2163 0.0493 0.0471
4 0.7356 0.1875 0.0536 0.0421
4 0.7428 0.1683 0.0593 0.0443
4 0.7572 0.149 0.0529 0.0414
6 0.4495 0.2957 0.0479 0.0529
6 0.4808 0.2332 0.0543 0.0814
0 0.8197 0.2548 0.1443 0.2286
