4 0.0481 0.2692 0.0121 0.01
4 0.0793 0.2764 0.0207 0.0114
4 0.1082 0.274 0.02 0.0186
4 0.2067 0.4255 0.0207 0.0143
4 0.1923 0.4591 0.015 0.0157
4 0.1707 0.4423 0.0193 0.0136
4 0.1514 0.7524 0.0436 0.0329
4 0.2861 0.7212 0.0179 0.0236
6 0.2572 0.7957 0.0707 0.0436
4 0.2019 0.7692 0.0443 0.0293
4 0.3101 0.8101 0.0264 0.0207
4 0.3438 0.8293 0.0314 0.0243
4 0.387 0.8438 0.0371 0.03
4 0.4327 0.8654 0.0393 0.0236
4 0.3197 0.7163 0.0221 0.0321
4 0.274 0.6635 0.015 0.0279
4 0.3582 0.6803 0.0279 0.0186
4 0.3726 0.6514 0.0307 0.0171
4 0.3173 0.3197 0.0207 0.0093
4 0.4712 0.4014 0.0207 0.0114
4 0.4567 0.4423 0.0221 0.0107
4 0.4375 0.488 0.0243 0.0114
4 0.4231 0.5264 0.025 0.0171
4 0.4062 0.5721 0.0271 0.0129
4 0.3918 0.5962 0.0257 0.0129
4 0.5096 0.6274 0.015 0.0279
4 0.524 0.6322 0.0129 0.03
4 0.4904 0.5913 0.0221 0.0157
4 0.5337 0.8077 0.02 0.035
4 0.5793 0.7524 0.0293 0.0193
4 0.5841 0.7404 0.03 0.0179
4 0.5841 0.7236 0.0279 0.0193
4 0.5889 0.7067 0.0279 0.0193
4 0.601 0.6731 0.0271 0.0164
4 0.6034 0.6587 0.0264 0.0157
4 0.613 0.6202 0.0279 0.0171
4 0.625 0.5793 0.0243 0.0186
4 0.6466 0.5577 0.0264 0.0164
4 0.6611 0.4519 0.0221 0.02
4 0.6707 0.4135 0.0214 0.0179
4 0.6779 0.3894 0.0221 0.015
4 0.6827 0.3654 0.0193 0.0186
4 0.6514 0.3173 0.0229 0.0136
4 0.6538 0.2837 0.0243 0.015
4 0.6779 0.262 0.0186 0.0121
4 0.5216 0.274 0.0214 0.015
4 0.5168 0.2837 0.0229 0.0143
4 0.5144 0.2933 0.0221 0.0136
4 0.5096 0.3053 0.0221 0.0129
4 0.5048 0.3245 0.0214 0.0136
4 0.5 0.3341 0.0229 0.0129
4 0.4976 0.3413 0.0229 0.0121
4 0.4952 0.351 0.0179 0.0093
4 0.4904 0.3606 0.0214 0.0107
4 0.7596 0.3149 0.0207 0.0164
4 0.7861 0.3245 0.0243 0.0143
4 0.8486 0.2861 0.0129 0.0193
4 0.8101 0.8149 0.0271 0.0314
4 0.8173 0.8005 0.0271 0.0321
4 0.8317 0.7332 0.0293 0.02
4 0.8341 0.7163 0.0286 0.02
4 0.8365 0.6611 0.0279 0.0171
4 0.8389 0.6274 0.03 0.0193
10 0.851 0.5673 0.0093 0.0071
4 0.8245 0.5337 0.0129 0.025
4 0.8101 0.4928 0.0243 0.0193
4 0.8173 0.4615 0.0229 0.0207
4 0.8173 0.4519 0.0229 0.0193
4 0.8197 0.3966 0.0221 0.0164
4 0.8269 0.375 0.0221 0.0179
4 0.8293 0.363 0.0221 0.02
4 0.8918 0.2788 0.0207 0.0129
4 0.8918 0.2572 0.0193 0.0107
4 0.8894 0.2452 0.0214 0.0121
4 0.8894 0.2188 0.0221 0.0143
4 0.8918 0.1875 0.0193 0.0107
4 0.8942 0.1707 0.0186 0.0129
4 0.8966 0.1611 0.0186 0.0107
4 0.9062 0.1466 0.0207 0.01
4 0.9014 0.1394 0.0229 0.0114
4 0.976 0.351 0.0186 0.0136
4 0.762 0.1394 0.0207 0.0114
5 0.7548 0.1803 0.0193 0.0129
4 0.7524 0.1947 0.02 0.0079
4 0.75 0.2019 0.0214 0.01
4 0.6034 0.137 0.0229 0.0107
4 0.5962 0.1562 0.0214 0.01
4 0.5913 0.1635 0.0179 0.01
4 0.5938 0.1707 0.0186 0.0107
4 0.524 0.2188 0.0236 0.0143
4 0.4736 0.2043 0.0214 0.0129
4 0.4399 0.1322 0.0186 0.0107
5 0.3822 0.1611 0.0207 0.015
4 0.3317 0.2212 0.015 0.015
4 0.3486 0.1707 0.025 0.0129
4 0.4111 0.4495 0.0136 0.0086
4 0.1923 0.351 0.0193 0.0121
10 0.8389 0.488 0.0079 0.0043
4 0.0505 0.6082 0.0236 0.015
4 0.0433 0.6202 0.0257 0.0129
