4 0.476 0.7115 0.035 0.0364
4 0.226 0.6875 0.0336 0.0257
4 0.4087 0.637 0.0257 0.0207
4 0.4784 0.6418 0.0286 0.0257
9 0.5553 0.6202 0.0543 0.0686
4 0.5529 0.5192 0.0179 0.015
4 0.6154 0.476 0.0143 0.015
4 0.6034 0.4327 0.0114 0.0107
4 0.6635 0.5192 0.0171 0.0171
4 0.6971 0.4327 0.0121 0.0129
4 0.6538 0.3942 0.0086 0.0107
4 0.6587 0.351 0.0071 0.0086
4 0.7163 0.3678 0.0079 0.0114
4 0.6418 0.3341 0.0071 0.0071
4 0.6322 0.2716 0.01 0.0057
4 0.7548 0.2812 0.0079 0.0071
9 0.6178 0.238 0.0079 0.0107
4 0.8438 0.2548 0.0086 0.0057
5 0.8654 0.2476 0.01 0.0064
