4 0.0553 0.6779 0.0365 0.046
4 0.0938 0.6755 0.036 0.0485
4 0.1755 0.6779 0.0375 0.043
4 0.2596 0.6611 0.0295 0.0375
4 0.3005 0.6779 0.0395 0.0455
4 0.3846 0.6707 0.0315 0.0415
4 0.3293 0.7524 0.0745 0.026
4 0.4351 0.6683 0.045 0.0485
4 0.5144 0.6755 0.0255 0.0345
3 0.4904 0.8269 0.033 0.0145
2 0.4904 0.8197 0.016 0.026
2 0.5385 0.8173 0.014 0.0215
3 0.5385 0.8197 0.0335 0.017
1 0.6106 0.8654 0.012 0.0215
4 0.5841 0.6587 0.037 0.054
4 0.6322 0.6659 0.0465 0.0525
4 0.6755 0.6635 0.0345 0.0455
4 0.7163 0.6635 0.0315 0.0445
4 0.7308 0.726 0.0835 0.0435
3 0.7548 0.8077 0.0265 0.021
2 0.7572 0.8029 0.019 0.0305
2 0.8269 0.7644 0.009 0.0175
1 0.8197 0.75 0.017 0.0215
1 0.8486 0.726 0.013 0.0255
3 0.9231 0.7236 0.018 0.0275
2 0.9231 0.7139 0.017 0.02
4 0.9736 0.6899 0.0515 0.0525
4 0.9712 0.6178 0.057 0.041
6 0.8654 0.4615 0.0665 0.0255
0 0.7356 0.3894 0.068 0.059
0 0.6851 0.3365 0.038 0.0285
1 0.7067 0.3269 0.004 0.01
1 0.6562 0.3221 0.004 0.012
1 0.6611 0.3197 0.0045 0.0105
4 0.6562 0.2788 0.0195 0.0085
4 0.6346 0.351 0.0185 0.0155
1 0.5745 0.3846 0.006 0.0145
1 0.5769 0.4111 0.0065 0.015
1 0.6034 0.4038 0.0045 0.014
1 0.6202 0.4062 0.005 0.014
1 0.6226 0.4255 0.0055 0.0155
3 0.5793 0.4207 0.0145 0.009
3 0.5817 0.4279 0.015 0.0105
1 0.637 0.5168 0.009 0.021
1 0.6394 0.5144 0.0075 0.0205
1 0.6514 0.5168 0.008 0.0205
0 0.5168 0.5024 0.0095 0.028
0 0.5601 0.488 0.0495 0.08
0 0.6034 0.4856 0.0575 0.091
4 0.7548 0.6418 0.0545 0.042
4 0.7476 0.5913 0.056 0.0345
4 0.7981 0.5865 0.0315 0.0335
1 0.851 0.6538 0.016 0.022
6 0.8197 0.5433 0.0525 0.067
3 0.8702 0.5577 0.013 0.019
2 0.8702 0.5553 0.0105 0.021
2 0.8894 0.5505 0.0095 0.0185
3 0.887 0.5553 0.014 0.018
3 0.9014 0.6034 0.0185 0.0215
2 0.9038 0.5986 0.012 0.017
1 0.9062 0.5889 0.014 0.0225
2 0.9135 0.5889 0.0115 0.023
3 0.9928 0.5769 0.017 0.014
3 0.988 0.5697 0.0205 0.015
3 0.9639 0.5553 0.02 0.0155
3 0.9591 0.5433 0.0215 0.0135
3 0.9543 0.5409 0.0215 0.0125
3 0.9808 0.5625 0.023 0.0135
7 0.9303 0.2572 0.011 0.009
9 0.9303 0.2452 0.0275 0.012
4 0.9375 0.2163 0.0045 0.005
4 0.9447 0.2163 0.0105 0.005
4 0.9543 0.2163 0.009 0.0055
4 0.9639 0.2163 0.009 0.0065
4 0.8846 0.2212 0.017 0.006
4 0.863 0.2139 0.006 0.0055
4 0.851 0.2139 0.01 0.0055
6 0.8293 0.2115 0.0155 0.007
4 0.8125 0.238 0.015 0.007
3 0.7812 0.476 0.0105 0.012
2 0.7788 0.4712 0.0075 0.0135
4 0.7139 0.5457 0.045 0.028
4 0.7043 0.5288 0.049 0.0265
4 0.6995 0.5072 0.045 0.0265
4 0.6851 0.4832 0.0395 0.025
4 0.6779 0.4688 0.0385 0.021
4 0.6683 0.4519 0.036 0.021
4 0.6587 0.4399 0.035 0.0185
4 0.6466 0.4303 0.036 0.018
4 0.6394 0.4183 0.037 0.018
4 0.726 0.4784 0.0315 0.0255
4 0.7019 0.4519 0.0285 0.023
4 0.6875 0.4303 0.026 0.018
4 0.6779 0.4062 0.029 0.0245
1 0.5913 0.3678 0.0065 0.013
4 0.6034 0.3654 0.036 0.013
0 0.5769 0.3462 0.0185 0.0315
0 0.5962 0.3486 0.018 0.0155
