4 0.6538 0.6875 0.0321 0.0443
4 0.601 0.8197 0.0364 0.0736
4 0.4784 0.75 0.0264 0.0571
4 0.5072 0.625 0.0221 0.0336
4 0.5288 0.512 0.0164 0.0214
4 0.5649 0.5385 0.0171 0.0214
4 0.5168 0.5577 0.0171 0.0236
4 0.6418 0.5601 0.02 0.0243
4 0.6418 0.4904 0.0171 0.0143
4 0.6202 0.4327 0.01 0.0114
4 0.5697 0.4495 0.0114 0.0129
4 0.5673 0.476 0.0114 0.015
4 0.5505 0.4736 0.0136 0.0129
5 0.5481 0.5096 0.0164 0.0221
0 0.7428 0.3269 0.035 0.0293
4 0.6394 0.4111 0.01 0.0086
4 0.6827 0.3486 0.0086 0.0036
0 0.7115 0.3582 0.015 0.0064
5 0.5649 0.6635 0.0229 0.0421
0 0.7476 0.6442 0.0129 0.0193
0 0.7139 0.5673 0.0093 0.0179
