4 0.3654 0.6923 0.0493 0.0314
4 0.2332 0.6587 0.0514 0.0286
4 0.1418 0.6394 0.0507 0.0286
4 0.0264 0.613 0.0486 0.0279
4 0.6202 0.7981 0.025 0.0593
4 0.762 0.7885 0.06 0.0336
4 0.8005 0.762 0.0607 0.0329
4 0.6082 0.5505 0.0157 0.035
4 0.6226 0.4423 0.0143 0.0286
4 0.6346 0.3053 0.0121 0.0193
4 0.637 0.2644 0.0107 0.0186
4 0.6899 0.2692 0.0114 0.015
4 0.6875 0.2548 0.01 0.0157
4 0.6875 0.2428 0.0107 0.0157
4 0.6394 0.25 0.01 0.0164
4 0.6394 0.2404 0.01 0.0121
4 0.6995 0.5505 0.0186 0.0343
5 0.6298 0.3413 0.0136 0.0236
5 0.6322 0.3197 0.0114 0.0207
5 0.6418 0.2236 0.01 0.0179
5 0.6442 0.2091 0.01 0.0164
5 0.726 0.2861 0.0286 0.0136
5 0.3077 0.6755 0.0464 0.0286
6 0.6178 0.4832 0.0279 0.0564
6 0.6346 0.2837 0.0121 0.0179
7 0.6947 0.3125 0.0093 0.0164
7 0.6298 0.387 0.0129 0.0193
7 0.6226 0.4087 0.015 0.0186
7 0.7043 0.625 0.0121 0.0229
10 0.6971 0.5096 0.0157 0.0121
10 0.6995 0.5216 0.015 0.0107
10 0.6707 0.4976 0.0079 0.015
10 0.6707 0.5264 0.0079 0.0157
10 0.6683 0.5601 0.0079 0.0143
10 0.6995 0.5817 0.0121 0.015
10 0.6707 0.6707 0.0086 0.02
10 0.6058 0.6707 0.01 0.0236
10 0.7356 0.7476 0.0214 0.0121
10 0.7668 0.7308 0.0257 0.0157
10 0.738 0.6538 0.0121 0.0214
10 0.5745 0.7428 0.0221 0.01
10 0.4471 0.7332 0.0214 0.0143
10 0.4591 0.6635 0.0207 0.01
10 0.2548 0.6394 0.0214 0.0114
3 0.5625 0.6851 0.0179 0.01
3 0.5144 0.6635 0.0157 0.0086
3 0.5769 0.6779 0.0193 0.0086
3 0.637 0.5288 0.005 0.0157
10 0.6923 0.363 0.0057 0.0114
10 0.6947 0.351 0.0129 0.0114
10 0.6923 0.3365 0.0086 0.01
10 0.6923 0.3317 0.01 0.0086
1 0.6683 0.2788 0.005 0.0114
1 0.6995 0.2764 0.0043 0.0093
1 0.7019 0.2788 0.0057 0.0086
1 0.6418 0.3606 0.0043 0.0107
1 0.6875 0.4832 0.0064 0.0114
1 0.7188 0.5096 0.0057 0.0114
1 0.7308 0.8053 0.0136 0.0121
1 0.5577 0.7524 0.0107 0.0114
10 0.1298 0.6611 0.025 0.0107
10 0.6514 0.8005 0.0071 0.0271
3 0.25 0.6106 0.0164 0.0093
0 0.7115 0.3654 0.0171 0.0257
4 0.6707 0.1611 0.0107 0.0107
4 0.6659 0.149 0.0093 0.0114
4 0.6466 0.1562 0.0093 0.0143
4 0.6851 0.1611 0.0086 0.0121
2 0.5697 0.7404 0.005 0.0107
2 0.5745 0.7428 0.0071 0.0107
2 0.6058 0.6683 0.0071 0.0057
2 0.6082 0.6659 0.0071 0.0071
2 0.5601 0.6803 0.0086 0.0114
2 0.5144 0.6611 0.0086 0.0121
2 0.5769 0.6755 0.0079 0.0114
2 0.6514 0.7981 0.0086 0.0107
2 0.738 0.7476 0.0129 0.0121
2 0.7692 0.7308 0.0114 0.0107
2 0.2548 0.637 0.0114 0.01
2 0.2524 0.6106 0.01 0.0107
1 0.1707 0.5625 0.0136 0.0121
2 0.6707 0.6683 0.0093 0.0121
2 0.6995 0.5793 0.0107 0.0107
2 0.6683 0.5577 0.0057 0.0093
2 0.6707 0.5264 0.0057 0.0107
6 0.6466 0.1731 0.0093 0.0164
6 0.6466 0.1827 0.0114 0.02
