4 0.4784 0.226 0.0052 0.0052
4 0.4856 0.2356 0.0068 0.0084
6 0.4832 0.2476 0.0084 0.011
6 0.512 0.274 0.0162 0.0292
4 0.5096 0.3029 0.0099 0.0094
11 0.5192 0.3149 0.0136 0.024
11 0.4976 0.274 0.0073 0.0089
11 0.4976 0.3798 0.0193 0.0371
11 0.5288 0.3846 0.0193 0.0251
4 0.4567 0.375 0.0157 0.0183
4 0.4495 0.3966 0.0183 0.0183
4 0.4471 0.4495 0.0204 0.0277
11 0.5409 0.4375 0.0282 0.0365
5 0.5409 0.4712 0.0219 0.0282
4 0.5505 0.512 0.023 0.0277
4 0.4375 0.4928 0.0209 0.0245
5 0.4327 0.5481 0.0224 0.0407
4 0.4255 0.5817 0.024 0.0344
4 0.5601 0.6082 0.0282 0.0407
4 0.4231 0.6298 0.0271 0.047
8 0.4087 0.6875 0.023 0.0391
11 0.5769 0.7284 0.0412 0.1028
8 0.5577 0.5361 0.0167 0.0266
8 0.4471 0.512 0.0193 0.0219
8 0.4688 0.5 0.0172 0.0261
10 0.3798 0.488 0.0162 0.011
10 0.512 0.5072 0.0078 0.0162
10 0.524 0.5048 0.0089 0.0167
10 0.4135 0.3918 0.0073 0.0099
10 0.4183 0.3846 0.0115 0.0068
10 0.4111 0.3822 0.0078 0.0099
2 0.512 0.5024 0.0094 0.013
2 0.524 0.5024 0.0099 0.012
2 0.5168 0.3894 0.0057 0.0094
10 0.5168 0.3918 0.0047 0.011
2 0.5096 0.3389 0.0063 0.0084
2 0.4543 0.3558 0.0052 0.0063
2 0.4784 0.2981 0.0042 0.0057
2 0.4976 0.2476 0.0031 0.0052
2 0.4736 0.238 0.0031 0.0042
2 0.5 0.2284 0.0026 0.0031
2 0.5 0.2284 0.0042 0.0047
2 0.4712 0.226 0.0026 0.0037
10 0.5 0.2308 0.0026 0.0037
10 0.5 0.2284 0.0031 0.0031
10 0.4976 0.2476 0.0031 0.0031
10 0.4736 0.2404 0.0031 0.0042
10 0.4712 0.2284 0.0026 0.0031
10 0.4784 0.3005 0.0042 0.0052
10 0.5096 0.3413 0.0063 0.0104
1 0.4111 0.3678 0.0052 0.0104
1 0.4183 0.3678 0.0047 0.013
1 0.4135 0.3654 0.0031 0.0094
2 0.4159 0.3654 0.0047 0.0078
10 0.4159 0.3654 0.0068 0.0073
1 0.4183 0.3438 0.0037 0.011
1 0.4159 0.3438 0.0037 0.0094
1 0.4135 0.3462 0.0042 0.0094
7 0.4543 0.3582 0.0115 0.0084
10 0.4567 0.363 0.0084 0.0078
10 0.4519 0.363 0.0089 0.0094
8 0.4639 0.3413 0.0089 0.0146
8 0.4591 0.3197 0.0073 0.0115
5 0.4255 0.3438 0.0162 0.0245
5 0.4639 0.3053 0.0094 0.0115
1 0.4688 0.2716 0.0042 0.0063
3 0.4663 0.2716 0.0037 0.0057
11 0.5072 0.2476 0.0115 0.011
1 0.5144 0.3029 0.0037 0.0078
1 0.5168 0.3029 0.0042 0.0094
2 0.4952 0.2716 0.0037 0.0042
5 0.6562 0.2596 0.0219 0.012
4 0.6707 0.274 0.0183 0.0084
4 0.6683 0.2716 0.0162 0.0094
4 0.8221 0.3894 0.0287 0.0209
4 0.7812 0.4303 0.0224 0.0224
4 0.8654 0.4183 0.0292 0.0214
4 0.8413 0.4207 0.0271 0.0209
4 0.8197 0.4207 0.0214 0.0198
4 0.8606 0.5144 0.0407 0.0245
4 0.899 0.5601 0.0501 0.023
4 0.9639 0.4976 0.0454 0.0209
4 0.8846 0.5457 0.0543 0.0261
4 0.9567 0.6226 0.0731 0.0297
4 0.9784 0.6538 0.0444 0.0277
