4 0.8774 0.4327 0.0436 0.0414
4 0.8894 0.4808 0.0493 0.0514
4 0.7452 0.3365 0.0243 0.0243
4 0.7091 0.3317 0.0257 0.0257
4 0.6755 0.3269 0.0236 0.0257
4 0.5433 0.3101 0.0307 0.0257
4 0.5697 0.3149 0.0257 0.0221
4 0.5409 0.3846 0.0614 0.0286
4 0.3822 0.4207 0.0721 0.0314
4 0.2067 0.613 0.1057 0.0593
4 0.4159 0.3341 0.0493 0.0264
4 0.4447 0.3149 0.0514 0.0214
4 0.4495 0.3029 0.05 0.0214
4 0.2885 0.5288 0.0857 0.0443
10 0.7909 0.3846 0.0071 0.0179
10 0.8077 0.3894 0.0093 0.0214
10 0.8197 0.3894 0.0121 0.025
10 0.8365 0.3918 0.0129 0.0264
10 0.8462 0.3942 0.0136 0.0221
10 0.8558 0.3966 0.0136 0.0229
10 0.8678 0.3966 0.0157 0.025
10 0.875 0.3846 0.0114 0.0229
0 0.8534 0.3678 0.0236 0.0271
10 0.7885 0.3678 0.0086 0.0207
0 0.8005 0.3678 0.0136 0.0229
