5 0.0216 0.2644 0.0136 0.0264
5 0.0072 0.2668 0.0143 0.0321
5 0.0409 0.2644 0.0143 0.0264
4 0.0673 0.2644 0.0221 0.0243
10 0.3822 0.3101 0.0143 0.0079
4 0.3221 0.3606 0.0329 0.0157
4 0.2428 0.3798 0.0386 0.0164
4 0.3029 0.3798 0.0364 0.015
5 0.2885 0.399 0.0429 0.0186
5 0.3654 0.399 0.0371 0.0179
5 0.3654 0.3798 0.0371 0.0171
1 0.238 0.6731 0.0114 0.0071
10 0.3125 0.6154 0.0057 0.0143
1 0.4447 0.3149 0.0064 0.0086
10 0.3678 0.3125 0.015 0.01
4 0.5673 0.2284 0.0129 0.0193
9 0.601 0.488 0.0736 0.0271
9 0.601 0.4639 0.0671 0.0207
5 0.613 0.4447 0.0393 0.015
10 0.6635 0.4423 0.0179 0.0079
2 0.6635 0.4423 0.0093 0.0064
4 0.7019 0.4423 0.0364 0.0171
4 0.7163 0.4615 0.0321 0.0171
4 0.6779 0.4639 0.0379 0.015
4 0.6779 0.488 0.0429 0.0171
5 0.7524 0.4399 0.0414 0.0193
5 0.7668 0.4615 0.0393 0.0186
4 0.8293 0.4591 0.0379 0.0171
9 0.8462 0.4303 0.1071 0.035
10 0.9087 0.2572 0.0064 0.0093
