4 0.0793 0.5962 0.0517 0.0183
4 0.0938 0.5769 0.0517 0.0177
4 0.4904 0.3221 0.0099 0.0115
4 0.5385 0.3269 0.0089 0.0099
4 0.5192 0.4736 0.0151 0.0245
4 0.4952 0.4928 0.012 0.0224
4 0.5192 0.512 0.0146 0.024
4 0.4928 0.5168 0.0151 0.0292
4 0.488 0.5505 0.0162 0.0297
4 0.5192 0.5601 0.0162 0.0318
4 0.4904 0.5962 0.0219 0.0376
4 0.5192 0.6082 0.0172 0.0324
4 0.4904 0.6418 0.0193 0.0418
4 0.4904 0.6971 0.0209 0.0522
4 0.5625 0.6995 0.0266 0.0538
6 0.5264 0.6875 0.0251 0.0595
4 0.4856 0.7668 0.0277 0.0318
5 0.524 0.7596 0.0292 0.0449
4 0.5697 0.7668 0.0261 0.0313
9 0.5 0.3894 0.0204 0.0371
2 0.4159 0.5 0.0089 0.0057
10 0.4183 0.5072 0.0078 0.011
