4 0.0529 0.3317 0.05 0.0764
4 0.1202 0.4736 0.105 0.0943
4 0.2067 0.5745 0.1107 0.1036
4 0.3149 0.6779 0.1321 0.13
4 0.4183 0.6635 0.1229 0.1057
4 0.5144 0.637 0.1157 0.1293
4 0.5962 0.5745 0.1471 0.0986
4 0.6562 0.5192 0.1293 0.0786
4 0.75 0.4207 0.12 0.0886
4 0.7909 0.3774 0.1029 0.085
4 0.8293 0.3462 0.1071 0.09
4 0.863 0.3221 0.0979 0.0714
4 0.9038 0.3005 0.1214 0.0793
4 0.9495 0.262 0.1043 0.0579
4 0.9688 0.2212 0.0657 0.045
4 0.9567 0.6923 0.085 0.1471
4 0.887 0.8149 0.1307 0.1214
4 0.0938 0.7308 0.1257 0.1357
