2 0.6394 0.1346 0.0064 0.0093
2 0.6538 0.1827 0.0071 0.0121
2 0.6587 0.2428 0.0093 0.01
2 0.6683 0.2692 0.0071 0.0129
2 0.5962 0.3077 0.0071 0.0143
2 0.6298 0.4303 0.0129 0.0121
2 0.5601 0.4279 0.01 0.0157
2 0.4784 0.3654 0.01 0.0164
2 0.5096 0.2596 0.0079 0.0164
2 0.6803 0.5072 0.0129 0.0157
2 0.7212 0.6298 0.0114 0.0221
2 0.6779 0.6659 0.0129 0.0171
2 0.6803 0.6731 0.0143 0.0179
2 0.4375 0.7452 0.0157 0.025
2 0.4327 0.7548 0.0143 0.0229
2 0.3101 0.6466 0.0136 0.0186
2 0.3365 0.75 0.0243 0.0207
2 0.3125 0.7404 0.0193 0.0179
2 0.3149 0.7284 0.0179 0.0186
1 0.1851 0.8029 0.0207 0.0314
1 0.137 0.8005 0.0257 0.025
1 0.0938 0.738 0.0179 0.0221
4 0.024 0.7909 0.0457 0.0493
8 0.3125 0.8317 0.0564 0.0879
10 0.113 0.7091 0.0293 0.0307
10 0.0865 0.7212 0.0336 0.0407
10 0.3341 0.75 0.015 0.0457
10 0.3125 0.7428 0.0214 0.0536
10 0.4351 0.7572 0.0214 0.0571
10 0.3125 0.6514 0.0264 0.0357
1 0.351 0.5673 0.0121 0.0271
8 0.3678 0.7308 0.0386 0.0829
4 0.4375 0.6322 0.0464 0.0943
4 0.5 0.6442 0.0486 0.0957
4 0.3918 0.5793 0.0586 0.0736
4 0.6058 0.7524 0.045 0.1
10 0.6803 0.6755 0.015 0.0393
10 0.7188 0.637 0.0164 0.0343
4 0.5168 0.5553 0.0357 0.0621
4 0.5865 0.5361 0.0421 0.08
4 0.524 0.4832 0.0393 0.0636
8 0.4615 0.5337 0.0286 0.0521
10 0.3942 0.4808 0.0143 0.0264
10 0.6803 0.512 0.0121 0.0286
10 0.6298 0.4351 0.0121 0.0271
10 0.5601 0.4375 0.0129 0.0264
10 0.5865 0.4038 0.0114 0.0329
10 0.4784 0.3702 0.0114 0.0257
1 0.4423 0.4279 0.01 0.0271
1 0.4351 0.4231 0.0071 0.0236
1 0.4279 0.4231 0.0086 0.0186
5 0.4952 0.4087 0.0321 0.0593
4 0.5409 0.4135 0.0321 0.0564
4 0.5505 0.3606 0.0293 0.0493
4 0.5529 0.3029 0.0279 0.0429
4 0.7067 0.3726 0.0314 0.0471
4 0.7043 0.3269 0.03 0.0407
10 0.7548 0.3173 0.0229 0.0193
9 0.649 0.351 0.0493 0.1043
4 0.6178 0.2764 0.0257 0.0371
10 0.5962 0.3125 0.01 0.0221
10 0.6683 0.274 0.0086 0.0229
10 0.6587 0.2476 0.0086 0.0207
3 0.5096 0.2644 0.01 0.0229
4 0.4567 0.3173 0.0314 0.0414
1 0.3293 0.2837 0.0114 0.0136
10 0.6995 0.2404 0.015 0.02
10 0.6851 0.1899 0.0129 0.0207
6 0.6947 0.2163 0.0243 0.0357
4 0.5048 0.1659 0.0193 0.0243
4 0.4976 0.1923 0.0221 0.0243
8 0.5409 0.1635 0.0164 0.0343
1 0.5192 0.1731 0.0079 0.02
4 0.5841 0.1683 0.0229 0.0329
10 0.6562 0.1875 0.0079 0.0164
10 0.6394 0.1394 0.0079 0.0171
10 0.726 0.2067 0.0207 0.0143
4 0.5433 0.2139 0.0257 0.0357
