6 0.1178 0.2043 0.055 0.0593
4 0.1779 0.3101 0.0321 0.0607
8 0.0697 0.3197 0.0429 0.0486
4 0.0337 0.4928 0.0571 0.0786
4 0.2476 0.3678 0.0643 0.0571
4 0.3702 0.2788 0.0429 0.0529
6 0.2452 0.3077 0.0543 0.055
4 0.3293 0.3582 0.07 0.0443
4 0.4014 0.3774 0.0621 0.0371
4 0.4567 0.375 0.0386 0.0729
4 0.2981 0.4471 0.0836 0.0393
2 0.1683 0.3534 0.0143 0.0164
2 0.1226 0.3389 0.0179 0.0193
2 0.0793 0.3774 0.0143 0.0114
2 0.0721 0.3678 0.0129 0.0129
2 0.0865 0.476 0.02 0.0193
10 0.0745 0.3726 0.0257 0.0257
10 0.125 0.3438 0.0229 0.025
10 0.0889 0.476 0.0271 0.0314
3 0.1731 0.3558 0.0229 0.0221
4 0.1659 0.7981 0.0629 0.0936
10 0.5673 0.351 0.0207 0.025
2 0.6587 0.3726 0.0129 0.0214
10 0.6587 0.3702 0.0357 0.0143
2 0.9712 0.2139 0.0136 0.0157
10 0.9663 0.2188 0.0271 0.0279
4 0.7644 0.4183 0.0664 0.06
2 0.7212 0.4856 0.0136 0.0186
10 0.7188 0.4856 0.0307 0.0286
9 0.7019 0.637 0.1214 0.1636
10 0.8365 0.6298 0.0236 0.0264
10 0.8245 0.649 0.0279 0.0257
4 0.8582 0.7212 0.0921 0.0457
10 0.899 0.7692 0.0379 0.02
4 0.875 0.2236 0.05 0.0514
4 0.9327 0.1803 0.0621 0.0529
10 0.1058 0.1394 0.0293 0.0229
