4 0.512 0.7236 0.11 0.0893
4 0.7139 0.7644 0.1429 0.1036
4 0.887 0.8389 0.1657 0.0721
4 0.6466 0.6779 0.1114 0.0679
4 0.6178 0.6346 0.1 0.0579
4 0.5793 0.5841 0.0907 0.0486
4 0.5745 0.4231 0.0679 0.0314
4 0.5457 0.3726 0.0507 0.0343
6 0.2043 0.4014 0.1293 0.075
6 0.4712 0.1875 0.0279 0.0157
5 0.4231 0.3462 0.0407 0.0329
5 0.5889 0.25 0.0286 0.0229
4 0.3341 0.4087 0.0543 0.0321
4 0.4639 0.3534 0.05 0.0321
4 0.4856 0.3077 0.0393 0.0229
4 0.6106 0.2909 0.0357 0.0229
4 0.6178 0.3053 0.035 0.0186
4 0.8101 0.2139 0.0193 0.015
4 0.8173 0.1875 0.0143 0.0114
4 0.2957 0.3534 0.0536 0.0271
4 0.4591 0.2957 0.0379 0.02
4 0.4159 0.3077 0.0357 0.0193
4 0.375 0.2909 0.045 0.02
4 0.4327 0.2716 0.0364 0.02
4 0.4904 0.2524 0.0364 0.02
4 0.5144 0.2452 0.0364 0.0157
4 0.5312 0.2668 0.0293 0.0193
4 0.5601 0.2596 0.0279 0.0186
4 0.6587 0.2236 0.0257 0.0186
4 0.6731 0.2188 0.0186 0.0143
4 0.6058 0.2091 0.0179 0.0107
4 0.6202 0.2091 0.0214 0.0114
4 0.6346 0.2091 0.0193 0.0121
4 0.6947 0.2115 0.02 0.0114
4 0.7115 0.2067 0.0186 0.0121
4 0.7284 0.1995 0.0164 0.0114
4 0.7404 0.1947 0.0164 0.0121
4 0.7548 0.1923 0.0136 0.0114
4 0.7861 0.1803 0.0143 0.0121
4 0.774 0.1827 0.0129 0.0107
4 0.7933 0.1755 0.0164 0.0143
4 0.8053 0.1731 0.0136 0.0129
4 0.8173 0.1707 0.0136 0.0121
4 0.8221 0.1659 0.0164 0.0114
4 0.8293 0.1659 0.0171 0.0121
4 0.8341 0.1635 0.0164 0.0114
4 0.8582 0.1635 0.0114 0.0071
0 0.9135 0.1394 0.0429 0.0136
0 0.8678 0.1514 0.0193 0.0136
4 0.7981 0.1562 0.0157 0.0093
2 0.726 0.2115 0.005 0.0079
10 0.726 0.2163 0.0086 0.0086
