7 0.0577 0.5096 0.0391 0.0256
1 0.4399 0.7019 0.0329 0.1059
1 0.3942 0.5745 0.0193 0.0684
1 0.3534 0.5889 0.0183 0.0658
1 0.375 0.5457 0.0391 0.0485
1 0.4087 0.5649 0.0251 0.0595
1 0.5168 0.5144 0.0266 0.0459
1 0.5024 0.5072 0.013 0.0449
1 0.4639 0.4495 0.0151 0.0313
1 0.4495 0.4495 0.0146 0.0292
1 0.3894 0.4712 0.0104 0.0292
1 0.3942 0.4567 0.0115 0.0329
1 0.5913 0.4062 0.0031 0.0084
1 0.5865 0.4062 0.0026 0.0078
2 0.6995 0.4447 0.0068 0.0094
1 0.8918 0.4279 0.0052 0.0104
1 0.9135 0.4279 0.0042 0.0099
1 0.9327 0.4303 0.0037 0.0104
1 0.9591 0.4303 0.0037 0.011
1 0.9663 0.4303 0.0031 0.0073
1 0.8317 0.399 0.0021 0.0063
1 0.8293 0.399 0.0021 0.0073
1 0.8365 0.3966 0.0026 0.0057
1 0.8365 0.3966 0.0026 0.0068
1 0.8774 0.3966 0.0021 0.0057
1 0.6346 0.4038 0.0026 0.0073
1 0.637 0.4014 0.0021 0.0073
1 0.6298 0.4038 0.0037 0.0068
1 0.625 0.4038 0.0016 0.0057
1 0.5673 0.4087 0.0037 0.0073
1 0.5817 0.4087 0.0026 0.0047
1 0.5553 0.4087 0.0026 0.0078
1 0.5553 0.4087 0.0026 0.0084
1 0.1899 0.3918 0.0037 0.011
1 0.1923 0.3918 0.0031 0.0115
