1 0.2404 0.6635 0.0764 0.1164
1 0.2644 0.6562 0.0493 0.0979
1 0.3726 0.5601 0.035 0.0814
1 0.4038 0.5817 0.0221 0.0807
1 0.4135 0.5553 0.0279 0.09
1 0.5721 0.6274 0.0386 0.0914
1 0.9519 0.7356 0.0843 0.0979
1 0.488 0.4231 0.0157 0.0621
1 0.6058 0.4471 0.0207 0.0636
1 0.6346 0.4543 0.0186 0.0621
11 0.6587 0.3942 0.0229 0.0379
10 0.4736 0.3774 0.02 0.0429
10 0.5024 0.3317 0.0264 0.0271
8 0.5312 0.3053 0.0557 0.0593
1 0.5481 0.3149 0.0121 0.0379
1 0.5577 0.3101 0.0107 0.0414
11 0.625 0.2188 0.0507 0.0321
6 0.5865 0.1875 0.03 0.0164
6 0.613 0.1875 0.0293 0.02
6 0.6731 0.1851 0.0529 0.0193
11 0.6923 0.4663 0.0436 0.0571
3 0.7596 0.4615 0.0393 0.075
1 0.9231 0.375 0.025 0.0429
1 0.9399 0.375 0.0243 0.0443
1 0.9736 0.3413 0.02 0.0364
1 0.988 0.3221 0.0143 0.0329
1 0.9736 0.3149 0.015 0.0321
1 0.9183 0.3149 0.0164 0.0307
1 0.9351 0.3005 0.0179 0.0321
1 0.9591 0.3029 0.0121 0.0286
1 0.9447 0.2572 0.01 0.0214
1 0.9591 0.2572 0.0093 0.02
4 0.9832 0.2356 0.0307 0.0136
10 0.8606 0.2716 0.0193 0.0143
10 0.8462 0.2837 0.0236 0.0157
10 0.8197 0.3029 0.0257 0.0157
0 0.8005 0.3245 0.0264 0.0214
0 0.7812 0.3245 0.0257 0.0229
3 0.6947 0.3245 0.0357 0.0257
1 0.9183 0.2548 0.0107 0.02
0 0.762 0.2452 0.0143 0.0136
1 0.9952 0.2692 0.0093 0.0164
1 0.4928 0.2067 0.0036 0.0129
2 0.7596 0.4567 0.0393 0.0636
