1 0.3846 0.2308 0.0107 0.0186
1 0.3101 0.1971 0.0093 0.0186
1 0.3197 0.1947 0.0079 0.0193
1 0.5865 0.1442 0.01 0.015
4 0.5553 0.1514 0.0571 0.0429
5 0.6202 0.1587 0.0357 0.0521
5 0.5457 0.1394 0.0586 0.025
6 0.2788 0.1538 0.0821 0.0536
4 0.2837 0.1827 0.0614 0.045
1 0.2212 0.149 0.015 0.0236
10 0.226 0.2019 0.0264 0.0164
10 0.2139 0.1875 0.025 0.0157
10 0.2091 0.1611 0.0257 0.0129
10 0.1995 0.149 0.0157 0.02
4 0.601 0.476 0.0714 0.0371
10 0.6154 0.5216 0.0271 0.0214
1 0.6611 0.5192 0.01 0.01
6 0.5865 0.5481 0.0764 0.0514
10 0.6058 0.7139 0.0286 0.0136
10 0.6058 0.7308 0.0271 0.0136
10 0.6058 0.7476 0.0271 0.0179
10 0.5745 0.7885 0.0314 0.0136
6 0.6058 0.8221 0.0443 0.1079
1 0.5745 0.8486 0.0086 0.0136
1 0.5649 0.8582 0.0136 0.0114
1 0.4639 0.6731 0.0107 0.0171
6 0.4183 0.6899 0.0621 0.2207
1 0.4231 0.5769 0.0114 0.0064
10 0.387 0.4231 0.025 0.0114
6 0.3125 0.488 0.0393 0.0771
4 0.2644 0.5 0.03 0.0693
4 0.2284 0.5 0.0321 0.0686
4 0.1899 0.5024 0.035 0.0679
4 0.1514 0.5288 0.0336 0.0671
4 0.113 0.5361 0.0414 0.0714
4 0.0769 0.5312 0.0379 0.0686
