4 0.238 0.6611 0.0251 0.0344
4 0.2692 0.649 0.0292 0.0365
4 0.2981 0.6442 0.0282 0.0318
4 0.3269 0.6322 0.0303 0.035
4 0.4351 0.601 0.0339 0.0282
4 0.4567 0.5962 0.0339 0.0282
4 0.5385 0.5697 0.0324 0.0287
4 0.6178 0.5481 0.0308 0.0204
5 0.6514 0.5385 0.0287 0.0214
8 0.5962 0.5337 0.0261 0.0151
4 0.7091 0.5168 0.0245 0.0188
4 0.7332 0.512 0.0339 0.0204
4 0.7428 0.5048 0.0324 0.0177
4 0.7596 0.5 0.0282 0.0167
4 0.9567 0.3918 0.0219 0.013
4 0.9663 0.3894 0.0198 0.0099
4 0.9736 0.387 0.0193 0.0099
4 0.9784 0.3846 0.0214 0.0099
4 0.9904 0.3822 0.0157 0.0099
4 0.9928 0.3774 0.0141 0.0099
0 0.9375 0.399 0.0136 0.013
4 0.0913 0.3702 0.0125 0.0099
4 0.0962 0.375 0.0099 0.0078
4 0.0986 0.3798 0.011 0.011
4 0.0962 0.399 0.0146 0.0115
4 0.0409 0.4471 0.0256 0.011
4 0.0409 0.4447 0.0209 0.011
4 0.0793 0.5721 0.0172 0.0224
