4 0.3822 0.7043 0.0286 0.0471
4 0.4062 0.6562 0.04 0.04
4 0.6394 0.6298 0.0479 0.025
4 0.2933 0.4159 0.0179 0.0271
4 0.2019 0.3341 0.0143 0.0186
4 0.2139 0.2812 0.0121 0.0179
4 0.1659 0.2548 0.0107 0.0179
4 0.2067 0.2476 0.0136 0.0171
4 0.2091 0.2668 0.0107 0.0164
4 0.5168 0.6659 0.05 0.0264
4 0.8365 0.5433 0.0429 0.0236
4 0.8894 0.5264 0.0429 0.0207
4 0.7596 0.5913 0.0436 0.0221
4 0.6947 0.6394 0.0429 0.0236
4 0.6466 0.6562 0.0457 0.0257
4 0.9832 0.5385 0.0357 0.025
4 0.2476 0.226 0.0171 0.0136
5 0.2692 0.3798 0.0179 0.03
5 0.3125 0.3846 0.0171 0.0264
5 0.2524 0.3269 0.0164 0.0236
5 0.1707 0.2764 0.0121 0.0186
5 0.9303 0.512 0.0421 0.0243
5 0.863 0.5553 0.0443 0.0271
5 0.7788 0.5649 0.0429 0.025
5 0.7476 0.6226 0.0507 0.0271
5 0.8438 0.5889 0.04 0.0236
5 0.9904 0.488 0.0214 0.0221
5 0.1971 0.3077 0.0129 0.0186
5 0.1779 0.3389 0.0121 0.015
4 0.1923 0.2812 0.0114 0.0164
11 0.1851 0.2524 0.02 0.0271
4 0.3654 0.5697 0.0236 0.0357
4 0.3413 0.4808 0.02 0.0293
1 0.8534 0.738 0.0107 0.0193
1 0.8053 0.7043 0.0057 0.0129
