1 0.4279 0.6178 0.0114 0.0143
1 0.4784 0.5865 0.0086 0.0171
1 0.2163 0.5986 0.0107 0.0157
1 0.1827 0.6106 0.0143 0.02
1 0.1707 0.613 0.0129 0.0164
1 0.2043 0.5481 0.0121 0.0179
1 0.1827 0.5337 0.0136 0.0193
1 0.1899 0.5288 0.0143 0.0164
1 0.2812 0.5673 0.0136 0.0171
1 0.524 0.6466 0.0079 0.0179
1 0.5769 0.6274 0.0121 0.0179
1 0.5793 0.649 0.0107 0.0171
1 0.5865 0.6082 0.0136 0.0157
1 0.6755 0.5793 0.0121 0.0157
1 0.8149 0.5745 0.0143 0.0143
1 0.863 0.5721 0.0129 0.0186
1 0.9351 0.5505 0.0179 0.015
4 0.0264 0.5769 0.04 0.0679
4 0.0457 0.7091 0.0493 0.0836
4 0.0721 0.6082 0.0429 0.0679
5 0.0769 0.4279 0.0393 0.0579
1 0.1346 0.6034 0.015 0.0157
1 0.1538 0.5962 0.015 0.0164
1 0.5288 0.637 0.0107 0.0143
1 0.5865 0.625 0.0093 0.015
1 0.399 0.6514 0.0114 0.0164
1 0.5913 0.6394 0.01 0.0164
1 0.613 0.613 0.0093 0.0121
1 0.6587 0.601 0.0114 0.0129
1 0.6659 0.6082 0.01 0.0143
1 0.8678 0.5745 0.0157 0.0179
1 0.9688 0.5361 0.02 0.0186
1 0.9784 0.5361 0.0121 0.0143
