1 0.5096 0.6322 0.015 0.02
1 0.5072 0.5938 0.0107 0.02
1 0.5 0.5865 0.0071 0.0157
1 0.6034 0.6034 0.0107 0.0186
1 0.6154 0.6058 0.01 0.0143
2 0.6923 0.6851 0.0107 0.0164
1 0.7163 0.649 0.0164 0.0214
1 0.6082 0.6226 0.01 0.0136
1 0.5168 0.5817 0.0121 0.015
1 0.4663 0.512 0.0107 0.01
1 0.4808 0.4423 0.0093 0.0186
1 0.488 0.4447 0.0071 0.0143
1 0.5 0.4399 0.0064 0.0157
1 0.5 0.4447 0.0086 0.0171
1 0.512 0.3798 0.0064 0.0143
1 0.5048 0.3774 0.0064 0.0193
1 0.5 0.363 0.0086 0.0143
1 0.5889 0.5288 0.0057 0.0129
1 0.5938 0.5337 0.0079 0.015
1 0.4639 0.2716 0.0086 0.0157
1 0.4904 0.2476 0.0079 0.0186
2 0.6154 0.3798 0.0071 0.0121
2 0.6226 0.3798 0.0086 0.0086
1 0.6322 0.351 0.0086 0.0143
1 0.6418 0.3389 0.005 0.015
2 0.5625 0.3702 0.0207 0.0086
2 0.5601 0.3606 0.0079 0.0093
2 0.5312 0.3389 0.0079 0.0107
2 0.5409 0.3389 0.0093 0.0107
2 0.5697 0.3125 0.0064 0.0093
1 0.5745 0.2933 0.0064 0.0171
2 0.5601 0.3077 0.0071 0.0093
1 0.5457 0.3293 0.0057 0.0093
1 0.6058 0.2644 0.0057 0.0079
1 0.5072 0.3125 0.0079 0.01
1 0.5072 0.3101 0.0071 0.0107
1 0.5409 0.3053 0.0079 0.0143
1 0.5481 0.3077 0.0043 0.0093
1 0.5337 0.6346 0.0093 0.0186
0 0.6178 0.3413 0.0193 0.0214
