9 0.1226 0.1418 0.0193 0.0229
4 0.1514 0.1418 0.0121 0.0093
4 0.1803 0.1779 0.0143 0.0129
4 0.2332 0.2091 0.0157 0.0136
4 0.0865 0.1731 0.0114 0.0121
1 0.0433 0.1538 0.0036 0.0079
10 0.0889 0.2981 0.005 0.0086
4 0.2163 0.2212 0.0093 0.0086
4 0.1274 0.2524 0.0164 0.0193
4 0.2909 0.3269 0.0257 0.025
10 0.3077 0.5433 0.0164 0.0207
2 0.3077 0.5409 0.0086 0.0093
4 0.4351 0.5673 0.04 0.0443
4 0.363 0.4688 0.035 0.0371
1 0.4688 0.3462 0.0043 0.0129
4 0.9111 0.7692 0.0907 0.0321
6 0.9543 0.6466 0.0657 0.0486
