4 0.0409 0.2163 0.0386 0.0264
4 0.0577 0.2548 0.0264 0.0286
10 0.024 0.2885 0.0164 0.0214
1 0.0673 0.2861 0.0086 0.0164
2 0.0817 0.3077 0.0086 0.01
2 0.1106 0.4159 0.0057 0.0086
10 0.113 0.4183 0.0136 0.0207
10 0.0841 0.3125 0.01 0.0136
4 0.1346 0.4712 0.0371 0.0429
0 0.1034 0.4832 0.0186 0.0207
4 0.1923 0.7476 0.0793 0.0514
4 0.3966 0.6827 0.0521 0.0707
5 0.2476 0.8486 0.0543 0.055
5 0.3654 0.5216 0.0421 0.0529
5 0.387 0.4856 0.0421 0.0643
4 0.4279 0.488 0.035 0.0464
3 0.3966 0.4471 0.0079 0.015
3 0.4159 0.4567 0.0121 0.0179
3 0.4231 0.4591 0.0129 0.01
3 0.4062 0.4495 0.0071 0.0157
10 0.4447 0.4495 0.0179 0.02
10 0.4303 0.4351 0.0114 0.0143
4 0.5216 0.4663 0.04 0.0443
4 0.524 0.4231 0.0414 0.0371
5 0.6779 0.3846 0.0586 0.0529
10 0.6899 0.3413 0.0171 0.0129
5 0.7428 0.5288 0.0657 0.0564
2 0.8221 0.5024 0.01 0.01
4 0.8654 0.4327 0.0579 0.0414
4 0.9159 0.3966 0.0529 0.035
4 0.9495 0.3894 0.0557 0.04
5 0.9495 0.4952 0.0543 0.0471
5 0.976 0.4832 0.0507 0.0486
5 0.9255 0.3245 0.0579 0.0457
4 0.8558 0.3125 0.035 0.0271
10 0.7933 0.3486 0.0193 0.0157
