4 0.4832 0.7115 0.0221 0.0379
4 0.6779 0.4255 0.0136 0.0171
4 0.6562 0.3606 0.0086 0.0136
4 0.6106 0.262 0.0086 0.0093
4 0.4663 0.5288 0.0286 0.0193
4 0.4688 0.5192 0.0229 0.0186
4 0.4591 0.5457 0.0229 0.0207
4 0.5577 0.2933 0.005 0.0064
4 0.5649 0.2596 0.0043 0.0064
4 0.6442 0.2788 0.015 0.0064
4 0.6514 0.2764 0.01 0.0079
4 0.6731 0.2764 0.015 0.0071
4 0.6322 0.262 0.0064 0.0086
4 0.6298 0.2572 0.005 0.0071
4 0.6298 0.25 0.0057 0.0079
4 0.6298 0.2452 0.0071 0.0079
4 0.6298 0.2428 0.0057 0.0064
4 0.5745 0.262 0.005 0.0057
4 0.5745 0.2452 0.0043 0.005
4 0.5673 0.2933 0.0079 0.0071
4 0.5649 0.2692 0.0086 0.0064
4 0.5577 0.2981 0.0064 0.0071
4 0.75 0.274 0.015 0.0064
4 0.7091 0.2764 0.0221 0.0079
5 0.4543 0.5577 0.0271 0.0279
5 0.4639 0.4928 0.0279 0.0221
5 0.6322 0.5457 0.0164 0.0314
5 0.7308 0.6514 0.0229 0.0414
9 0.5481 0.3293 0.0114 0.0164
9 0.5649 0.25 0.0064 0.01
4 0.8221 0.2716 0.0157 0.0086
4 0.7716 0.2596 0.0086 0.0093
4 0.7788 0.274 0.0143 0.0079
4 0.7644 0.2524 0.0057 0.01
9 0.5312 0.4423 0.0207 0.0407
1 0.488 0.5361 0.005 0.0114
1 0.476 0.5938 0.005 0.0129
1 0.4688 0.5938 0.0043 0.0121
1 0.4471 0.5144 0.0043 0.0107
1 0.4663 0.4736 0.0043 0.0093
1 0.4808 0.4615 0.0021 0.0093
1 0.488 0.4615 0.0036 0.0086
1 0.4856 0.476 0.0043 0.0093
1 0.4832 0.476 0.0043 0.0107
1 0.4495 0.5385 0.005 0.0121
1 0.4712 0.5889 0.005 0.0107
4 0.3654 0.4591 0.0314 0.015
