1 0.0096 0.274 0.0093 0.0071
1 0.0649 0.2668 0.0064 0.0057
1 0.0649 0.2644 0.0079 0.0057
1 0.0697 0.2668 0.0071 0.005
9 0.0481 0.3221 0.0893 0.0286
5 0.1971 0.3389 0.0321 0.0186
5 0.0601 0.4976 0.025 0.0121
5 0.0625 0.524 0.0386 0.0157
5 0.0072 0.5721 0.0143 0.0114
5 0.137 0.5913 0.0286 0.0136
10 0.1827 0.613 0.0121 0.0071
2 0.1779 0.613 0.0057 0.0064
6 0.2668 0.637 0.0479 0.0207
5 0.3606 0.6803 0.0321 0.0179
4 0.1827 0.5096 0.0321 0.0164
9 0.2188 0.5312 0.08 0.0307
4 0.3077 0.3654 0.0279 0.0171
5 0.3053 0.4255 0.03 0.0164
4 0.3486 0.2332 0.0179 0.0286
5 0.4519 0.3534 0.0336 0.02
5 0.5072 0.3654 0.0293 0.0179
4 0.5481 0.2668 0.03 0.0171
4 0.5192 0.4471 0.0271 0.0186
5 0.4111 0.5505 0.0186 0.0357
9 0.4303 0.5361 0.0379 0.0857
4 0.4639 0.4952 0.0343 0.0164
10 0.4663 0.5216 0.0107 0.0064
2 0.4639 0.5216 0.0071 0.0057
4 0.4688 0.5529 0.0229 0.0143
5 0.5072 0.4832 0.025 0.0171
5 0.524 0.5361 0.0243 0.0157
5 0.5553 0.5577 0.0243 0.0164
5 0.5793 0.5192 0.03 0.0207
5 0.5793 0.613 0.0329 0.0214
4 0.8894 0.7308 0.0229 0.03
4 0.9159 0.6923 0.0236 0.0314
5 0.9832 0.5793 0.03 0.0307
9 0.9519 0.6298 0.0629 0.0686
10 0.6202 0.4639 0.0129 0.0093
2 0.6202 0.4639 0.0064 0.0057
5 0.6538 0.5168 0.0257 0.0179
5 0.6755 0.5673 0.0257 0.0207
9 0.9639 0.3149 0.0707 0.0607
4 0.9351 0.2308 0.0293 0.02
4 0.7067 0.2668 0.0293 0.0193
5 0.7837 0.262 0.0279 0.0221
5 0.75 0.2308 0.0286 0.02
