5 0.0505 0.7356 0.0986 0.085
4 0.0769 0.6322 0.1421 0.07
4 0.113 0.5721 0.1 0.0621
4 0.1827 0.4784 0.1243 0.065
4 0.2139 0.4327 0.1071 0.055
4 0.2476 0.3918 0.0964 0.0536
4 0.0962 0.387 0.0821 0.0786
1 0.1731 0.3726 0.0236 0.0314
1 0.0913 0.4183 0.0257 0.0279
3 0.1779 0.4062 0.0329 0.0271
3 0.2019 0.3726 0.0229 0.0364
10 0.137 0.4423 0.0414 0.0307
4 0.649 0.4231 0.0564 0.0936
4 0.5793 0.387 0.0529 0.0864
4 0.6755 0.2284 0.0407 0.06
4 0.5264 0.2332 0.0464 0.0607
5 0.613 0.2404 0.0514 0.0879
5 0.6971 0.1683 0.0314 0.0543
4 0.5072 0.1731 0.0414 0.04
4 0.5505 0.1851 0.0393 0.0471
4 0.5673 0.1466 0.0357 0.04
4 0.4135 0.1587 0.07 0.0343
4 0.3726 0.2163 0.0664 0.0386
4 0.4279 0.1442 0.0679 0.0293
4 0.9327 0.3317 0.0614 0.0657
4 0.9712 0.2308 0.055 0.0671
4 0.9014 0.1659 0.04 0.0364
5 0.9111 0.2091 0.055 0.0621
4 0.9832 0.351 0.0371 0.0864
1 0.7668 0.1779 0.0121 0.0329
10 0.2428 0.2812 0.0257 0.0257
4 0.3101 0.2933 0.0879 0.0429
