0 0.0433 0.3726 0.0645 0.0435
0 0.0938 0.3413 0.0515 0.051
0 0.1418 0.3726 0.0165 0.0425
4 0.0938 0.3966 0.0135 0.0085
4 0.1154 0.3894 0.0095 0.0065
4 0.0889 0.4135 0.0145 0.0135
4 0.1178 0.4062 0.0115 0.007
5 0.0793 0.4327 0.0145 0.0165
6 0.0865 0.524 0.048 0.1015
4 0.1635 0.4351 0.0145 0.0105
5 0.2524 0.476 0.0315 0.022
4 0.6034 0.5192 0.0545 0.026
4 0.6635 0.5072 0.0455 0.02
4 0.7115 0.4928 0.0385 0.021
4 0.75 0.4832 0.0305 0.02
4 0.6851 0.4712 0.022 0.0155
4 0.8269 0.4255 0.0305 0.0135
4 0.9375 0.4543 0.02 0.017
4 0.9279 0.4904 0.0565 0.021
6 0.7764 0.4327 0.0415 0.024
6 0.7404 0.4231 0.0415 0.0195
1 0.6971 0.5433 0.01 0.022
1 0.8942 0.5817 0.0115 0.027
1 0.3942 0.7452 0.0155 0.0375
11 0.2716 0.4279 0.021 0.028
11 0.4279 0.4038 0.0305 0.023
0 0.9567 0.3726 0.0845 0.0645
