1 0.1154 0.3798 0.02 0.03
1 0.2837 0.4495 0.0143 0.0379
1 0.4928 0.6394 0.0286 0.0636
1 0.5841 0.637 0.0279 0.0643
1 0.6178 0.6875 0.0321 0.075
1 0.6394 0.649 0.0243 0.07
1 0.6635 0.6418 0.0321 0.0793
1 0.8822 0.8462 0.0514 0.0593
10 0.3894 0.3606 0.0164 0.0136
2 0.5529 0.4952 0.0221 0.0286
1 0.5625 0.5529 0.0164 0.0486
1 0.5817 0.5553 0.0193 0.0514
1 0.6154 0.5673 0.0171 0.0557
1 0.6034 0.5553 0.0136 0.0493
1 0.5938 0.5192 0.0207 0.0471
1 0.5769 0.5216 0.0129 0.0443
1 0.5553 0.5433 0.0179 0.0514
1 0.5601 0.5337 0.0164 0.0471
3 0.5457 0.7596 0.0671 0.0729
1 0.5361 0.7019 0.025 0.0686
2 0.5553 0.7043 0.0343 0.0586
1 0.601 0.4135 0.0143 0.025
3 0.6562 0.8438 0.0664 0.0636
