4 0.4519 0.8197 0.0493 0.0679
4 0.3534 0.7284 0.0621 0.0807
4 0.5264 0.6394 0.035 0.0421
4 0.5457 0.7188 0.0371 0.0521
4 0.5865 0.5769 0.0257 0.0421
4 0.5793 0.5096 0.0214 0.0271
4 0.613 0.4808 0.02 0.0243
4 0.5817 0.4303 0.0193 0.0286
4 0.5144 0.4495 0.0229 0.0329
5 0.4591 0.601 0.0357 0.0514
5 0.5385 0.4543 0.0229 0.0336
4 0.137 0.7933 0.0664 0.0871
4 0.3702 0.8582 0.0386 0.0357
10 0.4207 0.5385 0.0157 0.0293
4 0.5409 0.2596 0.0221 0.0114
1 0.5938 0.25 0.0029 0.0057
10 0.5625 0.3269 0.0057 0.0121
1 0.5192 0.3029 0.0029 0.0064
10 0.6178 0.6731 0.0086 0.025
10 0.6034 0.75 0.0121 0.025
10 0.6803 0.4375 0.0064 0.0143
10 0.7308 0.2212 0.0036 0.0093
4 0.6827 0.1394 0.0057 0.0043
4 0.6851 0.1346 0.0057 0.0043
4 0.7019 0.1466 0.0071 0.0079
4 0.7139 0.1394 0.0071 0.0064
4 0.7091 0.1562 0.0071 0.0064
4 0.6995 0.1707 0.0071 0.0079
4 0.6803 0.1899 0.0107 0.0093
4 0.6562 0.1779 0.0071 0.0043
1 0.6755 0.1466 0.0014 0.0036
1 0.7428 0.2212 0.0029 0.0086
1 0.7476 0.2212 0.0021 0.005
4 0.6562 0.1731 0.0079 0.005
2 0.6034 0.7428 0.0086 0.0121
2 0.6178 0.6683 0.0086 0.0157
2 0.4231 0.5337 0.01 0.015
2 0.5625 0.3269 0.005 0.0071
2 0.7308 0.2188 0.0029 0.0057
2 0.6803 0.4327 0.0064 0.0071
