1 0.1755 0.4087 0.0185 0.034
2 0.1659 0.4062 0.009 0.0105
2 0.3534 0.5096 0.019 0.0195
2 0.3942 0.5745 0.0135 0.0135
1 0.3822 0.5721 0.0165 0.035
1 0.3798 0.4808 0.0155 0.0335
1 0.3798 0.4615 0.0075 0.0165
1 0.3846 0.4543 0.019 0.0235
1 0.3894 0.4904 0.015 0.034
1 0.4014 0.4808 0.0095 0.017
1 0.4111 0.5481 0.015 0.0395
1 0.4303 0.5481 0.0065 0.019
1 0.4399 0.5216 0.012 0.0395
1 0.4567 0.4639 0.0135 0.034
2 0.4519 0.4591 0.0115 0.0195
2 0.4639 0.5433 0.0125 0.0155
2 0.4688 0.5288 0.018 0.021
2 0.4784 0.5433 0.015 0.022
2 0.5048 0.5817 0.012 0.013
2 0.5264 0.5721 0.008 0.0165
2 0.524 0.5889 0.0085 0.0125
1 0.5048 0.5865 0.013 0.037
1 0.5192 0.5986 0.013 0.0265
1 0.524 0.5769 0.014 0.0325
3 0.637 0.3726 0.012 0.032
3 0.6538 0.375 0.012 0.034
3 0.7452 0.4591 0.0425 0.023
3 0.8726 0.4952 0.0445 0.0275
