4 0.0697 0.7332 0.0664 0.1021
4 0.125 0.4856 0.05 0.0521
4 0.7212 0.5096 0.0571 0.0443
4 0.7812 0.4663 0.055 0.0471
4 0.8486 0.4712 0.0493 0.04
4 0.0481 0.3966 0.0486 0.0443
1 0.0072 0.613 0.01 0.0136
10 0.5649 0.4471 0.0121 0.0179
10 0.5962 0.4423 0.0143 0.0107
7 0.5962 0.4111 0.0157 0.0143
10 0.5096 0.387 0.0143 0.0093
1 0.4207 0.3534 0.0057 0.0157
1 0.4062 0.3149 0.005 0.015
1 0.3798 0.3125 0.005 0.0143
1 0.387 0.3125 0.0043 0.0143
1 0.4351 0.3245 0.0036 0.0129
1 0.4447 0.3245 0.005 0.0143
1 0.4279 0.3197 0.0043 0.0114
1 0.4952 0.3894 0.0064 0.015
1 0.7668 0.2308 0.005 0.0143
1 0.9135 0.7163 0.0157 0.0214
1 0.9111 0.726 0.0107 0.0143
1 0.9207 0.7332 0.0157 0.02
4 0.9495 0.3966 0.0471 0.0414
4 0.9832 0.25 0.0329 0.0343
4 0.988 0.3029 0.0236 0.0314
2 0.5673 0.4399 0.0093 0.0143
2 0.5986 0.4399 0.0107 0.0157
