6 0.0889 0.4736 0.0188 0.0214
6 0.1346 0.4591 0.0391 0.0167
4 0.2957 0.4808 0.0412 0.0209
10 0.0913 0.4375 0.0073 0.011
10 0.0962 0.4495 0.0073 0.0115
6 0.4111 0.5673 0.1164 0.0663
4 0.4856 0.5072 0.0438 0.0251
5 0.7308 0.3341 0.0183 0.0115
7 0.7067 0.3413 0.0146 0.0094
10 0.6971 0.3413 0.0052 0.0063
6 0.8317 0.3245 0.0235 0.0214
6 0.8558 0.3149 0.0511 0.0172
4 0.8582 0.3077 0.0198 0.0099
4 0.8774 0.3918 0.0303 0.0151
5 0.8678 0.3413 0.023 0.0136
6 0.8918 0.3341 0.0245 0.0136
6 0.4712 0.6995 0.1785 0.1263
4 0.988 0.3798 0.0251 0.0172
6 0.9471 0.2909 0.0376 0.0157
5 0.9351 0.2981 0.0266 0.0099
4 0.9447 0.3221 0.0214 0.0115
2 0.7716 0.6635 0.0115 0.0125
10 0.7716 0.6683 0.0198 0.0162
2 0.7788 0.6803 0.0115 0.0146
10 0.7788 0.6827 0.0157 0.0172
3 0.8341 0.6683 0.0193 0.0172
2 0.8341 0.6635 0.0089 0.0177
1 0.0096 0.488 0.0073 0.0136
