4 0.8894 0.7356 0.0344 0.0522
4 0.9495 0.6659 0.0511 0.024
4 0.8221 0.5865 0.0266 0.0433
4 0.6346 0.6082 0.0235 0.0454
4 0.6058 0.6058 0.0224 0.0454
4 0.8702 0.5168 0.0449 0.0188
4 0.9327 0.4183 0.0297 0.0261
4 0.8846 0.4231 0.0214 0.0271
4 0.8654 0.3101 0.0157 0.0177
4 0.8678 0.2692 0.0204 0.0224
4 0.8486 0.2668 0.0214 0.0219
4 0.887 0.2644 0.0167 0.0204
4 0.6587 0.363 0.0177 0.0235
4 0.637 0.3654 0.0162 0.0224
4 0.4327 0.5962 0.0209 0.0428
4 0.4038 0.5913 0.0224 0.0428
4 0.3221 0.5817 0.024 0.0423
4 0.2548 0.6058 0.048 0.0224
4 0.4904 0.3582 0.0151 0.0245
4 0.4856 0.3053 0.0141 0.0209
4 0.4423 0.3077 0.0157 0.0261
4 0.4519 0.2885 0.0157 0.0251
4 0.4255 0.3077 0.0151 0.0261
5 0.4543 0.262 0.0115 0.0245
4 0.0168 0.4423 0.0277 0.0344
4 0.0096 0.3534 0.0146 0.0282
5 0.0697 0.2933 0.0198 0.0271
4 0.0288 0.2861 0.0214 0.024
10 0.0553 0.2716 0.0063 0.012
2 0.0553 0.2692 0.0063 0.0094
7 0.0577 0.2548 0.0094 0.012
2 0.0553 0.2524 0.0068 0.0068
10 0.0072 0.2692 0.0078 0.011
4 0.0433 0.2452 0.0204 0.0224
4 0.0529 0.2284 0.0204 0.0162
4 0.1226 0.2885 0.0204 0.0204
4 0.1274 0.2716 0.0167 0.0198
4 0.1322 0.2476 0.0167 0.0188
4 0.1394 0.2284 0.0177 0.0151
8 0.274 0.3029 0.0094 0.0177
4 0.2957 0.3077 0.0188 0.0219
4 0.3149 0.3053 0.0198 0.0219
4 0.3317 0.3053 0.0198 0.0245
