4 0.6106 0.6611 0.0257 0.0679
4 0.5601 0.6562 0.0257 0.0643
4 0.399 0.649 0.03 0.0729
4 0.3582 0.6562 0.0279 0.0614
4 0.2596 0.649 0.0314 0.0621
4 0.1899 0.6418 0.0679 0.0279
4 0.2644 0.4976 0.0286 0.0693
4 0.2957 0.5048 0.0243 0.0571
4 0.3293 0.5 0.0257 0.0614
4 0.3606 0.5024 0.0229 0.0614
4 0.399 0.5024 0.025 0.0614
4 0.4303 0.5 0.0286 0.0629
4 0.4639 0.4952 0.0286 0.0664
4 0.4952 0.5 0.02 0.0564
4 0.5264 0.5024 0.0257 0.06
4 0.5625 0.4952 0.0271 0.0614
4 0.5962 0.5 0.0286 0.0671
4 0.6274 0.5048 0.025 0.0636
4 0.6659 0.4976 0.0286 0.0664
4 0.6995 0.5048 0.03 0.0679
4 0.7428 0.5072 0.03 0.0679
4 0.4976 0.3389 0.0236 0.05
4 0.4591 0.3389 0.0279 0.065
4 0.4255 0.3413 0.0264 0.0579
4 0.3942 0.3413 0.0236 0.0614
4 0.363 0.3413 0.0271 0.0636
4 0.3317 0.3438 0.0264 0.0679
4 0.2981 0.3389 0.0271 0.0679
4 0.2308 0.3389 0.0271 0.065
4 0.1947 0.3389 0.0271 0.065
4 0.1659 0.3341 0.0264 0.065
4 0.1779 0.3918 0.065 0.0264
4 0.137 0.4303 0.0536 0.0471
5 0.2644 0.3365 0.0286 0.0721
5 0.613 0.3918 0.0586 0.02
6 0.7548 0.399 0.0407 0.0729
4 0.9471 0.3798 0.0343 0.0586
4 0.8654 0.3798 0.035 0.0636
4 0.9856 0.3822 0.0329 0.0679
5 0.9062 0.512 0.0621 0.0286
4 0.9808 0.5168 0.0414 0.0264
4 0.8101 0.6635 0.0343 0.0636
4 0.8486 0.6683 0.0279 0.0536
4 0.887 0.6659 0.0336 0.0614
4 0.9351 0.6635 0.0364 0.0686
9 0.2668 0.7572 0.1629 0.0486
6 0.0144 0.6466 0.0264 0.0479
1 0.6514 0.3245 0.0086 0.0107
1 0.7716 0.3558 0.0129 0.0143
1 0.0337 0.7139 0.0207 0.0129
3 0.6611 0.6418 0.015 0.0157
