5 0.3534 0.2548 0.0379 0.0721
4 0.3413 0.3438 0.0479 0.0893
4 0.5625 0.1899 0.05 0.065
4 0.6466 0.2596 0.0886 0.0443
4 0.6635 0.3293 0.0864 0.0586
4 0.863 0.3486 0.0786 0.0443
4 0.8702 0.2476 0.0864 0.0464
4 0.8534 0.1947 0.0907 0.0479
4 0.9639 0.2356 0.0729 0.0443
4 0.8918 0.4279 0.0971 0.0464
5 0.8438 0.5457 0.0721 0.115
5 0.8942 0.7356 0.1193 0.1271
4 0.9231 0.6683 0.1057 0.1079
4 0.524 0.6635 0.0557 0.1136
4 0.4423 0.7043 0.0457 0.0943
4 0.6707 0.6466 0.0979 0.0857
4 0.3125 0.7788 0.0607 0.1193
1 0.3678 0.6106 0.0179 0.0229
3 0.3678 0.6178 0.0186 0.04
1 0.5962 0.1731 0.0107 0.0329
1 0.7212 0.1466 0.0143 0.0271
11 0.7236 0.1562 0.0086 0.0207
1 0.726 0.5625 0.0214 0.025
