1 0.0745 0.7716 0.0229 0.0164
1 0.0745 0.762 0.0271 0.0229
1 0.125 0.7043 0.0186 0.0243
1 0.1635 0.6971 0.0171 0.0229
2 0.4688 0.7548 0.0164 0.0207
1 0.476 0.7404 0.0164 0.0179
1 0.5264 0.5793 0.0114 0.025
2 0.1346 0.613 0.0207 0.0179
1 0.2236 0.4615 0.0129 0.0214
1 0.2332 0.4567 0.0136 0.0229
1 0.4327 0.3726 0.0086 0.0221
1 0.4231 0.363 0.0093 0.0214
1 0.4495 0.3558 0.0079 0.0186
1 0.4615 0.3654 0.0071 0.0193
1 0.5024 0.3149 0.0064 0.0214
1 0.4688 0.3149 0.0086 0.0193
1 0.5072 0.3149 0.0086 0.0193
1 0.5288 0.2885 0.0079 0.015
2 0.5312 0.3846 0.0107 0.0129
2 0.5361 0.363 0.0093 0.01
1 0.5216 0.3173 0.0057 0.01
1 0.2957 0.2885 0.0086 0.0171
1 0.3317 0.2476 0.0086 0.0171
1 0.3798 0.2788 0.0071 0.0157
1 0.387 0.2812 0.0079 0.0143
1 0.3413 0.3317 0.0079 0.0179
2 0.3798 0.2764 0.005 0.0079
1 0.3918 0.2524 0.0057 0.015
1 0.4014 0.2476 0.0057 0.0143
1 0.399 0.262 0.0057 0.0157
1 0.4087 0.2476 0.0043 0.0071
1 0.4231 0.2524 0.0071 0.0171
1 0.4856 0.2644 0.0057 0.0157
2 0.4832 0.2788 0.0086 0.0136
2 0.4856 0.2764 0.0093 0.0143
1 0.5072 0.2404 0.005 0.0121
1 0.5 0.2284 0.0064 0.0164
1 0.4159 0.2404 0.0064 0.0157
1 0.4062 0.238 0.0064 0.0157
1 0.387 0.2452 0.0057 0.0157
4 0.0841 0.3846 0.0571 0.0607
1 0.4038 0.2644 0.0071 0.0143
1 0.4111 0.2404 0.0057 0.0136
