4 0.625 0.7067 0.0593 0.0779
4 0.7019 0.7452 0.0736 0.0886
4 0.5913 0.8053 0.0686 0.1014
4 0.6827 0.8389 0.0779 0.0743
4 0.7644 0.8462 0.0729 0.0586
4 0.1611 0.6178 0.0764 0.0343
4 0.2957 0.5649 0.0771 0.0286
4 0.2644 0.5361 0.0743 0.0314
4 0.0865 0.5865 0.0929 0.04
4 0.6923 0.5192 0.0621 0.03
4 0.5312 0.5361 0.0679 0.0364
4 0.5337 0.512 0.0636 0.0264
4 0.6587 0.5024 0.0671 0.0321
4 0.8341 0.4976 0.0657 0.03
4 0.9567 0.4808 0.0579 0.0271
4 0.3462 0.4087 0.0207 0.0271
4 0.3822 0.4038 0.0214 0.0307
4 0.4087 0.4087 0.0229 0.0286
4 0.4423 0.4038 0.0279 0.0293
4 0.4303 0.3726 0.0186 0.0236
4 0.4038 0.3822 0.0207 0.0286
4 0.3726 0.3774 0.0207 0.0307
5 0.3726 0.3534 0.0186 0.0264
5 0.3966 0.351 0.0179 0.025
4 0.4207 0.3462 0.0193 0.0243
4 0.3678 0.3389 0.015 0.0243
4 0.3438 0.3245 0.0157 0.0214
4 0.363 0.3173 0.015 0.0186
4 0.3606 0.2812 0.0121 0.015
4 0.3918 0.2236 0.01 0.0086
4 0.4183 0.226 0.0093 0.0086
4 0.4135 0.2212 0.0079 0.0093
4 0.3365 0.1851 0.0071 0.0071
4 0.3606 0.1875 0.0071 0.0079
4 0.3438 0.1947 0.0079 0.0064
4 0.3534 0.1923 0.0071 0.0071
4 0.3534 0.1971 0.0064 0.0036
4 0.3534 0.1995 0.0064 0.0057
4 0.3558 0.2043 0.0086 0.0071
4 0.363 0.2019 0.0071 0.0071
4 0.363 0.1947 0.0071 0.0071
0 0.3389 0.1442 0.0264 0.035
1 0.3558 0.4423 0.0071 0.0186
1 0.3702 0.4399 0.0114 0.0179
1 0.387 0.4375 0.0079 0.0193
1 0.363 0.4567 0.0057 0.0193
2 0.3173 0.4567 0.0129 0.0171
0 0.3077 0.4183 0.035 0.0479
2 0.3606 0.4014 0.0071 0.0121
10 0.363 0.4087 0.0057 0.0114
1 0.3053 0.4639 0.0093 0.0207
2 0.2933 0.4928 0.0093 0.0171
10 0.2933 0.4952 0.0229 0.01
2 0.2548 0.4904 0.0107 0.0121
10 0.2548 0.4928 0.0271 0.0121
2 0.2308 0.4712 0.0079 0.01
10 0.2356 0.4808 0.01 0.0129
10 0.2428 0.6875 0.0307 0.0121
10 0.2572 0.6635 0.0243 0.0129
10 0.3726 0.6538 0.0271 0.0136
10 0.488 0.625 0.0293 0.0129
10 0.5409 0.5865 0.0257 0.0129
10 0.601 0.6418 0.0307 0.0171
10 0.601 0.6058 0.0286 0.0164
10 0.6442 0.5865 0.0271 0.0114
0 0.7019 0.5697 0.0286 0.0443
10 0.4399 0.6226 0.0314 0.015
1 0.5168 0.6298 0.0171 0.0257
2 0.601 0.637 0.01 0.0179
2 0.5986 0.5986 0.0129 0.0164
2 0.6418 0.5817 0.0121 0.02
1 0.3726 0.6442 0.0171 0.0193
1 0.2524 0.6587 0.0136 0.0229
1 0.2428 0.6851 0.015 0.0229
1 0.1947 0.7332 0.0229 0.0186
10 0.1947 0.7428 0.0164 0.0264
10 0.0337 0.6298 0.0664 0.0293
4 0.0841 0.5553 0.0864 0.0236
2 0.7596 0.5745 0.015 0.0143
2 0.774 0.5553 0.0107 0.0136
2 0.7788 0.5529 0.0071 0.0143
10 0.762 0.5817 0.0221 0.01
10 0.7788 0.5601 0.0243 0.0114
0 0.8077 0.5361 0.0193 0.0171
0 0.976 0.5409 0.0293 0.0264
0 0.9062 0.5553 0.0286 0.0179
0 0.4784 0.5986 0.0243 0.0257
1 0.2212 0.4663 0.0086 0.02
0 0.2067 0.4784 0.0179 0.0193
0 0.3029 0.1538 0.0143 0.0179
0 0.399 0.1995 0.005 0.0079
0 0.3558 0.2115 0.0043 0.0079
0 0.3462 0.2163 0.0043 0.0071
0 0.3654 0.149 0.01 0.0164
0 0.1731 0.6514 0.0371 0.0179
1 0.6683 0.3942 0.0043 0.0136
1 0.6731 0.3966 0.0057 0.0136
10 0.3173 0.4615 0.0093 0.0129
