6 0.3173 0.2452 0.0115 0.0185
4 0.3197 0.2572 0.0105 0.0105
6 0.3678 0.2524 0.0115 0.0145
6 0.3702 0.2981 0.019 0.021
6 0.3173 0.3005 0.0235 0.042
6 0.3149 0.2716 0.018 0.029
6 0.3293 0.4207 0.043 0.1085
4 0.3197 0.3558 0.0185 0.018
8 0.3558 0.3365 0.0135 0.0175
4 0.3798 0.3317 0.0165 0.015
5 0.4087 0.3702 0.0235 0.0255
4 0.4327 0.4231 0.028 0.0265
4 0.375 0.4375 0.0295 0.0305
0 0.3197 0.1971 0.0295 0.02
0 0.3918 0.2067 0.025 0.019
1 0.4014 0.2788 0.0035 0.009
1 0.4038 0.2788 0.0045 0.009
2 0.2909 0.4784 0.01 0.0155
3 0.2909 0.4904 0.0095 0.0205
4 0.3918 0.5649 0.037 0.0535
4 0.3149 0.6562 0.0515 0.078
6 0.524 0.6514 0.12 0.1635
6 0.5601 0.5649 0.1275 0.1755
4 0.899 0.7716 0.1315 0.069
4 0.8413 0.7188 0.124 0.062
4 0.9567 0.6899 0.087 0.0615
4 0.988 0.7476 0.027 0.0465
1 0.9519 0.4976 0.018 0.0275
10 0.8918 0.4351 0.013 0.014
10 0.9014 0.4327 0.0145 0.0135
10 0.875 0.4255 0.0135 0.015
10 0.863 0.4255 0.01 0.014
10 0.8558 0.4231 0.0115 0.014
10 0.8293 0.4111 0.015 0.015
10 0.8413 0.4087 0.013 0.0135
4 0.7957 0.4471 0.0405 0.0175
4 0.7716 0.4375 0.0485 0.0185
1 0.7885 0.3918 0.006 0.016
4 0.7332 0.3582 0.03 0.016
4 0.7091 0.3389 0.033 0.016
10 0.7332 0.3438 0.012 0.009
10 0.6731 0.3293 0.011 0.0105
5 0.6538 0.3269 0.019 0.018
4 0.6322 0.3606 0.036 0.0145
5 0.625 0.3534 0.037 0.0155
4 0.6154 0.3486 0.0305 0.014
4 0.6058 0.3462 0.0275 0.0135
5 0.5865 0.3317 0.0295 0.0135
4 0.5769 0.3269 0.0275 0.0115
4 0.5721 0.3245 0.0285 0.012
4 0.5673 0.3197 0.0285 0.014
4 0.5817 0.3029 0.0175 0.013
5 0.5553 0.2861 0.0175 0.013
4 0.5168 0.2933 0.0265 0.011
5 0.5577 0.274 0.018 0.01
5 0.5361 0.2716 0.014 0.0085
4 0.5361 0.2716 0.022 0.0075
7 0.4904 0.2548 0.0075 0.0065
4 0.4712 0.2452 0.014 0.0065
4 0.4712 0.2452 0.015 0.007
4 0.4567 0.2404 0.008 0.006
1 0.4495 0.2356 0.002 0.0055
