5 0.0409 0.1587 0.0429 0.0221
4 0.0769 0.2428 0.0457 0.0236
4 0.0841 0.25 0.0457 0.0214
4 0.0721 0.2308 0.0343 0.0186
10 0.0312 0.238 0.0086 0.0136
2 0.0312 0.2356 0.0079 0.0079
4 0.0601 0.1899 0.0443 0.0221
5 0.1899 0.1779 0.0329 0.0286
4 0.4327 0.1562 0.025 0.0243
4 0.4856 0.1659 0.0271 0.025
4 0.2933 0.3293 0.0479 0.0243
4 0.3077 0.3438 0.0443 0.0257
4 0.3269 0.3702 0.0464 0.0264
4 0.3365 0.387 0.0514 0.03
4 0.351 0.4014 0.0464 0.03
4 0.3678 0.4375 0.0486 0.035
1 0.3365 0.4303 0.0064 0.015
1 0.2644 0.4423 0.0079 0.0114
4 0.274 0.5144 0.035 0.0514
4 0.1274 0.3774 0.0579 0.0314
4 0.1226 0.3606 0.0514 0.0286
4 0.2067 0.524 0.0457 0.0257
4 0.1779 0.6154 0.0414 0.0621
5 0.1442 0.5577 0.0636 0.0664
10 0.2091 0.6202 0.015 0.0243
5 0.0192 0.625 0.035 0.0679
9 0.0505 0.8149 0.0979 0.12
1 0.4447 0.7885 0.0107 0.0143
2 0.4591 0.7428 0.0121 0.015
2 0.4303 0.6514 0.0107 0.0143
10 0.4279 0.6562 0.0236 0.0136
10 0.4495 0.7788 0.0236 0.0093
10 0.4567 0.7476 0.035 0.0164
5 0.7572 0.1611 0.0386 0.0293
10 0.7548 0.2163 0.0157 0.0114
2 0.7596 0.2115 0.0071 0.0114
1 0.7428 0.5913 0.01 0.0121
1 0.7476 0.5962 0.0107 0.0136
1 0.6875 0.5337 0.0064 0.0086
1 0.6779 0.5216 0.005 0.0121
1 0.6851 0.5337 0.0064 0.01
4 0.7404 0.649 0.0721 0.0564
5 0.887 0.274 0.07 0.0443
