4 0.3029 0.6082 0.0293 0.0136
4 0.3077 0.625 0.03 0.015
4 0.3053 0.6442 0.0286 0.0136
4 0.3077 0.6659 0.0293 0.0143
4 0.3101 0.6803 0.0279 0.0157
4 0.3053 0.6971 0.0286 0.0136
4 0.3077 0.7115 0.03 0.0114
4 0.3125 0.7284 0.0243 0.0143
5 0.3125 0.7452 0.0293 0.0143
4 0.387 0.649 0.0271 0.0157
5 0.387 0.6659 0.03 0.0136
4 0.3918 0.6995 0.0264 0.0171
4 0.3894 0.7163 0.0286 0.0136
4 0.4639 0.3438 0.03 0.0179
6 0.5817 0.1947 0.0214 0.0693
4 0.5986 0.7981 0.0114 0.0314
4 0.7909 0.8293 0.0136 0.03
4 0.8125 0.6875 0.0186 0.03
4 0.8582 0.738 0.0286 0.0157
4 0.863 0.7644 0.0264 0.0143
4 0.9231 0.7476 0.0257 0.0171
4 0.8534 0.6562 0.0257 0.0164
4 0.8534 0.6418 0.0293 0.0136
4 0.8486 0.5721 0.0279 0.0143
4 0.9135 0.5817 0.0307 0.015
4 0.9135 0.6082 0.0286 0.0136
5 0.851 0.6298 0.0271 0.0136
4 0.75 0.4615 0.015 0.0257
10 0.7572 0.3822 0.0086 0.0114
1 0.9303 0.8293 0.0086 0.0114
1 0.7957 0.8558 0.0071 0.01
1 0.8654 0.8317 0.0107 0.01
1 0.9062 0.524 0.0079 0.005
1 0.9135 0.5216 0.0064 0.0071
0 0.9471 0.7139 0.0214 0.0293
0 0.9784 0.8077 0.0236 0.0236
0 0.9519 0.7428 0.01 0.0193
