2 0.5337 0.1346 0.0043 0.0064
1 0.5144 0.1466 0.005 0.01
1 0.5168 0.1587 0.005 0.0114
1 0.512 0.1587 0.0043 0.0121
2 0.5505 0.2404 0.0071 0.0093
2 0.5337 0.2812 0.0064 0.0086
2 0.5361 0.2788 0.0071 0.01
2 0.6226 0.3942 0.01 0.0129
1 0.351 0.4399 0.01 0.0179
1 0.8822 0.6971 0.015 0.0186
2 0.863 0.6827 0.0136 0.0179
2 0.625 0.6178 0.0121 0.015
10 0.5361 0.137 0.005 0.0093
10 0.4567 0.1346 0.0114 0.0079
10 0.4159 0.1442 0.0079 0.0107
10 0.4087 0.1418 0.0057 0.0086
10 0.4062 0.1418 0.0071 0.0079
10 0.399 0.1466 0.0064 0.0086
10 0.4279 0.2524 0.0114 0.0114
10 0.5337 0.2837 0.0079 0.0143
10 0.5505 0.2428 0.0079 0.0129
10 0.6226 0.3966 0.0079 0.0164
8 0.5601 0.4447 0.0157 0.0379
10 0.625 0.6202 0.0093 0.0229
10 0.8606 0.6827 0.0136 0.0314
10 0.8365 0.6803 0.0329 0.0164
10 0.8341 0.6659 0.0286 0.015
10 0.8293 0.649 0.0293 0.0221
10 0.8245 0.6322 0.0264 0.0171
10 0.8606 0.6178 0.03 0.0171
10 0.8582 0.6106 0.0286 0.0121
10 0.8558 0.6034 0.0293 0.0129
10 0.7788 0.6082 0.0243 0.0157
10 0.7764 0.5938 0.0314 0.0171
10 0.8101 0.6034 0.0293 0.015
10 0.8101 0.5962 0.0307 0.0157
10 0.8101 0.5889 0.0343 0.0164
10 0.8005 0.5697 0.0307 0.015
10 0.7668 0.5625 0.0221 0.0121
10 0.7981 0.5625 0.0279 0.01
10 0.7957 0.5553 0.0264 0.0107
10 0.7909 0.5481 0.0286 0.0114
10 0.7909 0.5409 0.0271 0.0143
10 0.7837 0.5361 0.0271 0.0121
10 0.7644 0.5553 0.0207 0.0143
10 0.762 0.5481 0.025 0.01
10 0.762 0.5409 0.0286 0.015
10 0.7837 0.5264 0.0221 0.0114
10 0.7812 0.5192 0.0236 0.0129
10 0.7788 0.512 0.0307 0.0136
10 0.7716 0.4952 0.0221 0.0143
10 0.8341 0.5409 0.0264 0.0143
10 0.7668 0.4663 0.0243 0.0143
10 0.7572 0.4495 0.0243 0.0121
10 0.7188 0.3438 0.0179 0.0114
10 0.7163 0.3293 0.0179 0.0086
10 0.726 0.1659 0.0079 0.0086
10 0.7332 0.1659 0.0071 0.0064
4 0.4688 0.1418 0.0136 0.0179
4 0.4784 0.1587 0.0136 0.0157
4 0.4615 0.1587 0.0143 0.0136
6 0.5385 0.2139 0.0136 0.0214
4 0.4447 0.1587 0.015 0.0129
5 0.4495 0.2452 0.0143 0.025
4 0.4135 0.4519 0.0229 0.0364
4 0.3966 0.5433 0.0286 0.0493
5 0.3822 0.6082 0.0364 0.0571
4 0.3269 0.6562 0.0721 0.0371
8 0.2284 0.6178 0.05 0.0293
5 0.3534 0.7909 0.0436 0.085
4 0.7957 0.6707 0.0471 0.0607
4 0.9736 0.8221 0.0543 0.0421
4 0.6394 0.5024 0.03 0.0379
4 0.7452 0.5072 0.0329 0.0436
4 0.7332 0.4639 0.0293 0.0386
6 0.7212 0.4207 0.0329 0.0371
6 0.7115 0.3846 0.0257 0.0321
4 0.6851 0.3077 0.0214 0.0236
4 0.6755 0.2861 0.0193 0.0207
6 0.6683 0.2644 0.0207 0.0207
4 0.6659 0.2476 0.0186 0.0179
4 0.6971 0.1707 0.0286 0.0136
4 0.6587 0.1466 0.0164 0.0129
4 0.6322 0.149 0.0214 0.0129
4 0.6274 0.1418 0.0214 0.0086
4 0.6274 0.137 0.02 0.0093
4 0.6154 0.1322 0.0193 0.01
4 0.5962 0.137 0.0114 0.0121
4 0.7308 0.1731 0.0307 0.0136
