1 0.149 0.2019 0.0036 0.0071
1 0.1442 0.2019 0.0036 0.0093
1 0.2019 0.2476 0.0029 0.01
4 0.2091 0.1514 0.0093 0.0079
4 0.2404 0.1947 0.0121 0.0086
4 0.2236 0.1587 0.0057 0.0057
4 0.1851 0.1418 0.0057 0.005
4 0.2043 0.1779 0.0136 0.0086
4 0.2981 0.1971 0.0171 0.0071
4 0.2284 0.1635 0.0071 0.005
4 0.2332 0.1659 0.0071 0.0057
4 0.238 0.1683 0.0071 0.005
4 0.2524 0.1755 0.0079 0.005
10 0.226 0.1731 0.0036 0.0043
4 0.2596 0.1947 0.0121 0.0079
2 0.226 0.1731 0.0021 0.0036
4 0.2067 0.1611 0.0093 0.0086
4 0.2957 0.2404 0.0186 0.0136
4 0.3077 0.25 0.0157 0.0121
4 0.4303 0.4279 0.0157 0.0121
4 0.4087 0.4014 0.0136 0.0114
10 0.3245 0.3558 0.02 0.0107
4 0.3149 0.2043 0.0114 0.0071
4 0.3245 0.2091 0.0093 0.0086
4 0.3341 0.2139 0.0093 0.0079
4 0.3702 0.2212 0.0136 0.0093
4 0.387 0.2404 0.0136 0.0086
4 0.3966 0.2452 0.015 0.0086
4 0.3389 0.2308 0.0221 0.0114
4 0.3846 0.2212 0.0157 0.0114
4 0.4062 0.2139 0.015 0.0079
4 0.3462 0.2548 0.0193 0.0114
4 0.363 0.2524 0.0179 0.0143
5 0.3197 0.2572 0.015 0.015
4 0.3341 0.2668 0.0186 0.015
4 0.3462 0.274 0.0207 0.0157
4 0.363 0.2885 0.0214 0.015
4 0.3798 0.2981 0.0229 0.0186
4 0.399 0.3101 0.0279 0.02
4 0.4303 0.2596 0.0186 0.015
4 0.4207 0.3269 0.0286 0.0193
4 0.4808 0.3654 0.035 0.0236
4 0.4495 0.3413 0.03 0.0229
4 0.5216 0.3894 0.0393 0.0264
5 0.5625 0.4087 0.0393 0.035
4 0.6202 0.4519 0.0507 0.0357
4 0.6875 0.387 0.0407 0.0236
4 0.6731 0.4615 0.0536 0.035
4 0.7812 0.488 0.07 0.0343
4 0.7308 0.5264 0.0636 0.0421
4 0.5337 0.3125 0.025 0.0143
4 0.5096 0.3005 0.025 0.015
4 0.4591 0.2764 0.0236 0.0143
4 0.2957 0.1875 0.0086 0.0064
10 0.512 0.4904 0.0107 0.0186
10 0.5337 0.4952 0.0121 0.0193
10 0.5529 0.4976 0.0129 0.02
10 0.5889 0.5457 0.015 0.0214
10 0.625 0.5673 0.0229 0.0236
10 0.6298 0.5601 0.0157 0.02
10 0.7163 0.613 0.0179 0.0264
10 0.774 0.7163 0.0393 0.0393
10 0.7981 0.7139 0.0286 0.0329
10 0.8149 0.6971 0.0321 0.03
10 0.8894 0.7788 0.0464 0.0414
10 0.8894 0.5721 0.0271 0.0343
10 0.8341 0.4327 0.0186 0.0207
10 0.8125 0.4231 0.0171 0.0107
10 0.7812 0.4111 0.0179 0.01
10 0.7692 0.4087 0.0186 0.0114
10 0.7284 0.3894 0.0186 0.0114
10 0.7452 0.4014 0.0193 0.0107
10 0.762 0.4062 0.0186 0.01
2 0.8918 0.7668 0.0193 0.03
2 0.8197 0.6875 0.0121 0.0193
2 0.8005 0.6947 0.0129 0.02
2 0.774 0.7043 0.0171 0.0214
1 0.5625 0.6851 0.0114 0.0279
2 0.6298 0.5529 0.0057 0.0129
2 0.5865 0.5361 0.0086 0.0171
2 0.7188 0.6034 0.0093 0.02
2 0.5505 0.4904 0.0086 0.015
2 0.5337 0.4856 0.01 0.015
2 0.512 0.4832 0.0079 0.0136
2 0.8894 0.5577 0.0179 0.025
