4 0.0433 0.4111 0.0093 0.0079
4 0.3365 0.3678 0.0071 0.0057
5 0.3149 0.3534 0.005 0.0036
6 0.2067 0.2572 0.0107 0.0071
4 0.2452 0.2644 0.005 0.0029
4 0.3774 0.4038 0.0043 0.005
4 0.3894 0.4183 0.005 0.0071
4 0.3702 0.4183 0.0043 0.0057
4 0.3558 0.4279 0.005 0.0057
9 0.363 0.4111 0.0114 0.0171
4 0.3582 0.4399 0.005 0.0071
0 0.4014 0.4351 0.0057 0.0079
4 0.3606 0.4543 0.0036 0.005
9 0.4231 0.4495 0.01 0.0171
9 0.3918 0.4519 0.0043 0.0093
6 0.4519 0.3798 0.015 0.025
0 0.5288 0.3582 0.0093 0.0086
0 0.524 0.3702 0.0093 0.0079
0 0.5361 0.3678 0.0071 0.0079
4 0.399 0.3462 0.0071 0.0029
4 0.4808 0.3486 0.0093 0.0043
4 0.5505 0.3438 0.0079 0.0029
0 0.5553 0.3053 0.0029 0.0043
0 0.7668 0.4014 0.0214 0.0171
9 0.5865 0.3221 0.0043 0.0057
4 0.5745 0.3486 0.0057 0.0043
4 0.5817 0.363 0.0029 0.0036
4 0.5673 0.3798 0.0057 0.005
5 0.5385 0.4038 0.0029 0.0043
9 0.5337 0.4255 0.0114 0.0164
5 0.5721 0.4591 0.0086 0.0079
5 0.601 0.476 0.0114 0.0093
4 0.5841 0.4928 0.0071 0.0057
0 0.5745 0.4808 0.0043 0.0036
0 0.5745 0.488 0.0029 0.0036
4 0.5673 0.5 0.01 0.005
4 0.5553 0.5072 0.0086 0.005
4 0.5288 0.5312 0.0057 0.0071
4 0.5264 0.5625 0.0057 0.0086
4 0.4087 0.4688 0.0036 0.0057
4 0.4038 0.4808 0.0043 0.0086
6 0.3678 0.4856 0.0057 0.0079
9 0.3822 0.4832 0.0079 0.0207
4 0.3774 0.5048 0.0043 0.0064
4 0.3966 0.5168 0.0043 0.0064
9 0.3726 0.5216 0.0093 0.0221
5 0.3894 0.5288 0.0057 0.0093
4 0.3798 0.5433 0.005 0.0079
5 0.4183 0.5288 0.005 0.01
4 0.4159 0.5481 0.005 0.01
4 0.4038 0.5529 0.005 0.0086
5 0.4351 0.5625 0.005 0.0107
4 0.4279 0.5745 0.0064 0.01
4 0.4471 0.5072 0.005 0.01
5 0.3798 0.5673 0.005 0.0086
5 0.3918 0.5769 0.0064 0.01
4 0.3822 0.5841 0.0043 0.0086
4 0.4255 0.5913 0.005 0.0079
5 0.4399 0.625 0.0057 0.0114
5 0.3894 0.6202 0.0057 0.0086
5 0.3918 0.6442 0.005 0.0114
5 0.4038 0.6442 0.0057 0.0086
4 0.4495 0.6322 0.0057 0.0114
5 0.399 0.6731 0.0057 0.0114
9 0.4135 0.6995 0.0057 0.0121
9 0.4351 0.6995 0.0057 0.0107
4 0.4495 0.6947 0.0079 0.0143
9 0.4712 0.6707 0.0143 0.0307
4 0.3678 0.7572 0.0107 0.015
4 0.375 0.762 0.0086 0.0136
5 0.387 0.7572 0.0093 0.0121
4 0.3702 0.7788 0.0064 0.0071
5 0.3798 0.774 0.0143 0.0179
5 0.4279 0.774 0.0079 0.015
4 0.4663 0.7212 0.0071 0.0129
4 0.4688 0.7428 0.0064 0.0114
5 0.4832 0.7644 0.0079 0.0164
9 0.524 0.7524 0.0214 0.035
9 0.5361 0.7452 0.0221 0.0371
9 0.5192 0.7163 0.0229 0.035
5 0.6731 0.762 0.0114 0.0136
4 0.6466 0.7332 0.0114 0.0136
4 0.6178 0.6875 0.0107 0.0107
4 0.6082 0.6779 0.0107 0.0114
4 0.5938 0.6635 0.0107 0.0114
4 0.5841 0.6514 0.0114 0.0093
4 0.4808 0.5625 0.0079 0.0086
4 0.4976 0.5769 0.0107 0.0079
4 0.5361 0.6034 0.0071 0.0093
4 0.5601 0.5938 0.0107 0.0064
4 0.5721 0.5889 0.0114 0.0079
4 0.5938 0.5793 0.0121 0.0079
9 0.5962 0.512 0.0236 0.0164
4 0.5986 0.4952 0.01 0.0071
4 0.5601 0.5096 0.0107 0.0064
9 0.6058 0.5 0.0243 0.0157
9 0.6178 0.5024 0.0243 0.0157
9 0.6178 0.5096 0.0257 0.0157
9 0.6106 0.5337 0.0257 0.0171
9 0.6322 0.5264 0.0243 0.0171
9 0.6562 0.524 0.0243 0.0157
9 0.6731 0.4808 0.0221 0.0157
9 0.6851 0.4784 0.0229 0.015
9 0.7043 0.4808 0.0221 0.0129
9 0.7404 0.488 0.0236 0.0164
4 0.6803 0.4639 0.0071 0.0029
9 0.7548 0.4567 0.0143 0.01
4 0.7115 0.4495 0.0086 0.0036
9 0.7885 0.4784 0.0264 0.015
4 0.8005 0.4784 0.0086 0.0079
4 0.8774 0.5168 0.0107 0.0064
4 0.8534 0.5216 0.0064 0.0079
5 0.8365 0.524 0.0086 0.0093
4 0.8486 0.5312 0.01 0.0071
4 0.8558 0.5312 0.0093 0.0079
4 0.8582 0.5385 0.0093 0.0071
4 0.8702 0.5409 0.01 0.0071
4 0.8798 0.5481 0.0107 0.0086
4 0.8942 0.5625 0.0107 0.01
4 0.9062 0.5649 0.0093 0.0079
4 0.9135 0.5841 0.0107 0.0093
4 0.9231 0.5769 0.0114 0.0086
5 0.9663 0.6034 0.0143 0.0107
9 0.9808 0.5986 0.0193 0.0164
9 0.9519 0.5769 0.0179 0.0157
9 0.9327 0.5649 0.0186 0.0157
9 0.7548 0.3894 0.0079 0.0107
9 0.7476 0.4087 0.0093 0.0129
