4 0.5481 0.3149 0.0282 0.0329
4 0.5577 0.2716 0.0224 0.0271
4 0.5889 0.2957 0.0256 0.0297
4 0.5889 0.3245 0.0303 0.0324
4 0.5793 0.3654 0.0324 0.0412
1 0.5337 0.399 0.011 0.0318
1 0.5889 0.4423 0.0115 0.0251
1 0.5481 0.6034 0.0104 0.0365
1 0.5264 0.6058 0.0151 0.0402
1 0.5385 0.637 0.0099 0.0235
1 0.5721 0.6058 0.013 0.0449
1 0.5986 0.6082 0.0115 0.0297
1 0.6226 0.6202 0.0099 0.036
1 0.5072 0.601 0.0125 0.036
1 0.4832 0.6058 0.0157 0.0391
1 0.4856 0.6803 0.0125 0.0282
1 0.5721 0.6803 0.0157 0.0318
1 0.476 0.649 0.0125 0.0397
1 0.6178 0.5865 0.011 0.036
1 0.6322 0.5962 0.0141 0.0371
1 0.6034 0.5889 0.0141 0.0308
1 0.5889 0.5938 0.0177 0.0386
1 0.5505 0.5865 0.0167 0.035
1 0.5938 0.5577 0.012 0.0407
1 0.5889 0.5793 0.011 0.0334
1 0.5721 0.5769 0.0146 0.0376
1 0.5553 0.5697 0.0141 0.0371
1 0.5673 0.5577 0.0125 0.036
4 0.5745 0.4832 0.0418 0.0736
1 0.5048 0.5577 0.012 0.0308
1 0.5192 0.5553 0.011 0.0412
1 0.5288 0.5673 0.0115 0.036
1 0.5409 0.5721 0.0104 0.0313
1 0.5385 0.5553 0.0104 0.0282
1 0.5312 0.5409 0.0084 0.0266
1 0.5361 0.5337 0.0094 0.0261
1 0.5481 0.5312 0.0125 0.0297
1 0.5385 0.5264 0.0104 0.0303
1 0.5361 0.512 0.0094 0.0261
1 0.5457 0.5096 0.0073 0.0292
1 0.5361 0.4976 0.011 0.0282
1 0.5072 0.5024 0.0104 0.0297
1 0.5192 0.5024 0.0089 0.0282
1 0.5192 0.5072 0.0094 0.0245
7 0.5168 0.4808 0.0193 0.0438
1 0.5361 0.4663 0.0094 0.0324
1 0.5481 0.4591 0.0104 0.0282
1 0.5481 0.4663 0.0104 0.0261
1 0.5481 0.476 0.0125 0.0324
1 0.5433 0.488 0.0094 0.024
1 0.5457 0.4832 0.0084 0.024
1 0.6082 0.5481 0.0115 0.0418
1 0.6442 0.5745 0.0125 0.0438
1 0.6298 0.5649 0.0104 0.0381
1 0.6322 0.5529 0.0099 0.0334
1 0.6947 0.5889 0.0104 0.0391
1 0.7019 0.5769 0.0099 0.0402
1 0.6875 0.5793 0.0104 0.0386
10 0.8077 0.5962 0.0517 0.0251
4 0.5913 0.2716 0.024 0.0214
4 0.5913 0.2428 0.0214 0.0251
1 0.601 0.4663 0.0094 0.0329
1 0.6058 0.4712 0.0084 0.0318
1 0.6154 0.4663 0.0094 0.0313
1 0.6298 0.4615 0.0104 0.0282
1 0.6154 0.488 0.0104 0.0339
1 0.6322 0.5096 0.0104 0.0329
1 0.6202 0.4976 0.0089 0.0277
1 0.4928 0.5721 0.0099 0.0292
1 0.4736 0.5938 0.0125 0.0444
1 0.4856 0.5649 0.0084 0.0402
1 0.4784 0.5433 0.0125 0.0412
4 0.5769 0.4111 0.0412 0.0564
1 0.6154 0.5385 0.0104 0.0391
4 0.6082 0.7404 0.0741 0.083
4 0.5962 0.2284 0.0193 0.0151
