1 0.3269 0.3005 0.005 0.0107
1 0.3317 0.3005 0.0029 0.0107
5 0.4207 0.2548 0.0114 0.02
9 0.4447 0.3029 0.0136 0.0314
5 0.4447 0.351 0.0143 0.0221
4 0.4471 0.3798 0.0157 0.0236
4 0.4255 0.4183 0.015 0.025
5 0.4519 0.4111 0.0164 0.0307
1 0.476 0.2236 0.0021 0.0057
1 0.4808 0.2236 0.0029 0.0093
1 0.488 0.2284 0.0021 0.0086
1 0.476 0.226 0.0029 0.0071
1 0.4832 0.2284 0.0021 0.0079
1 0.4904 0.238 0.0029 0.01
1 0.488 0.2404 0.0029 0.0107
1 0.4808 0.2452 0.0036 0.0107
1 0.4808 0.2332 0.0036 0.0093
1 0.4832 0.2452 0.0029 0.0093
1 0.4904 0.25 0.0029 0.01
1 0.4856 0.238 0.0029 0.0093
1 0.476 0.2452 0.0036 0.0086
2 0.5337 0.25 0.0036 0.005
1 0.5337 0.2476 0.0036 0.0079
1 0.488 0.2572 0.0029 0.01
1 0.4784 0.2644 0.0043 0.0093
1 0.4832 0.2668 0.0029 0.0093
1 0.4808 0.2668 0.0029 0.0064
1 0.4784 0.2812 0.0029 0.0093
1 0.488 0.274 0.0036 0.0107
1 0.4904 0.2692 0.0036 0.01
1 0.4952 0.2692 0.0036 0.0086
1 0.4928 0.2716 0.0029 0.0086
0 0.5024 0.2812 0.0129 0.01
1 0.4928 0.2788 0.0029 0.0093
1 0.4784 0.2885 0.0029 0.0086
1 0.4808 0.3005 0.0036 0.01
1 0.5216 0.2957 0.005 0.0093
1 0.524 0.3005 0.0036 0.0086
1 0.5361 0.3077 0.0043 0.0093
1 0.524 0.3101 0.0036 0.01
1 0.5264 0.3149 0.0043 0.01
1 0.5264 0.3221 0.0036 0.0129
1 0.524 0.3341 0.0036 0.0114
1 0.5312 0.3365 0.005 0.0114
1 0.5409 0.3438 0.0043 0.0136
1 0.5457 0.3726 0.0029 0.0114
1 0.5529 0.375 0.0043 0.0114
1 0.5553 0.3846 0.0043 0.0121
1 0.5601 0.3822 0.005 0.0114
1 0.5553 0.4038 0.0036 0.01
1 0.5433 0.3966 0.005 0.0114
1 0.5457 0.3966 0.0043 0.0107
5 0.8341 0.5361 0.0479 0.0221
5 0.7885 0.5625 0.0514 0.0257
5 0.637 0.5505 0.0479 0.025
4 0.7644 0.5433 0.0443 0.0214
4 0.7115 0.5673 0.0486 0.0221
4 0.7043 0.5457 0.0479 0.0186
4 0.274 0.7596 0.0314 0.0429
4 0.3462 0.762 0.0264 0.0407
4 0.3125 0.7452 0.0271 0.0543
1 0.2163 0.4495 0.0071 0.01
1 0.2139 0.4688 0.0079 0.0114
1 0.1226 0.5096 0.0071 0.01
1 0.1394 0.5048 0.0071 0.0114
2 0.1466 0.5024 0.0086 0.0064
11 0.1466 0.5048 0.01 0.0086
1 0.1562 0.625 0.01 0.0121
1 0.1635 0.6418 0.0107 0.0136
1 0.2067 0.649 0.0064 0.015
1 0.2091 0.6562 0.0071 0.0143
1 0.2139 0.6707 0.0086 0.0114
1 0.2236 0.6659 0.0086 0.0129
1 0.226 0.6635 0.0107 0.015
1 0.2404 0.6587 0.0064 0.0136
1 0.226 0.6538 0.0079 0.0143
1 0.226 0.6514 0.01 0.0136
1 0.2692 0.6779 0.0114 0.0129
1 0.2716 0.6683 0.0079 0.0121
1 0.2668 0.6562 0.0086 0.0143
1 0.2788 0.6442 0.0129 0.0129
1 0.2812 0.6779 0.0129 0.015
1 0.2837 0.6851 0.0093 0.0136
1 0.2933 0.6779 0.0079 0.0143
1 0.3029 0.6851 0.0114 0.0136
1 0.3269 0.6755 0.01 0.0143
1 0.3462 0.6995 0.0093 0.0129
1 0.3462 0.6923 0.0064 0.0114
1 0.3005 0.6346 0.01 0.0136
1 0.3221 0.6442 0.0086 0.0136
1 0.3293 0.6611 0.0093 0.0136
1 0.363 0.6875 0.0093 0.0129
1 0.351 0.6755 0.0079 0.0136
1 0.3534 0.6707 0.0071 0.0129
1 0.3486 0.6683 0.0064 0.015
1 0.351 0.6707 0.0071 0.0157
1 0.3558 0.6683 0.005 0.0143
1 0.3654 0.6827 0.0086 0.0129
1 0.3654 0.6803 0.0064 0.015
1 0.3678 0.6707 0.0079 0.0136
1 0.3413 0.6562 0.0093 0.0136
1 0.3462 0.6514 0.0093 0.0114
1 0.351 0.6538 0.0071 0.0114
1 0.363 0.6562 0.0057 0.0171
1 0.363 0.6514 0.0093 0.0121
1 0.3774 0.6587 0.0071 0.0121
1 0.3798 0.6562 0.0071 0.0143
1 0.3894 0.6611 0.005 0.0129
1 0.3894 0.6442 0.0071 0.0121
1 0.4062 0.649 0.0057 0.0129
1 0.4159 0.6851 0.0057 0.0157
1 0.4519 0.6851 0.0071 0.015
1 0.4519 0.6827 0.0057 0.0171
1 0.4663 0.6755 0.0043 0.0143
1 0.488 0.6707 0.0057 0.0136
1 0.4904 0.6755 0.005 0.0136
1 0.4952 0.6587 0.0036 0.0107
1 0.5048 0.6514 0.0079 0.0143
1 0.512 0.6394 0.0079 0.0129
1 0.5288 0.6394 0.0079 0.0136
1 0.4663 0.6466 0.0064 0.0121
1 0.4663 0.6442 0.0079 0.0129
1 0.4832 0.6106 0.0086 0.0121
1 0.4856 0.6058 0.0064 0.0121
1 0.4639 0.5721 0.0079 0.0129
1 0.4976 0.5697 0.005 0.0143
1 0.5024 0.5673 0.0057 0.0129
1 0.7788 0.7692 0.0086 0.0157
1 0.8077 0.7236 0.0079 0.0107
1 0.7308 0.7404 0.0071 0.015
1 0.7356 0.7428 0.0071 0.015
1 0.7236 0.6995 0.0079 0.0164
1 0.75 0.6466 0.0107 0.0136
1 0.738 0.601 0.0064 0.0121
1 0.774 0.5962 0.0071 0.0129
4 0.863 0.5601 0.0343 0.0236
1 0.8894 0.4736 0.0071 0.0129
1 0.8846 0.4688 0.0057 0.0121
1 0.875 0.4712 0.0043 0.0107
1 0.8678 0.4663 0.0079 0.0114
1 0.8269 0.4736 0.01 0.0129
1 0.8149 0.4712 0.0086 0.0136
1 0.774 0.4808 0.0086 0.0114
1 0.7716 0.4784 0.0057 0.0129
1 0.7572 0.4736 0.0064 0.0121
1 0.6659 0.4832 0.0071 0.0114
1 0.6683 0.488 0.0093 0.0129
1 0.6154 0.4688 0.005 0.0121
1 0.6106 0.4712 0.0036 0.0121
1 0.6058 0.4688 0.0057 0.0129
1 0.5577 0.5601 0.005 0.0129
1 0.5745 0.5481 0.0043 0.0129
1 0.5769 0.5457 0.0057 0.0136
1 0.5769 0.4639 0.0043 0.0114
1 0.5721 0.4639 0.0043 0.0114
1 0.5481 0.4784 0.0043 0.0136
1 0.5601 0.4784 0.005 0.0129
1 0.5649 0.4808 0.005 0.01
1 0.5625 0.4736 0.0036 0.0114
1 0.5312 0.4135 0.0057 0.0121
1 0.5385 0.4183 0.0043 0.0121
2 0.5192 0.4183 0.0064 0.0086
1 0.512 0.4279 0.005 0.0114
1 0.5144 0.4351 0.0057 0.0114
1 0.5457 0.4447 0.005 0.01
1 0.5264 0.476 0.0043 0.0121
1 0.5072 0.4567 0.0057 0.0107
1 0.4952 0.524 0.005 0.0129
1 0.4904 0.5096 0.0064 0.0114
1 0.4856 0.4952 0.005 0.0129
1 0.4663 0.5337 0.0071 0.0136
1 0.3918 0.601 0.0064 0.0157
1 0.4087 0.5938 0.0086 0.0129
1 0.3798 0.5938 0.0086 0.0136
1 0.4038 0.5865 0.0079 0.0129
1 0.3365 0.5841 0.0071 0.0136
1 0.2981 0.5962 0.0086 0.0136
1 0.2428 0.5841 0.0071 0.0136
1 0.2572 0.5721 0.0079 0.0136
1 0.2572 0.5625 0.0064 0.0129
1 0.2885 0.5409 0.0086 0.0143
1 0.3101 0.5529 0.0064 0.0121
1 0.4207 0.5625 0.0079 0.0143
1 0.4399 0.5409 0.0057 0.0136
11 0.4279 0.5312 0.0064 0.0079
1 0.4351 0.524 0.0064 0.015
1 0.4591 0.5096 0.005 0.0129
1 0.4663 0.4952 0.005 0.0129
1 0.4327 0.4928 0.005 0.0136
1 0.3942 0.5385 0.0071 0.0114
1 0.4062 0.5312 0.0064 0.0114
1 0.4038 0.5264 0.005 0.0114
1 0.399 0.5288 0.005 0.0143
1 0.363 0.5385 0.0043 0.015
1 0.3654 0.5361 0.0079 0.0121
1 0.3558 0.5264 0.005 0.0121
1 0.3462 0.5192 0.005 0.0107
1 0.3702 0.5072 0.0086 0.0143
1 0.3798 0.5048 0.005 0.0121
1 0.3534 0.4976 0.0064 0.0114
1 0.2861 0.4928 0.0057 0.0107
1 0.3197 0.5048 0.0057 0.0121
1 0.3173 0.5048 0.005 0.0121
1 0.2284 0.4591 0.0057 0.0107
1 0.2284 0.4615 0.005 0.0107
1 0.2404 0.4736 0.0071 0.0121
1 0.2428 0.4712 0.0071 0.0121
1 0.2404 0.4688 0.0064 0.0129
1 0.2428 0.4663 0.0064 0.0121
1 0.387 0.5048 0.0057 0.0121
1 0.387 0.5072 0.0043 0.0143
1 0.4038 0.5096 0.005 0.0114
1 0.4014 0.5048 0.005 0.0121
1 0.399 0.5024 0.0064 0.0129
1 0.3966 0.5024 0.005 0.0079
1 0.3966 0.4976 0.0043 0.0136
1 0.4159 0.5048 0.0071 0.0129
1 0.2933 0.4567 0.005 0.0121
1 0.2957 0.4615 0.005 0.0136
1 0.2957 0.4543 0.0057 0.0136
1 0.3101 0.4615 0.0071 0.0107
1 0.3221 0.4688 0.0043 0.0071
1 0.3245 0.4639 0.0071 0.0114
1 0.3365 0.4784 0.0071 0.0143
1 0.3726 0.4784 0.0071 0.0114
1 0.3534 0.476 0.0057 0.01
1 0.3341 0.4591 0.0057 0.0107
1 0.3413 0.4639 0.0043 0.0121
1 0.351 0.4712 0.0043 0.0136
1 0.351 0.4615 0.005 0.01
1 0.3486 0.4567 0.0064 0.0107
1 0.3582 0.4471 0.0043 0.0136
2 0.3582 0.4447 0.0036 0.0093
1 0.3678 0.4447 0.0079 0.0121
1 0.3678 0.4423 0.005 0.0114
1 0.3798 0.4423 0.0071 0.0121
1 0.387 0.4471 0.0071 0.0121
1 0.363 0.4663 0.0071 0.0121
1 0.3606 0.4639 0.0064 0.0114
1 0.3606 0.4615 0.0064 0.0136
1 0.3606 0.4567 0.005 0.0114
1 0.3702 0.4567 0.0086 0.0129
1 0.375 0.4591 0.0071 0.0121
1 0.3774 0.4688 0.0057 0.0107
1 0.3894 0.4712 0.0043 0.0121
1 0.4014 0.476 0.0071 0.0114
1 0.3918 0.4663 0.0036 0.0136
1 0.3894 0.4639 0.0036 0.0121
1 0.3894 0.4495 0.0043 0.0107
1 0.3942 0.4471 0.0064 0.0129
3 0.4038 0.4519 0.0086 0.0079
2 0.4038 0.4495 0.0036 0.005
1 0.4111 0.4688 0.0057 0.0143
0 0.4062 0.4615 0.0057 0.0071
1 0.4183 0.4591 0.005 0.0107
1 0.4183 0.4615 0.0057 0.0114
1 0.4207 0.4495 0.0057 0.0114
1 0.4231 0.4519 0.0043 0.0121
1 0.4447 0.4567 0.0071 0.0114
1 0.4279 0.4591 0.0043 0.0143
1 0.4279 0.4591 0.0064 0.01
1 0.4279 0.4447 0.0057 0.0114
1 0.4279 0.4399 0.0036 0.0121
1 0.4303 0.4423 0.0036 0.0136
1 0.4471 0.4519 0.005 0.0129
1 0.4519 0.4639 0.0057 0.0079
1 0.4543 0.4591 0.0064 0.0121
1 0.4471 0.4471 0.005 0.0129
1 0.4495 0.4447 0.005 0.0136
1 0.4591 0.4447 0.0071 0.0121
1 0.4663 0.4423 0.0064 0.0129
1 0.4712 0.4447 0.0079 0.0121
1 0.4663 0.4543 0.0064 0.0114
1 0.4736 0.4591 0.0079 0.0121
1 0.488 0.4663 0.0086 0.0114
1 0.4904 0.4567 0.0043 0.0121
1 0.4856 0.4471 0.005 0.0093
1 0.4904 0.4399 0.0057 0.0086
