1 0.2548 0.5144 0.0064 0.0164
1 0.2596 0.5072 0.0093 0.0164
1 0.4303 0.2668 0.0043 0.0107
10 0.4303 0.3125 0.0043 0.0143
4 0.3582 0.3173 0.0336 0.0129
6 0.5168 0.2284 0.0121 0.015
6 0.5072 0.3077 0.02 0.0379
6 0.4928 0.3438 0.0171 0.035
6 0.4736 0.4351 0.0236 0.0457
6 0.4832 0.399 0.0229 0.0421
1 0.6346 0.7764 0.0064 0.0093
1 0.6418 0.7716 0.0086 0.0164
1 0.6683 0.7692 0.0071 0.0164
1 0.6779 0.7596 0.0086 0.015
1 0.6755 0.738 0.0079 0.0129
1 0.6779 0.7332 0.0071 0.0121
1 0.6755 0.7139 0.0057 0.0129
3 0.6274 0.6995 0.0093 0.0214
2 0.7644 0.6947 0.0129 0.0143
1 0.6538 0.6947 0.0079 0.0179
1 0.6611 0.6971 0.0079 0.0157
1 0.6731 0.6971 0.0071 0.015
1 0.6659 0.6851 0.0071 0.0157
2 0.625 0.6731 0.0071 0.0114
1 0.6226 0.6635 0.005 0.0143
1 0.6226 0.6587 0.005 0.0136
1 0.6274 0.6538 0.0057 0.0143
1 0.637 0.6418 0.0079 0.0157
1 0.6442 0.6418 0.0057 0.01
1 0.6587 0.6418 0.0064 0.0143
1 0.6683 0.6418 0.0086 0.015
1 0.637 0.6322 0.0064 0.0129
1 0.6394 0.6202 0.0064 0.0136
1 0.6202 0.6106 0.0079 0.0164
1 0.625 0.601 0.0079 0.0121
1 0.6322 0.6034 0.0064 0.015
1 0.6538 0.601 0.0079 0.015
1 0.6466 0.5962 0.0086 0.015
1 0.6394 0.5841 0.0079 0.0121
2 0.6178 0.5817 0.0064 0.01
1 0.625 0.5817 0.0079 0.015
1 0.6274 0.5721 0.005 0.015
2 0.6154 0.5649 0.0079 0.0086
2 0.6154 0.5625 0.0093 0.01
2 0.6154 0.5577 0.0079 0.0107
1 0.6322 0.5721 0.0036 0.0136
1 0.6394 0.5625 0.0079 0.015
1 0.6466 0.5673 0.0064 0.0143
1 0.6514 0.5721 0.0064 0.0136
1 0.6587 0.5697 0.0057 0.0179
1 0.6538 0.5673 0.0064 0.0136
1 0.6418 0.5553 0.0064 0.0136
2 0.6659 0.5673 0.0057 0.0107
9 0.512 0.2716 0.015 0.0307
1 0.6274 0.4832 0.005 0.01
1 0.6442 0.4615 0.005 0.0143
1 0.6394 0.4639 0.0043 0.0136
1 0.6202 0.4567 0.0036 0.0129
1 0.625 0.4639 0.0057 0.0143
1 0.6274 0.4639 0.005 0.0129
1 0.6274 0.4519 0.0043 0.0071
1 0.625 0.4567 0.0029 0.0071
1 0.613 0.4471 0.0043 0.0136
1 0.625 0.4183 0.0057 0.0136
1 0.6106 0.387 0.0043 0.0121
1 0.625 0.3822 0.005 0.0129
1 0.6034 0.375 0.0036 0.0143
1 0.6202 0.3678 0.0036 0.0114
1 0.6154 0.351 0.005 0.0129
1 0.613 0.3462 0.0043 0.01
1 0.6226 0.351 0.0036 0.0107
1 0.5962 0.3149 0.0043 0.0107
1 0.6058 0.3125 0.005 0.0086
1 0.601 0.2596 0.0029 0.0107
1 0.601 0.2668 0.0029 0.0093
1 0.6058 0.262 0.0043 0.01
1 0.6034 0.2644 0.0036 0.0071
1 0.6058 0.2788 0.0036 0.0107
1 0.6442 0.2957 0.005 0.0114
1 0.6346 0.2861 0.0036 0.0114
1 0.6442 0.3125 0.0036 0.0107
1 0.6322 0.3173 0.0057 0.0114
1 0.625 0.3149 0.0036 0.01
1 0.6226 0.3149 0.0036 0.01
1 0.613 0.3125 0.0043 0.0114
1 0.6178 0.3125 0.0043 0.01
1 0.6298 0.3125 0.0043 0.0093
1 0.625 0.3005 0.005 0.0107
2 0.6322 0.3005 0.0057 0.0064
1 0.6034 0.2933 0.0036 0.0093
1 0.6106 0.2933 0.0036 0.01
1 0.6154 0.2933 0.0057 0.0107
1 0.6202 0.2861 0.0036 0.01
