1 0.3053 0.774 0.0114 0.0121
4 0.3678 0.6899 0.0286 0.0507
4 0.476 0.6947 0.0271 0.0514
4 0.4231 0.5577 0.0243 0.0407
1 0.4087 0.4399 0.0057 0.0114
1 0.4135 0.4399 0.0057 0.0107
10 0.488 0.5817 0.0071 0.0164
4 0.2091 0.4087 0.0364 0.0179
4 0.2236 0.3678 0.04 0.0207
0 0.101 0.3774 0.1671 0.0843
6 0.2933 0.4087 0.0457 0.0229
9 0.3438 0.3534 0.0564 0.0371
4 0.4423 0.2572 0.0157 0.0243
5 0.4712 0.1514 0.0129 0.0214
4 0.5817 0.4231 0.0164 0.03
4 0.5841 0.3365 0.0157 0.0257
4 0.5841 0.3101 0.0143 0.0229
4 0.5841 0.2861 0.0143 0.0221
4 0.5865 0.2452 0.0136 0.0214
4 0.5889 0.2284 0.0136 0.02
4 0.5889 0.2043 0.0129 0.0193
6 0.6178 0.1683 0.0164 0.035
4 0.5889 0.1827 0.0157 0.025
4 0.5913 0.1346 0.0114 0.0157
4 0.5889 0.1611 0.0136 0.0164
1 0.726 0.8534 0.0114 0.015
4 0.6707 0.7909 0.0457 0.0507
6 0.6707 0.7476 0.0564 0.0557
4 0.6707 0.7163 0.0493 0.0421
4 0.6659 0.6827 0.0464 0.0429
4 0.6683 0.6538 0.0464 0.0379
4 0.6611 0.6178 0.0414 0.0386
4 0.6635 0.5865 0.0421 0.0379
4 0.6611 0.5601 0.0407 0.0329
4 0.6562 0.5337 0.0421 0.035
5 0.6587 0.5096 0.0364 0.0357
4 0.6587 0.4928 0.0379 0.0343
4 0.7212 0.5529 0.0207 0.0371
4 0.7957 0.5192 0.0243 0.0286
4 0.6587 0.3918 0.0164 0.0264
6 0.6635 0.3558 0.0243 0.0464
4 0.7091 0.3534 0.015 0.0279
4 0.7043 0.3846 0.0186 0.0236
5 0.7668 0.387 0.0179 0.0279
4 0.8125 0.3918 0.0236 0.0257
4 0.7909 0.6971 0.0364 0.0464
4 0.8293 0.7043 0.0336 0.0464
5 0.7091 0.3173 0.0171 0.03
6 0.6659 0.2163 0.0193 0.0293
5 0.6587 0.1899 0.0114 0.015
5 0.6995 0.2019 0.0143 0.0164
5 0.6947 0.1851 0.0121 0.0171
4 0.6587 0.1731 0.0193 0.0157
6 0.5841 0.3702 0.0221 0.0421
