4 0.5745 0.7019 0.0821 0.06
4 0.6731 0.8101 0.0629 0.1136
4 0.4736 0.6322 0.06 0.0607
4 0.4183 0.5865 0.0586 0.0529
4 0.363 0.5288 0.0421 0.0357
4 0.3317 0.5 0.0393 0.0329
4 0.2981 0.4712 0.035 0.0343
4 0.2764 0.4423 0.0364 0.0314
4 0.2476 0.4207 0.0286 0.0243
4 0.7428 0.7356 0.0907 0.0493
4 0.726 0.5841 0.0757 0.0493
4 0.7236 0.5385 0.0586 0.0364
4 0.5769 0.4904 0.0557 0.0321
4 0.5361 0.4615 0.0521 0.035
4 0.4519 0.4135 0.0464 0.025
4 0.4255 0.399 0.0429 0.0221
4 0.4014 0.3822 0.0414 0.0236
4 0.3606 0.3582 0.0357 0.0186
4 0.2572 0.3029 0.0314 0.0136
4 0.2356 0.2837 0.0286 0.0136
4 0.101 0.2957 0.0157 0.0171
4 0.0841 0.2909 0.0143 0.0136
4 0.101 0.274 0.01 0.0129
4 0.0841 0.274 0.0136 0.0136
4 0.1226 0.2716 0.0157 0.0157
4 0.3173 0.3462 0.0243 0.0214
4 0.9327 0.6082 0.0814 0.0464
4 0.7692 0.5529 0.055 0.04
4 0.2332 0.4014 0.0293 0.0243
4 0.2115 0.387 0.0243 0.0207
4 0.1947 0.3702 0.0264 0.02
4 0.125 0.3005 0.0214 0.015
4 0.8798 0.7957 0.1221 0.0557
4 0.9255 0.8413 0.1179 0.0571
4 0.8582 0.6587 0.1014 0.065
4 0.8942 0.6418 0.0921 0.0614
4 0.6755 0.6947 0.09 0.0436
4 0.6418 0.6587 0.0829 0.0343
4 0.5841 0.6274 0.0736 0.0414
4 0.5385 0.6034 0.0793 0.0379
4 0.4976 0.5745 0.0714 0.0386
4 0.4663 0.5312 0.0693 0.0329
4 0.4423 0.512 0.065 0.0329
4 0.5745 0.5312 0.0586 0.0393
4 0.4111 0.4952 0.0571 0.0257
4 0.3966 0.476 0.0493 0.0207
4 0.3558 0.4591 0.0486 0.025
4 0.3389 0.4423 0.0536 0.0207
4 0.3269 0.4255 0.0479 0.0236
4 0.3125 0.4135 0.0521 0.0257
4 0.2885 0.4038 0.0557 0.02
4 0.2933 0.3966 0.0521 0.0207
4 0.2668 0.387 0.0414 0.0243
4 0.2524 0.375 0.0343 0.0236
4 0.2452 0.363 0.0314 0.0229
4 0.2284 0.3582 0.0314 0.0243
4 0.2139 0.3486 0.03 0.0221
4 0.2043 0.3365 0.0293 0.02
4 0.1923 0.3293 0.025 0.02
4 0.1899 0.3197 0.0343 0.015
4 0.1875 0.3125 0.03 0.0164
4 0.1731 0.3125 0.0264 0.0164
4 0.1779 0.3077 0.03 0.0143
4 0.1659 0.3053 0.0293 0.015
4 0.1611 0.3005 0.0329 0.015
4 0.1562 0.2909 0.0307 0.0143
4 0.1562 0.2837 0.0164 0.0157
4 0.1394 0.2885 0.0157 0.0129
4 0.137 0.2692 0.015 0.0136
4 0.1707 0.2716 0.0114 0.0121
4 0.1514 0.2692 0.0114 0.0114
4 0.1995 0.2716 0.02 0.01
4 0.2091 0.2716 0.0264 0.01
4 0.2139 0.2764 0.0257 0.0107
4 0.1202 0.2909 0.0157 0.0114
4 0.137 0.3101 0.0179 0.0136
4 0.1466 0.3197 0.015 0.0136
4 0.1587 0.3293 0.0186 0.0171
4 0.1707 0.3413 0.02 0.0171
4 0.1779 0.3558 0.02 0.0171
4 0.3341 0.3413 0.0243 0.0207
4 0.3558 0.3341 0.0271 0.0193
5 0.3534 0.3486 0.0329 0.02
4 0.4904 0.4303 0.05 0.025
4 0.5024 0.4399 0.0414 0.0257
4 0.5192 0.4471 0.0486 0.0307
7 0.5144 0.5 0.0271 0.0243
3 0.6298 0.4904 0.0086 0.0179
1 0.3125 0.3269 0.0064 0.0143
1 0.3125 0.3245 0.0064 0.015
2 0.262 0.3389 0.0079 0.0107
10 0.2644 0.3438 0.0086 0.0129
0 0.2933 0.3053 0.0229 0.0179
3 0.2644 0.2861 0.0129 0.0086
3 0.274 0.2933 0.0107 0.0086
1 0.2019 0.2981 0.0057 0.0129
4 0.25 0.2981 0.0286 0.0114
4 0.0697 0.2668 0.0293 0.0107
4 0.0938 0.2668 0.0143 0.0093
4 0.0505 0.2428 0.0264 0.01
4 0.0096 0.2452 0.0143 0.0121
4 0.0288 0.2284 0.0107 0.0093
4 0.0385 0.238 0.0129 0.0107
4 0.0096 0.2212 0.0179 0.0093
4 0.0216 0.2139 0.0093 0.0071
4 0.0312 0.226 0.01 0.0086
4 0.0264 0.2236 0.01 0.0086
5 0.0793 0.2548 0.0243 0.0093
6 0.0793 0.2572 0.0229 0.0136
1 0.1106 0.2692 0.005 0.0093
5 0.125 0.2356 0.0193 0.0107
2 0.101 0.2404 0.005 0.0079
2 0.0962 0.2428 0.0057 0.0079
0 0.0433 0.2043 0.0314 0.0257
0 0.0144 0.1827 0.0236 0.0236
0 0.0505 0.1803 0.0129 0.0129
0 0.0288 0.1635 0.0221 0.0136
0 0.0649 0.1995 0.0114 0.0093
4 0.7596 0.8389 0.0657 0.0743
4 0.0409 0.8341 0.065 0.085
4 0.0144 0.6418 0.0264 0.0607
4 0.0144 0.5865 0.0271 0.0557
1 0.3245 0.5337 0.0129 0.02
4 0.9808 0.6803 0.0393 0.0636
