9 0.2668 0.4111 0.2179 0.1307
11 0.4736 0.238 0.045 0.0936
6 0.5024 0.1562 0.0293 0.0607
2 0.0601 0.1635 0.0114 0.0229
1 0.0745 0.1851 0.0207 0.0257
1 0.1058 0.1755 0.0164 0.03
2 0.2572 0.2236 0.0164 0.0193
2 0.1779 0.5986 0.0136 0.0214
2 0.1659 0.5986 0.0143 0.0293
2 0.1923 0.6418 0.0229 0.0286
2 0.2812 0.6466 0.0157 0.0171
2 0.2692 0.649 0.0221 0.0243
1 0.9231 0.2909 0.0271 0.0286
10 0.1683 0.5986 0.0479 0.0264
10 0.2692 0.6466 0.0493 0.02
10 0.1971 0.6394 0.0493 0.0193
4 0.3438 0.5625 0.1121 0.0571
4 0.3846 0.6274 0.1057 0.0543
4 0.5505 0.6394 0.0929 0.05
10 0.6683 0.3462 0.0193 0.045
10 0.6611 0.2788 0.0371 0.0207
6 0.7933 0.399 0.1121 0.0514
8 0.976 0.4183 0.0493 0.045
