4 0.1587 0.3293 0.0136 0.0107
5 0.1731 0.3197 0.0136 0.01
4 0.1707 0.3558 0.0143 0.0114
5 0.1971 0.351 0.0207 0.01
5 0.1851 0.4231 0.0171 0.0179
5 0.238 0.375 0.0186 0.01
4 0.2404 0.3678 0.0164 0.0093
5 0.2692 0.3678 0.02 0.0107
4 0.3269 0.351 0.0207 0.0093
4 0.2764 0.351 0.0207 0.0114
4 0.3245 0.3654 0.0171 0.01
5 0.3101 0.3918 0.0229 0.0114
4 0.2043 0.4399 0.0214 0.0107
4 0.1995 0.4615 0.0193 0.01
4 0.2115 0.4784 0.0186 0.0136
4 0.2356 0.4928 0.0193 0.0171
1 0.2284 0.4784 0.0036 0.005
1 0.2308 0.4736 0.0043 0.0064
5 0.3173 0.4447 0.0214 0.0107
4 0.3077 0.4639 0.0179 0.0107
1 0.2212 0.6659 0.005 0.005
1 0.2163 0.6731 0.0029 0.0043
1 0.2163 0.6683 0.0036 0.0043
9 0.2332 0.6683 0.0271 0.0321
9 0.2788 0.6587 0.0364 0.0443
9 0.2909 0.6683 0.0314 0.0386
1 0.3077 0.6611 0.0036 0.0064
9 0.2308 0.7067 0.0471 0.0686
1 0.3413 0.7572 0.005 0.0071
1 0.3462 0.75 0.005 0.0057
1 0.351 0.7476 0.0043 0.0057
9 0.3173 0.726 0.0471 0.0486
9 0.3221 0.7067 0.05 0.0493
9 0.3293 0.6923 0.05 0.05
9 0.3413 0.6803 0.0357 0.0393
9 0.3534 0.6707 0.0307 0.03
9 0.3221 0.6178 0.0343 0.0543
5 0.2957 0.601 0.0171 0.02
9 0.351 0.5697 0.0264 0.035
9 0.3894 0.5793 0.0457 0.0436
9 0.3846 0.5913 0.0379 0.0371
9 0.3702 0.601 0.0479 0.045
9 0.3654 0.6178 0.045 0.0464
9 0.3606 0.6322 0.0493 0.0507
9 0.3558 0.649 0.0514 0.0507
9 0.3702 0.5072 0.0371 0.0471
4 0.4471 0.5433 0.01 0.0179
1 0.4183 0.3774 0.0021 0.0071
0 0.3558 0.3774 0.005 0.005
1 0.4255 0.375 0.0029 0.0064
1 0.4351 0.3606 0.0029 0.0064
1 0.4375 0.363 0.0021 0.0043
1 0.4375 0.3606 0.0021 0.005
9 0.4519 0.4784 0.0164 0.0507
4 0.4688 0.4736 0.01 0.015
9 0.4712 0.3966 0.0186 0.0364
1 0.5529 0.3606 0.0021 0.005
9 0.4447 0.2524 0.0507 0.0193
4 0.5288 0.2284 0.0071 0.0079
4 0.5264 0.25 0.0064 0.0093
4 0.4856 0.2764 0.0157 0.0086
4 0.5096 0.2885 0.0071 0.0107
5 0.5024 0.3149 0.0086 0.0129
4 0.488 0.3462 0.01 0.0114
4 0.5 0.3438 0.0093 0.0114
1 0.4928 0.2428 0.0014 0.005
4 0.0072 0.7019 0.0107 0.0186
