4 0.1178 0.7692 0.0496 0.024
4 0.3582 0.7572 0.071 0.048
4 0.6827 0.7067 0.0553 0.0527
4 0.7091 0.7404 0.0585 0.0574
4 0.5288 0.5553 0.0444 0.0371
8 0.5481 0.4832 0.0318 0.0261
4 0.4447 0.488 0.0402 0.0365
4 0.399 0.4639 0.0418 0.0355
4 0.375 0.4495 0.0412 0.0365
4 0.3365 0.4231 0.0365 0.0313
5 0.2764 0.3942 0.0391 0.0365
4 0.262 0.3846 0.0418 0.0313
4 0.1995 0.3486 0.0412 0.0297
4 0.1731 0.3486 0.0391 0.0297
4 0.0673 0.2524 0.0344 0.0198
4 0.0793 0.2452 0.0297 0.0183
4 0.5673 0.4159 0.0287 0.0303
4 0.5841 0.387 0.0251 0.0287
4 0.5288 0.3486 0.035 0.024
4 0.5697 0.3053 0.0224 0.023
5 0.5986 0.3029 0.0256 0.0297
4 0.6322 0.2668 0.0235 0.0193
4 0.6514 0.2404 0.0198 0.0219
