4 0.9447 0.8077 0.1079 0.135
4 0.8462 0.2668 0.0914 0.0714
5 0.7163 0.3149 0.1093 0.145
4 0.0769 0.6274 0.1486 0.1964
4 0.1442 0.6827 0.2421 0.16
4 0.4688 0.2716 0.0657 0.0979
4 0.5601 0.2019 0.0793 0.1021
4 0.2236 0.3558 0.1671 0.0771
4 0.238 0.2909 0.1536 0.0643
4 0.2332 0.2428 0.1386 0.0593
4 0.2332 0.2091 0.1457 0.0636
4 0.2572 0.1659 0.1243 0.0571
4 0.2356 0.1442 0.1071 0.0371
1 0.1106 0.4808 0.0479 0.0529
1 0.1058 0.4471 0.0443 0.0443
7 0.4952 0.4135 0.0971 0.1443
1 0.524 0.4447 0.0286 0.0421
2 0.637 0.4976 0.0307 0.0393
2 0.6659 0.5553 0.0286 0.0386
2 0.6466 0.5865 0.0314 0.04
2 0.6034 0.5505 0.0329 0.0457
2 0.3678 0.1947 0.025 0.04
3 0.3678 0.2043 0.0271 0.0421
3 0.6322 0.512 0.0307 0.045
3 0.6442 0.5986 0.0293 0.0579
3 0.6587 0.5673 0.0214 0.0607
10 0.5986 0.5601 0.0329 0.0493
