5 0.8702 0.5361 0.0493 0.0307
4 0.8462 0.5529 0.0529 0.0271
8 0.8077 0.5337 0.0214 0.0279
8 0.7837 0.5553 0.0379 0.035
8 0.7452 0.5793 0.0236 0.0307
1 0.7981 0.5288 0.0064 0.0129
1 0.7957 0.5361 0.0071 0.0143
1 0.726 0.5481 0.0071 0.0164
1 0.7308 0.5481 0.0064 0.0164
1 0.7668 0.5529 0.0079 0.015
3 0.762 0.5577 0.0114 0.0071
2 0.7572 0.5889 0.0086 0.015
4 0.8269 0.5793 0.0514 0.0286
4 0.8149 0.5865 0.0586 0.0329
6 0.8005 0.6034 0.0907 0.0564
3 0.7476 0.6154 0.0193 0.0193
10 0.6683 0.5625 0.0086 0.0164
3 0.6827 0.6154 0.0171 0.01
8 0.6899 0.6514 0.0493 0.0457
1 0.6635 0.6923 0.0093 0.0229
10 0.5986 0.6947 0.0129 0.025
1 0.6226 0.5938 0.01 0.0186
4 0.1082 0.5529 0.0314 0.0371
1 0.1322 0.5409 0.01 0.0179
4 0.2668 0.6106 0.0643 0.0307
4 0.2788 0.5817 0.0636 0.0286
1 0.3053 0.4495 0.0064 0.0143
0 0.476 0.4423 0.035 0.0364
5 0.4808 0.476 0.0236 0.0257
4 0.5 0.5024 0.0293 0.0257
4 0.5048 0.5817 0.0321 0.0379
2 0.6803 0.7788 0.0129 0.0236
10 0.4615 0.6875 0.0079 0.0186
1 0.4591 0.6779 0.005 0.0143
5 0.3534 0.6995 0.0571 0.0821
6 0.2476 0.6755 0.0921 0.0529
1 0.3005 0.7885 0.015 0.0236
1 0.2885 0.7548 0.01 0.0279
7 0.3438 0.7596 0.0329 0.0243
1 0.2861 0.6562 0.0086 0.0221
1 0.2837 0.6418 0.0079 0.015
