4 0.3822 0.5216 0.0357 0.0779
4 0.5938 0.5361 0.0386 0.0871
4 0.8125 0.6755 0.055 0.0907
4 0.5625 0.2139 0.0307 0.0507
4 0.4135 0.1995 0.025 0.0514
4 0.1683 0.1538 0.0643 0.0293
4 0.1418 0.2909 0.0707 0.0343
4 0.0745 0.476 0.095 0.0371
9 0.738 0.6106 0.1071 0.2407
4 0.9038 0.3798 0.0721 0.0307
4 0.8293 0.149 0.0629 0.025
4 0.8365 0.1683 0.0529 0.0293
4 0.8365 0.1851 0.0636 0.0314
4 0.8413 0.2067 0.0664 0.0307
4 0.8462 0.2212 0.0636 0.0407
4 0.851 0.2476 0.0657 0.03
4 0.863 0.2716 0.0679 0.0343
4 0.8678 0.2957 0.0679 0.0336
4 0.8822 0.3245 0.0743 0.0343
4 0.8966 0.3486 0.0721 0.0357
5 0.9519 0.5048 0.09 0.0429
4 0.9351 0.4712 0.0864 0.0371
4 0.9856 0.5457 0.0314 0.0364
4 0.9231 0.4327 0.0821 0.0314
4 0.5553 0.1418 0.0279 0.0293
4 0.2524 0.1514 0.0421 0.0421
4 0.262 0.1875 0.0293 0.0414
4 0.2115 0.3822 0.04 0.0693
4 0.1394 0.3846 0.0443 0.0671
4 0.0865 0.4399 0.0864 0.0336
4 0.0529 0.512 0.0857 0.045
4 0.149 0.2668 0.075 0.0257
4 0.1514 0.2452 0.07 0.0286
4 0.8029 0.3486 0.0436 0.0543
4 0.9615 0.8197 0.0721 0.1107
10 0.9784 0.3413 0.0164 0.0293
4 0.0409 0.6082 0.0779 0.0421
4 0.0288 0.6923 0.0564 0.04
5 0.0409 0.5529 0.0807 0.0414
5 0.1755 0.1923 0.0693 0.0343
3 0.0649 0.3101 0.0157 0.0121
0 0.149 0.2188 0.0421 0.02
1 0.2043 0.2332 0.0129 0.0236
1 0.1995 0.2236 0.0079 0.0143
4 0.2476 0.2572 0.025 0.0571
4 0.1827 0.5072 0.0457 0.0671
1 0.1274 0.5649 0.0214 0.0193
1 0.0481 0.6611 0.0343 0.0179
1 0.0745 0.738 0.025 0.0171
1 0.0553 0.7091 0.0286 0.0193
4 0.1514 0.625 0.0407 0.055
0 0.8558 0.387 0.0157 0.0171
10 0.9952 0.3534 0.0136 0.0264
4 0.7668 0.25 0.0329 0.045
