4 0.2957 0.5 0.045 0.0671
4 0.3365 0.4663 0.0486 0.0693
4 0.2308 0.351 0.0343 0.0514
4 0.2812 0.3534 0.0371 0.0493
4 0.2404 0.2692 0.0329 0.0436
4 0.1514 0.1755 0.0343 0.0379
4 0.238 0.1947 0.0243 0.0321
4 0.4423 0.5889 0.0529 0.075
4 0.4135 0.6418 0.0579 0.0807
4 0.4087 0.7812 0.0629 0.095
4 0.5721 0.75 0.0643 0.0879
4 0.0168 0.2067 0.03 0.0179
4 0.0216 0.226 0.0407 0.0171
4 0.0216 0.2428 0.0364 0.0179
4 0.024 0.2644 0.0421 0.0214
4 0.0216 0.2837 0.0371 0.0129
4 0.024 0.3101 0.0421 0.0243
4 0.0312 0.3389 0.0564 0.0321
4 0.0986 0.1683 0.0307 0.0386
4 0.1082 0.2067 0.0329 0.0386
4 0.125 0.25 0.0379 0.0457
4 0.1442 0.3029 0.0364 0.0414
8 0.1562 0.2692 0.0221 0.0314
4 0.1611 0.3462 0.0379 0.0479
4 0.2933 0.2572 0.035 0.0407
4 0.3173 0.2981 0.0393 0.0407
4 0.1875 0.4111 0.0407 0.0507
4 0.2428 0.5337 0.0514 0.0679
4 0.0433 0.4255 0.075 0.0471
4 0.0601 0.4567 0.0729 0.045
4 0.0913 0.5168 0.065 0.0393
4 0.0986 0.5601 0.085 0.0521
4 0.1106 0.5913 0.0779 0.0521
4 0.1731 0.7957 0.0914 0.0707
4 0.1707 0.851 0.1021 0.0464
4 0.3245 0.7812 0.0579 0.0921
10 0.2596 0.7524 0.03 0.0121
10 0.2885 0.8389 0.0293 0.0171
10 0.2524 0.8005 0.0293 0.0171
4 0.2115 0.4736 0.0529 0.0521
6 0.3389 0.137 0.0621 0.0207
5 0.3606 0.1731 0.055 0.0293
4 0.3726 0.1899 0.0543 0.0329
4 0.375 0.2115 0.0514 0.0343
4 0.4087 0.2548 0.0579 0.0371
4 0.4279 0.2716 0.0579 0.0343
4 0.4423 0.2981 0.0621 0.0364
4 0.4712 0.3389 0.0621 0.04
4 0.4856 0.3606 0.0593 0.035
4 0.5024 0.3846 0.0707 0.0371
4 0.5144 0.4135 0.0657 0.0443
4 0.5553 0.4567 0.0621 0.0421
5 0.3534 0.363 0.0371 0.0436
10 0.3822 0.3582 0.0071 0.0136
10 0.3918 0.3654 0.0064 0.0136
1 0.4038 0.3702 0.0036 0.0121
10 0.3702 0.3918 0.025 0.015
4 0.3894 0.4303 0.0457 0.0579
4 0.4471 0.5216 0.05 0.0614
4 0.512 0.6418 0.0643 0.0764
4 0.5264 0.8438 0.0664 0.0657
10 0.4471 0.1466 0.0236 0.0114
10 0.4952 0.1923 0.0229 0.0107
10 0.5048 0.2043 0.0179 0.0136
1 0.4928 0.1851 0.0079 0.0093
10 0.5361 0.2452 0.0214 0.015
4 0.6322 0.8558 0.0514 0.0407
7 0.6562 0.3822 0.02 0.0179
10 0.7115 0.4447 0.0114 0.0214
1 0.6346 0.4639 0.0071 0.0157
1 0.6442 0.4615 0.0079 0.0236
4 0.5697 0.4904 0.0679 0.0486
4 0.5962 0.5144 0.0657 0.0529
4 0.6202 0.5433 0.0743 0.0529
4 0.6322 0.5793 0.0771 0.0586
4 0.6611 0.6106 0.0829 0.06
4 0.6947 0.6538 0.0814 0.06
4 0.726 0.7188 0.09 0.0607
4 0.7885 0.7812 0.0871 0.075
4 0.8149 0.8365 0.0964 0.0757
10 0.9712 0.7067 0.0279 0.0286
10 0.8774 0.649 0.0143 0.0264
