4 0.4495 0.6058 0.0407 0.0193
4 0.4591 0.5913 0.0381 0.0167
4 0.4639 0.5793 0.0402 0.0162
4 0.4014 0.5312 0.0324 0.0167
5 0.4375 0.4976 0.0287 0.0167
4 0.4255 0.5096 0.0297 0.0157
4 0.5072 0.5216 0.023 0.0141
10 0.4159 0.476 0.0073 0.0084
2 0.4159 0.4736 0.0031 0.0084
7 0.4543 0.4351 0.012 0.0115
2 0.4591 0.4327 0.0016 0.0052
2 0.4543 0.4327 0.0037 0.0052
6 0.5048 0.4279 0.0214 0.0146
6 0.4495 0.4135 0.0371 0.0297
7 0.3918 0.4351 0.0094 0.0078
10 0.3846 0.4327 0.0084 0.0057
10 0.3798 0.4279 0.0099 0.0057
10 0.3774 0.4255 0.0084 0.0068
10 0.3606 0.4159 0.0078 0.0052
4 0.3606 0.4062 0.0141 0.0104
4 0.3582 0.3798 0.0151 0.0115
4 0.3702 0.3774 0.0141 0.0104
4 0.3822 0.375 0.0146 0.0099
4 0.3942 0.3726 0.0146 0.0104
4 0.4038 0.3702 0.013 0.0104
4 0.4159 0.3678 0.0141 0.0099
2 0.1538 0.4183 0.0031 0.0068
10 0.1538 0.4207 0.0052 0.0063
4 0.1755 0.4399 0.0146 0.012
4 0.1923 0.4231 0.0256 0.012
4 0.1851 0.4183 0.0214 0.012
4 0.1611 0.4663 0.0146 0.0167
4 0.1707 0.5048 0.0261 0.0151
4 0.1899 0.5457 0.0376 0.0146
4 0.1947 0.5553 0.0318 0.0125
7 0.238 0.6058 0.0183 0.0162
4 0.1394 0.4423 0.0151 0.0136
5 0.1346 0.4159 0.0193 0.0115
4 0.149 0.3269 0.0198 0.0068
5 0.4543 0.387 0.013 0.0125
1 0.4736 0.363 0.0031 0.0073
4 0.4856 0.3534 0.0125 0.011
4 0.4952 0.3558 0.0125 0.0099
6 0.4567 0.3486 0.0157 0.0136
4 0.4495 0.3654 0.011 0.0099
5 0.4591 0.3269 0.0099 0.0084
4 0.4784 0.3269 0.0125 0.0068
4 0.4928 0.3197 0.011 0.0073
4 0.4808 0.3125 0.011 0.0078
4 0.5048 0.3101 0.0115 0.0078
4 0.5288 0.3173 0.0115 0.0068
6 0.5505 0.3365 0.0183 0.0125
6 0.5337 0.3053 0.013 0.0094
6 0.5529 0.3029 0.0141 0.0099
4 0.5601 0.3029 0.0068 0.0068
5 0.5673 0.3029 0.013 0.0084
4 0.5288 0.3293 0.0157 0.0078
4 0.7524 0.4567 0.0235 0.0136
4 0.7764 0.4543 0.0214 0.0115
4 0.7957 0.4399 0.023 0.0157
4 0.8125 0.4207 0.0209 0.013
4 0.8269 0.4279 0.0198 0.0125
4 0.8365 0.4327 0.0172 0.012
5 0.8053 0.4663 0.0224 0.0141
4 0.8173 0.4712 0.0214 0.012
4 0.774 0.4303 0.023 0.0136
6 0.75 0.4399 0.0277 0.0167
5 0.7404 0.4327 0.0198 0.013
4 0.7644 0.4183 0.0204 0.012
7 0.7788 0.4111 0.013 0.0104
5 0.8053 0.3918 0.0193 0.013
4 0.7332 0.4014 0.0183 0.0104
8 0.7019 0.4087 0.012 0.0099
4 0.7163 0.4231 0.0167 0.0089
