4 0.9447 0.1731 0.0586 0.035
4 0.9447 0.1418 0.0464 0.0271
4 0.9519 0.25 0.0357 0.0543
6 0.9736 0.3582 0.0536 0.0757
10 0.3798 0.1346 0.0207 0.0179
10 0.6034 0.1394 0.0207 0.0136
10 0.5865 0.2067 0.0214 0.0107
10 0.5817 0.2188 0.025 0.0114
10 0.3822 0.1779 0.02 0.0136
10 0.3726 0.1875 0.0207 0.0143
10 0.3582 0.1995 0.0186 0.0164
10 0.3462 0.2115 0.0164 0.0179
10 0.3101 0.238 0.0121 0.0229
10 0.3005 0.2428 0.0093 0.0186
10 0.2861 0.25 0.0157 0.0186
10 0.2764 0.2548 0.0143 0.0186
10 0.2476 0.2668 0.0157 0.0171
10 0.2163 0.2812 0.0229 0.01
10 0.1635 0.375 0.0171 0.02
10 0.1851 0.375 0.0121 0.0207
8 0.2043 0.3726 0.0179 0.0336
10 0.2332 0.375 0.0114 0.0221
8 0.2452 0.387 0.0171 0.0357
10 0.2572 0.399 0.0164 0.0171
10 0.2668 0.4062 0.0157 0.0207
3 0.2788 0.4062 0.0121 0.0171
10 0.3293 0.4543 0.0129 0.0214
10 0.3365 0.4663 0.0136 0.0179
10 0.3125 0.4784 0.0136 0.0207
10 0.3942 0.4952 0.0229 0.0071
10 0.3918 0.4832 0.0207 0.01
10 0.4038 0.613 0.0207 0.0129
10 0.399 0.625 0.0229 0.0093
10 0.4183 0.7043 0.0221 0.0143
10 0.4399 0.8053 0.0229 0.0107
8 0.4399 0.8293 0.0364 0.0207
10 0.4976 0.7861 0.01 0.0221
10 0.512 0.6803 0.01 0.0221
10 0.5024 0.6226 0.0114 0.0236
3 0.5144 0.5721 0.0071 0.0179
10 0.5649 0.5962 0.0221 0.0121
10 0.5649 0.5889 0.0214 0.01
10 0.5649 0.5721 0.0193 0.0143
10 0.5649 0.5553 0.0229 0.01
10 0.488 0.5168 0.0086 0.0221
10 0.5673 0.5192 0.02 0.0086
10 0.5673 0.5 0.0229 0.01
10 0.5697 0.4808 0.0214 0.0136
10 0.5673 0.4663 0.02 0.0107
10 0.5721 0.3942 0.0164 0.0093
10 0.5192 0.4255 0.0164 0.015
10 0.5697 0.3846 0.02 0.0086
10 0.5769 0.3774 0.0221 0.01
10 0.5216 0.351 0.0214 0.0093
10 0.5745 0.3534 0.0193 0.0071
10 0.5745 0.3462 0.0229 0.0093
10 0.5745 0.3341 0.0186 0.0071
10 0.5721 0.3269 0.0229 0.01
1 0.4231 0.1514 0.0064 0.015
1 0.3005 0.2163 0.0107 0.0107
1 0.3245 0.3125 0.0057 0.0093
1 0.2812 0.3341 0.0079 0.0079
1 0.2668 0.3389 0.0086 0.0064
1 0.2764 0.3413 0.0121 0.0071
1 0.3702 0.3197 0.0071 0.0079
10 0.3029 0.3486 0.0136 0.0236
8 0.3221 0.363 0.03 0.0214
1 0.0577 0.3077 0.0136 0.0079
1 0.0938 0.3101 0.0114 0.01
1 0.101 0.3173 0.0121 0.0121
1 0.101 0.3245 0.0107 0.0071
1 0.1082 0.3077 0.0114 0.01
1 0.149 0.3029 0.0164 0.0157
1 0.1394 0.3197 0.0143 0.0093
1 0.0913 0.351 0.0136 0.0064
1 0.0865 0.3558 0.01 0.0057
1 0.4808 0.8438 0.0064 0.01
4 0.5841 0.8293 0.0314 0.0579
4 0.5697 0.7596 0.0279 0.0586
4 0.5288 0.7548 0.0279 0.0557
4 0.4615 0.774 0.0286 0.0557
4 0.4471 0.7043 0.0271 0.0529
5 0.476 0.6683 0.0279 0.0643
4 0.5409 0.5962 0.02 0.0457
4 0.512 0.4952 0.0221 0.0579
4 0.5433 0.4375 0.0229 0.0529
4 0.5216 0.387 0.0293 0.0536
4 0.3822 0.4423 0.055 0.0264
4 0.3702 0.4038 0.0536 0.0271
4 0.4327 0.3726 0.0236 0.0557
4 0.3774 0.3654 0.0571 0.0314
4 0.3798 0.3389 0.0564 0.0229
4 0.4135 0.2909 0.0229 0.0529
8 0.3413 0.2356 0.0321 0.0264
8 0.5 0.2548 0.0171 0.0364
6 0.5481 0.3341 0.0214 0.0536
4 0.5529 0.2452 0.0243 0.0514
10 0.5793 0.2644 0.02 0.0121
4 0.5649 0.1803 0.0329 0.0593
2 0.488 0.5144 0.0086 0.0093
10 0.4639 0.5433 0.015 0.0229
2 0.5024 0.6226 0.01 0.0121
2 0.512 0.6827 0.0079 0.01
2 0.4976 0.7885 0.0086 0.0071
