1 0.774 0.3798 0.0121 0.0236
4 0.4183 0.1346 0.0136 0.015
4 0.4207 0.2188 0.0186 0.0243
4 0.4207 0.1899 0.0164 0.0243
4 0.4207 0.1635 0.0164 0.0286
2 0.488 0.1899 0.0057 0.0114
2 0.5 0.2716 0.0057 0.0121
10 0.488 0.1923 0.0057 0.015
10 0.5 0.274 0.005 0.0164
4 0.5288 0.25 0.0171 0.0264
4 0.5385 0.2812 0.0207 0.0264
4 0.5433 0.3149 0.0221 0.0307
4 0.5481 0.351 0.0214 0.0329
10 0.5721 0.3486 0.0186 0.01
1 0.375 0.3438 0.0071 0.0157
4 0.4183 0.3438 0.0207 0.0371
10 0.3918 0.3462 0.0193 0.0186
5 0.4159 0.3822 0.0186 0.0407
1 0.399 0.399 0.0079 0.0164
6 0.3534 0.4135 0.0507 0.0236
4 0.5601 0.4423 0.0271 0.0421
4 0.6322 0.4111 0.0536 0.0221
10 0.3438 0.5048 0.0071 0.0214
1 0.3534 0.5409 0.0064 0.015
4 0.4159 0.4856 0.0193 0.0357
4 0.4159 0.5312 0.0229 0.0457
4 0.5721 0.4976 0.03 0.0471
4 0.5793 0.5553 0.0271 0.0471
10 0.3798 0.5601 0.0279 0.015
10 0.3798 0.5889 0.0221 0.0157
4 0.4135 0.5938 0.0271 0.0557
2 0.5577 0.6538 0.0114 0.0086
2 0.5577 0.649 0.0107 0.0086
10 0.5577 0.6538 0.01 0.0221
2 0.5505 0.6947 0.0114 0.0136
10 0.5505 0.6971 0.0093 0.025
2 0.4663 0.7428 0.0114 0.0121
10 0.4663 0.7452 0.01 0.0293
4 0.5865 0.6178 0.0279 0.0479
10 0.6154 0.5625 0.0236 0.0093
10 0.6154 0.5745 0.0236 0.0107
1 0.6611 0.601 0.0079 0.02
1 0.6683 0.5938 0.0086 0.0114
4 0.5986 0.6971 0.0307 0.065
4 0.4135 0.6659 0.0279 0.0657
4 0.4159 0.7524 0.0279 0.0714
1 0.4014 0.8365 0.0114 0.0121
4 0.524 0.7188 0.035 0.0686
10 0.3293 0.6466 0.0121 0.0271
