4 0.1562 0.6514 0.0557 0.0736
4 0.2596 0.6154 0.0371 0.0564
4 0.3101 0.5841 0.0307 0.0507
4 0.2716 0.5577 0.0357 0.0486
6 0.3221 0.5096 0.0371 0.0564
4 0.2837 0.4904 0.0357 0.0429
4 0.3245 0.4615 0.0293 0.0314
4 0.7692 0.8197 0.1257 0.07
4 0.9038 0.7957 0.1121 0.0686
0 0.3654 0.2163 0.04 0.0636
1 0.4327 0.3678 0.0086 0.0207
2 0.4255 0.4111 0.0064 0.0107
3 0.4255 0.4159 0.0064 0.0107
2 0.4663 0.7452 0.0136 0.0279
2 0.4784 0.7091 0.0143 0.0271
2 0.0457 0.7572 0.0157 0.0186
2 0.0841 0.6971 0.0179 0.0214
2 0.0865 0.6731 0.0171 0.0214
2 0.6514 0.6947 0.0143 0.0164
2 0.6611 0.7188 0.0171 0.0257
2 0.5673 0.6923 0.0114 0.0179
10 0.5673 0.6995 0.0336 0.0129
10 0.649 0.7019 0.0271 0.0121
10 0.6538 0.7236 0.0364 0.015
10 0.4784 0.7091 0.0329 0.0279
10 0.4639 0.75 0.0364 0.0207
10 0.0457 0.7596 0.0264 0.0214
10 0.0865 0.7043 0.0157 0.0336
10 0.0889 0.6827 0.0164 0.0157
0 0.0264 0.7284 0.0286 0.0371
0 0.5312 0.7212 0.0436 0.03
0 0.4952 0.7692 0.0343 0.03
0 0.9255 0.7115 0.0436 0.0214
