4 0.524 0.7284 0.0729 0.1164
4 0.613 0.5337 0.03 0.0286
4 0.6466 0.4567 0.0264 0.0257
4 0.0553 0.4447 0.035 0.0143
5 0.0168 0.4591 0.0293 0.0179
4 0.0192 0.4639 0.0336 0.0157
4 0.0337 0.4663 0.03 0.0157
4 0.0457 0.4639 0.0286 0.0171
4 0.0673 0.4976 0.0471 0.0221
4 0.0865 0.4976 0.035 0.0207
4 0.1058 0.5 0.035 0.0186
4 0.1274 0.5048 0.0421 0.0293
4 0.0913 0.4663 0.0379 0.0207
4 0.1106 0.4663 0.0364 0.0179
4 0.1298 0.4712 0.0364 0.0236
4 0.1707 0.4736 0.0464 0.0236
4 0.0841 0.4519 0.035 0.0164
4 0.1202 0.4543 0.0286 0.0121
5 0.1298 0.6226 0.0879 0.0621
9 0.4904 0.5865 0.1029 0.1236
4 0.4014 0.5457 0.0443 0.0336
6 0.5457 0.4808 0.0729 0.0429
4 0.4976 0.4808 0.0186 0.0171
5 0.4832 0.524 0.0707 0.0357
1 0.4135 0.5 0.0093 0.0171
1 0.4014 0.5144 0.01 0.0207
2 0.363 0.5144 0.0143 0.0171
4 0.3269 0.512 0.0286 0.0214
4 0.3438 0.4808 0.0329 0.0207
5 0.363 0.4663 0.0343 0.0186
4 0.3918 0.4832 0.0164 0.0236
4 0.3197 0.4639 0.0343 0.0136
4 0.3221 0.476 0.0264 0.0193
3 0.3654 0.5192 0.0264 0.0121
1 0.4014 0.4495 0.0064 0.0143
2 0.4351 0.4375 0.0043 0.0107
2 0.4615 0.4808 0.0086 0.0129
3 0.4351 0.4399 0.0057 0.0086
3 0.4615 0.4856 0.0086 0.015
1 0.4543 0.4279 0.005 0.0114
5 0.4832 0.4447 0.0343 0.0186
1 0.4856 0.4159 0.005 0.0121
1 0.488 0.4159 0.0036 0.01
4 0.488 0.4399 0.0343 0.0114
4 0.488 0.4351 0.0343 0.0129
4 0.4952 0.4327 0.0257 0.0136
1 0.4712 0.4327 0.0071 0.0143
4 0.5144 0.4231 0.0257 0.0136
4 0.5433 0.4135 0.0264 0.0129
4 0.5337 0.4183 0.0257 0.0121
1 0.5673 0.3822 0.0036 0.0086
1 0.5481 0.387 0.005 0.01
4 0.637 0.4231 0.015 0.015
4 0.6394 0.4135 0.0143 0.0107
4 0.6466 0.4111 0.0114 0.0129
4 0.6514 0.399 0.0121 0.0114
4 0.6562 0.3942 0.0093 0.0121
4 0.6587 0.3894 0.0114 0.01
4 0.6635 0.3894 0.0086 0.0071
6 0.6683 0.3774 0.0107 0.0179
4 0.6779 0.375 0.0071 0.0064
1 0.7188 0.4808 0.0107 0.0207
9 0.7284 0.4303 0.0264 0.0486
9 0.7668 0.4351 0.0307 0.0464
0 0.7043 0.3462 0.0271 0.0321
2 0.6226 0.4688 0.0079 0.0129
10 0.625 0.4736 0.0093 0.0093
1 0.476 0.4688 0.0079 0.015
1 0.4784 0.488 0.0064 0.0136
4 0.9591 0.6178 0.0664 0.0514
4 0.9207 0.5769 0.0593 0.04
4 0.8942 0.5409 0.0507 0.035
4 0.8726 0.5096 0.0536 0.0379
6 0.9784 0.6587 0.0457 0.0771
