4 0.25 0.8654 0.0443 0.0236
4 0.3005 0.7861 0.0414 0.0436
4 0.274 0.7596 0.04 0.04
6 0.3317 0.6779 0.0229 0.0243
4 0.2957 0.6611 0.025 0.0179
5 0.3774 0.6538 0.0193 0.0193
6 0.3582 0.6226 0.0207 0.0243
4 0.4808 0.601 0.0107 0.0093
4 0.3918 0.5962 0.0121 0.0129
4 0.375 0.5962 0.0114 0.01
4 0.375 0.5841 0.0107 0.01
4 0.387 0.5889 0.0093 0.0086
4 0.4038 0.5817 0.0114 0.0121
4 0.3942 0.5769 0.0093 0.0093
4 0.4014 0.5697 0.0086 0.0064
4 0.399 0.5649 0.0064 0.0064
4 0.4111 0.5625 0.0086 0.0064
4 0.4255 0.5577 0.0071 0.0064
4 0.4255 0.5529 0.0064 0.0057
4 0.4303 0.5553 0.0064 0.0057
4 0.4375 0.5553 0.0064 0.0071
4 0.4327 0.5481 0.0043 0.0043
4 0.4351 0.5457 0.0057 0.0043
4 0.4399 0.5433 0.005 0.005
4 0.4471 0.5433 0.005 0.0057
4 0.4447 0.5409 0.0043 0.005
4 0.4519 0.5409 0.005 0.0043
4 0.4543 0.5385 0.0057 0.0043
4 0.4615 0.5361 0.0036 0.0057
4 0.4712 0.5312 0.0043 0.0043
4 0.476 0.5312 0.0043 0.0036
4 0.4808 0.5312 0.0029 0.0043
0 0.4928 0.5288 0.0121 0.0107
4 0.4688 0.5361 0.0036 0.0036
6 0.4952 0.5865 0.0114 0.0143
1 0.5649 0.6034 0.005 0.0107
1 0.5721 0.625 0.0057 0.0107
1 0.5793 0.613 0.0036 0.01
4 0.8798 0.7716 0.0671 0.0321
4 0.8245 0.7356 0.0579 0.0229
4 0.7981 0.7212 0.0536 0.02
