5 0.5793 0.6226 0.0236 0.0507
4 0.5913 0.5 0.0193 0.0336
4 0.5601 0.4207 0.0171 0.03
4 0.5625 0.2692 0.0114 0.0186
9 0.149 0.7188 0.0986 0.0443
4 0.4423 0.7716 0.0307 0.02
4 0.0192 0.7284 0.0379 0.0293
4 0.4639 0.2284 0.0114 0.0129
4 0.5577 0.226 0.01 0.0121
1 0.3894 0.4399 0.0057 0.0143
1 0.3822 0.4399 0.0057 0.0171
1 0.4014 0.375 0.0043 0.0121
1 0.4014 0.3678 0.0043 0.0114
1 0.6899 0.6466 0.0079 0.0179
1 0.7548 0.5841 0.0079 0.0171
1 0.6875 0.5457 0.0064 0.0114
1 0.6755 0.5625 0.0057 0.0164
1 0.6803 0.5625 0.0036 0.0121
1 0.6827 0.5601 0.0064 0.0171
1 0.6562 0.4784 0.0057 0.0136
1 0.6514 0.4784 0.0057 0.0107
1 0.6466 0.4736 0.0079 0.0136
5 0.6106 0.2957 0.0264 0.02
11 0.5312 0.3822 0.0193 0.0436
