4 0.5 0.2933 0.0251 0.0475
4 0.4688 0.3293 0.059 0.0282
4 0.5385 0.2909 0.0251 0.0501
4 0.5697 0.2788 0.0313 0.0511
5 0.6154 0.3149 0.0235 0.0517
6 0.6082 0.2548 0.0277 0.0684
4 0.5625 0.363 0.0261 0.0558
5 0.4712 0.387 0.0569 0.0303
7 0.4591 0.4159 0.0501 0.0287
5 0.4615 0.4519 0.0626 0.0329
5 0.4639 0.4928 0.0626 0.0287
4 0.5625 0.4688 0.0277 0.0632
5 0.6322 0.4784 0.0271 0.0564
4 0.4519 0.5264 0.0663 0.0297
4 0.4543 0.5625 0.0678 0.0318
4 0.4567 0.5986 0.0637 0.0339
10 0.4615 0.6346 0.0303 0.0141
4 0.4471 0.6755 0.0752 0.035
4 0.4519 0.7212 0.0772 0.036
4 0.4471 0.7668 0.0767 0.0318
4 0.6418 0.7428 0.0371 0.0746
7 0.5793 0.738 0.0224 0.0438
8 0.6202 0.6611 0.0402 0.0198
10 0.5913 0.649 0.0157 0.0266
7 0.6154 0.6466 0.0339 0.0146
4 0.5673 0.601 0.0344 0.0757
4 0.6394 0.601 0.035 0.0673
10 0.5962 0.5577 0.0287 0.012
10 0.6298 0.5529 0.0214 0.0256
10 0.5938 0.5096 0.0204 0.0251
4 0.6514 0.2596 0.0329 0.0506
10 0.6995 0.2596 0.0141 0.0224
10 0.726 0.3534 0.012 0.0235
10 0.7716 0.6947 0.0339 0.0141
3 0.774 0.6827 0.0256 0.0125
10 0.774 0.6731 0.0266 0.012
10 0.7668 0.6635 0.023 0.011
10 0.7596 0.6587 0.0271 0.0115
10 0.7692 0.6466 0.024 0.0104
3 0.7668 0.6394 0.0261 0.0099
10 0.7644 0.6322 0.0292 0.0125
10 0.7668 0.6202 0.0261 0.0125
10 0.7596 0.613 0.0292 0.0078
10 0.7548 0.6058 0.0313 0.0078
10 0.7548 0.5938 0.0308 0.0115
10 0.762 0.5793 0.0261 0.0136
10 0.7548 0.5721 0.0261 0.0141
10 0.7572 0.5601 0.0266 0.0136
10 0.7548 0.5481 0.0282 0.0099
10 0.7524 0.5409 0.0251 0.0084
10 0.7957 0.6562 0.012 0.0224
10 0.7837 0.5409 0.0193 0.0334
10 0.7837 0.738 0.0261 0.0287
10 0.4543 0.25 0.0224 0.0188
10 0.4567 0.2404 0.023 0.0188
