5 0.3245 0.149 0.0429 0.0443
1 0.3053 0.226 0.01 0.0164
1 0.2909 0.2236 0.0114 0.0214
1 0.2812 0.2404 0.0121 0.0164
4 0.2524 0.226 0.0157 0.02
2 0.1611 0.3173 0.0093 0.0086
3 0.1803 0.3341 0.02 0.0121
1 0.2837 0.3245 0.0107 0.02
7 0.3462 0.2885 0.0357 0.0436
4 0.3029 0.3534 0.0657 0.0407
5 0.1803 0.4255 0.06 0.0264
4 0.3726 0.4832 0.0543 0.0571
4 0.4183 0.5553 0.0257 0.0507
5 0.3582 0.7019 0.0286 0.08
5 0.1322 0.762 0.08 0.0293
4 0.0433 0.7692 0.0857 0.0393
4 0.113 0.863 0.0836 0.0243
9 0.5409 0.6562 0.0379 0.0986
6 0.5 0.4928 0.0579 0.07
1 0.6538 0.4447 0.01 0.0179
5 0.6971 0.363 0.0714 0.0329
4 0.8101 0.3582 0.0629 0.0286
1 0.6178 0.3053 0.0071 0.0179
1 0.6178 0.2308 0.005 0.0193
1 0.5529 0.3197 0.0064 0.0179
8 0.5649 0.3077 0.0243 0.0407
8 0.5553 0.25 0.015 0.0343
4 0.5385 0.1346 0.0229 0.0171
9 0.4928 0.1875 0.0429 0.1221
