4 0.4519 0.2284 0.0179 0.0136
4 0.3822 0.2788 0.0329 0.0136
5 0.4327 0.238 0.0186 0.0143
5 0.4062 0.2476 0.0236 0.0186
5 0.3894 0.262 0.02 0.0164
5 0.3558 0.3125 0.0321 0.0207
6 0.3462 0.3293 0.0364 0.0386
6 0.3245 0.3702 0.0393 0.0514
1 0.4351 0.2236 0.0029 0.0064
1 0.4399 0.2236 0.0043 0.0079
1 0.3245 0.3053 0.0057 0.0143
1 0.3293 0.2837 0.0043 0.0136
1 0.3413 0.2812 0.005 0.0143
1 0.3462 0.2812 0.0071 0.0143
1 0.613 0.2332 0.0036 0.01
1 0.601 0.2308 0.0029 0.0093
1 0.6034 0.2308 0.0043 0.0114
1 0.6034 0.2476 0.0043 0.0114
1 0.5889 0.2644 0.005 0.0121
1 0.5913 0.2957 0.0043 0.0129
1 0.5865 0.3077 0.0057 0.0136
1 0.5938 0.3077 0.005 0.0136
1 0.6346 0.5 0.0079 0.0221
1 0.649 0.5024 0.0079 0.02
11 0.6538 0.5096 0.0064 0.0121
1 0.6394 0.5144 0.0086 0.0207
1 0.6322 0.5144 0.0071 0.0207
1 0.6587 0.6755 0.01 0.0279
1 0.8798 0.5865 0.0086 0.0157
1 0.9423 0.5889 0.02 0.0236
1 0.9447 0.5962 0.0164 0.0257
2 0.9111 0.4351 0.0107 0.0157
2 0.9135 0.4327 0.0121 0.0143
11 0.9159 0.4327 0.0157 0.0129
2 0.8365 0.4087 0.0107 0.015
4 0.762 0.4615 0.0671 0.0307
1 1.0 0.3534 0.0043 0.015
2 0.9784 0.3149 0.0064 0.0143
2 0.8918 0.3221 0.0093 0.0171
1 0.9111 0.3221 0.0129 0.0186
2 0.8462 0.3462 0.0071 0.0136
2 0.8101 0.3413 0.0079 0.0157
2 0.8197 0.3438 0.0071 0.0157
2 0.8077 0.3389 0.0086 0.0086
1 0.8846 0.3413 0.0057 0.0121
1 0.9135 0.3365 0.0064 0.0121
10 0.226 0.5216 0.0336 0.0214
11 0.1611 0.5721 0.0164 0.0214
1 0.2284 0.4423 0.01 0.0214
1 0.1587 0.5769 0.0114 0.0243
1 0.1803 0.5072 0.015 0.0207
1 0.1875 0.5072 0.0107 0.0214
