5 0.0385 0.2428 0.03 0.0343
9 0.2524 0.149 0.0264 0.0336
5 0.25 0.1899 0.0186 0.025
4 0.2284 0.1803 0.0143 0.0136
4 0.2572 0.1779 0.0136 0.0114
5 0.2308 0.1538 0.0243 0.0293
10 0.2716 0.149 0.0079 0.0136
5 0.2692 0.1346 0.0207 0.0179
4 0.2861 0.1298 0.0143 0.0064
4 0.0841 0.4615 0.0393 0.035
4 0.125 0.5577 0.0407 0.0493
10 0.0553 0.6058 0.0243 0.025
2 0.0529 0.6082 0.0179 0.01
2 0.0553 0.6034 0.0136 0.0086
0 0.1779 0.1779 0.0107 0.015
4 0.5865 0.7284 0.075 0.0371
4 0.6106 0.5769 0.0536 0.0436
5 0.5 0.5817 0.0629 0.0343
5 0.6707 0.5216 0.0443 0.0686
5 0.5913 0.4688 0.0507 0.0357
4 0.4303 0.4519 0.0507 0.0214
4 0.5433 0.3101 0.0407 0.0193
5 0.5745 0.238 0.0171 0.0229
5 0.5625 0.3534 0.045 0.0229
4 0.5337 0.2668 0.0343 0.015
4 0.5216 0.2356 0.0271 0.0164
4 0.5288 0.2572 0.0357 0.0129
4 0.524 0.2476 0.03 0.0129
4 0.5216 0.226 0.0286 0.0129
4 0.5168 0.2139 0.0286 0.015
8 0.5913 0.2644 0.0143 0.0214
3 0.6154 0.2572 0.0114 0.0079
3 0.5913 0.2115 0.0043 0.0114
5 0.4688 0.1442 0.0114 0.015
5 0.5577 0.1442 0.0179 0.0129
5 0.5096 0.1418 0.0186 0.0179
4 0.4159 0.1875 0.0257 0.0107
4 0.4159 0.1803 0.0229 0.0086
4 0.4159 0.1707 0.0236 0.0093
4 0.4159 0.1659 0.0229 0.01
4 0.4159 0.1635 0.0214 0.0093
4 0.4183 0.1538 0.0229 0.0107
4 0.5649 0.1298 0.02 0.0093
5 0.8173 0.7933 0.0936 0.0471
5 0.8726 0.8462 0.1279 0.055
1 0.7596 0.7812 0.0043 0.0079
1 0.7861 0.7764 0.0057 0.0071
