4 0.9471 0.7524 0.105 0.1286
4 0.887 0.5577 0.0571 0.0614
4 0.8221 0.4423 0.0636 0.0386
4 0.7163 0.4351 0.0514 0.0457
4 0.7524 0.4303 0.0479 0.0364
1 0.6034 0.6058 0.0207 0.0507
1 0.5697 0.6226 0.025 0.0507
1 0.5264 0.6346 0.0221 0.055
1 0.4808 0.5601 0.0286 0.0407
1 0.5505 0.6226 0.0207 0.0529
1 0.5481 0.5817 0.02 0.0464
1 0.5312 0.4423 0.0121 0.0321
1 0.5793 0.4423 0.015 0.0293
1 0.476 0.4688 0.0214 0.0386
4 0.5072 0.4808 0.0671 0.0579
4 0.0577 0.4519 0.0936 0.0636
2 0.0144 0.4856 0.0221 0.0321
4 0.0385 0.5264 0.0736 0.0664
4 0.1635 0.5288 0.1257 0.0536
4 0.1875 0.5024 0.1136 0.04
4 0.1851 0.4591 0.0757 0.0571
1 0.1514 0.4856 0.0229 0.0443
1 0.1755 0.4784 0.0129 0.0271
1 0.3678 0.5312 0.0193 0.0357
1 0.375 0.5288 0.0221 0.0407
3 0.3846 0.5601 0.0471 0.0286
1 0.6755 0.7043 0.0221 0.0629
2 0.6971 0.7019 0.025 0.05
3 0.6971 0.7188 0.0257 0.0536
3 0.7452 0.5697 0.025 0.035
2 0.7476 0.5577 0.02 0.0371
1 0.9062 0.4832 0.015 0.0321
1 0.9183 0.488 0.0129 0.0264
1 0.8966 0.4471 0.0129 0.0307
1 0.8822 0.4327 0.0107 0.0221
1 0.8894 0.4327 0.01 0.0243
1 0.9207 0.4135 0.0121 0.0264
1 0.8269 0.3702 0.0114 0.02
4 0.601 0.4375 0.0714 0.04
4 0.5962 0.4183 0.0707 0.035
4 0.5865 0.4038 0.0671 0.0364
4 0.5793 0.3894 0.0586 0.0343
4 0.5457 0.3606 0.0479 0.0236
4 0.5841 0.3486 0.0236 0.02
4 0.5745 0.3365 0.0243 0.0186
4 0.5409 0.3389 0.0464 0.0221
4 0.5409 0.3365 0.0393 0.0229
4 0.5288 0.3317 0.0329 0.0179
4 0.5312 0.3269 0.0293 0.0157
4 0.5168 0.3221 0.0293 0.0193
0 0.5264 0.3053 0.0293 0.0229
4 0.5601 0.3269 0.0179 0.0157
4 0.5529 0.3173 0.0136 0.0157
4 0.5865 0.3245 0.0207 0.0186
4 0.5697 0.3149 0.0207 0.015
4 0.5769 0.3077 0.0143 0.0157
4 0.5938 0.3173 0.0221 0.015
4 0.6082 0.3245 0.0221 0.0157
4 0.6298 0.3389 0.0243 0.0186
4 0.6058 0.3389 0.0243 0.0186
4 0.625 0.351 0.0186 0.0214
4 0.649 0.3534 0.0264 0.0193
4 0.6394 0.3654 0.03 0.0221
4 0.6611 0.363 0.0314 0.0257
4 0.6418 0.3846 0.0486 0.0257
4 0.6803 0.3726 0.0364 0.0279
4 0.6827 0.4014 0.0414 0.0393
4 0.7644 0.4111 0.0514 0.0279
4 0.8245 0.4231 0.0529 0.03
4 0.7981 0.399 0.0507 0.025
4 0.7716 0.3846 0.0357 0.0229
5 0.7115 0.3966 0.0407 0.035
9 0.7188 0.3678 0.0893 0.0657
4 0.9375 0.4447 0.0807 0.0307
1 0.9808 0.4303 0.0129 0.0257
1 0.9471 0.4159 0.0114 0.0236
5 0.8654 0.4038 0.0607 0.0329
4 0.8293 0.3918 0.0621 0.0207
4 0.8101 0.3822 0.0471 0.0171
4 0.7957 0.375 0.0514 0.0179
6 0.762 0.3558 0.0421 0.0207
4 0.75 0.351 0.0429 0.0164
4 0.7284 0.3438 0.0393 0.0179
4 0.7212 0.3389 0.0421 0.0164
4 0.6827 0.3365 0.0279 0.0157
4 0.7067 0.3341 0.0407 0.0136
4 0.6659 0.3269 0.0243 0.0143
4 0.6875 0.3245 0.035 0.0143
4 0.6466 0.3197 0.0264 0.0143
4 0.6683 0.3173 0.0329 0.0143
4 0.6562 0.3125 0.0243 0.0107
4 0.6298 0.3125 0.025 0.0157
4 0.613 0.3077 0.0236 0.0121
5 0.6346 0.3029 0.0343 0.0143
5 0.5986 0.3005 0.0214 0.0164
4 0.5817 0.2933 0.0186 0.0143
