4 0.524 0.6418 0.0179 0.0271
4 0.6178 0.625 0.0179 0.0321
4 0.6202 0.4327 0.0093 0.0114
4 0.5745 0.4615 0.01 0.0121
4 0.5938 0.4736 0.0093 0.0129
4 0.5433 0.5192 0.0114 0.0121
4 0.5288 0.4087 0.0071 0.0064
4 0.5337 0.3894 0.0079 0.0086
4 0.5625 0.3894 0.0071 0.0093
4 0.5793 0.3486 0.0057 0.0057
4 0.5385 0.3702 0.0057 0.0064
4 0.5649 0.3029 0.0036 0.005
4 0.5793 0.3005 0.0036 0.0036
4 0.5601 0.2716 0.0036 0.0029
4 0.5505 0.3365 0.0036 0.0043
4 0.5793 0.3654 0.0057 0.0079
5 0.5529 0.4351 0.0086 0.01
5 0.5216 0.4231 0.0086 0.01
5 0.4976 0.5096 0.0121 0.0136
5 0.5409 0.5673 0.0136 0.02
5 0.5649 0.3462 0.005 0.0057
5 0.5673 0.3341 0.005 0.0064
9 0.5601 0.3245 0.0071 0.0129
9 0.5168 0.4543 0.0143 0.035
9 0.4688 0.6322 0.04 0.0836
5 0.4423 0.7596 0.0271 0.0407
4 0.5889 0.5216 0.0121 0.0143
4 0.6202 0.5288 0.0129 0.0171
4 0.5288 0.5 0.0129 0.0143
4 0.5433 0.3341 0.0043 0.0064
9 0.5409 0.3486 0.0093 0.0164
9 0.5264 0.375 0.0107 0.0164
1 0.5072 0.4014 0.0021 0.0043
1 0.5072 0.3966 0.0021 0.0043
1 0.512 0.3918 0.0029 0.0057
1 0.5168 0.375 0.0029 0.005
1 0.5168 0.375 0.0021 0.005
1 0.5144 0.3798 0.0021 0.005
1 0.5216 0.3606 0.0021 0.0029
4 0.5553 0.3125 0.0029 0.005
1 0.5168 0.4111 0.0021 0.0057
10 0.5168 0.4135 0.0029 0.0043
1 0.5192 0.363 0.0029 0.0043
