4 0.6587 0.5673 0.0256 0.0459
4 0.3678 0.7019 0.0767 0.036
4 0.3846 0.6731 0.0658 0.0297
5 0.4808 0.5913 0.0277 0.0428
5 0.4375 0.5288 0.0543 0.024
5 0.4375 0.5096 0.0412 0.0224
4 0.4712 0.488 0.0485 0.0219
5 0.4784 0.4712 0.0386 0.0256
4 0.4736 0.4567 0.0433 0.0172
4 0.4856 0.4423 0.0397 0.0193
4 0.5433 0.4062 0.0198 0.0256
4 0.5096 0.3702 0.0313 0.0172
5 0.5192 0.3558 0.0344 0.0172
5 0.5168 0.3413 0.0277 0.0167
5 0.5288 0.3197 0.0214 0.012
4 0.5361 0.3125 0.0256 0.0125
4 0.5264 0.2933 0.011 0.011
5 0.5312 0.274 0.0177 0.012
4 0.6947 0.2788 0.0115 0.0115
4 0.7091 0.2476 0.0193 0.0078
4 0.7404 0.2548 0.0219 0.0094
4 0.7163 0.2452 0.0177 0.0073
4 0.6034 0.2428 0.0177 0.0089
4 0.7885 0.25 0.0193 0.0078
4 0.8101 0.2596 0.0219 0.0104
4 0.8269 0.2524 0.0193 0.0089
4 0.6442 0.2236 0.0063 0.0078
2 0.887 0.5144 0.0063 0.0084
10 0.8846 0.5216 0.0094 0.0151
10 0.5721 0.387 0.0047 0.0073
2 0.5721 0.3798 0.0042 0.0073
1 0.5505 0.3534 0.0042 0.0089
1 0.5553 0.3486 0.0031 0.0099
1 0.5505 0.3462 0.0031 0.0099
10 0.4952 0.3149 0.0094 0.0068
10 0.3486 0.5505 0.0209 0.0094
10 0.3726 0.5144 0.0177 0.0099
10 0.3966 0.4736 0.013 0.012
10 0.4183 0.4375 0.0125 0.0094
0 0.7788 0.2428 0.013 0.0073
0 0.8293 0.2428 0.0151 0.0063
2 0.9327 0.5817 0.0084 0.0089
10 0.9279 0.5889 0.0125 0.0198
2 0.3245 0.6226 0.011 0.0162
10 0.3245 0.637 0.0172 0.013
