6 0.0385 0.2404 0.0725 0.0391
6 0.2308 0.2476 0.0694 0.0329
10 0.4567 0.2308 0.0193 0.013
10 0.5721 0.2476 0.023 0.0125
10 0.6106 0.2716 0.0146 0.0157
7 0.5649 0.2668 0.0146 0.0261
1 0.6875 0.2236 0.012 0.0073
4 0.7043 0.274 0.0642 0.0339
5 0.8077 0.2837 0.059 0.0334
6 0.9712 0.2837 0.0558 0.0647
1 0.8245 0.4856 0.0157 0.0188
4 0.75 0.4038 0.0485 0.059
5 0.8558 0.4062 0.0579 0.072
5 0.9255 0.4135 0.0543 0.0532
7 0.8918 0.4183 0.0193 0.0318
10 0.9014 0.4423 0.0151 0.023
10 0.875 0.4712 0.0188 0.0297
10 0.9567 0.4856 0.0183 0.0313
10 0.9808 0.387 0.0303 0.0214
1 0.7404 0.6226 0.0214 0.0214
4 0.3822 0.4832 0.0522 0.0741
6 0.1683 0.6707 0.0955 0.1059
