4 0.2188 0.3221 0.0136 0.0063
6 0.226 0.3077 0.011 0.0167
6 0.2043 0.3365 0.0198 0.0094
2 0.2356 0.3173 0.0031 0.0037
2 0.2284 0.3341 0.0026 0.0042
2 0.2163 0.3558 0.0037 0.0037
10 0.2356 0.3197 0.0026 0.0031
10 0.2284 0.3365 0.0031 0.0037
10 0.2163 0.3582 0.0031 0.0052
1 0.1659 0.3558 0.0021 0.0042
5 0.1394 0.4183 0.0235 0.0136
5 0.1322 0.4207 0.0266 0.0125
4 0.1274 0.4255 0.0329 0.0136
6 0.1202 0.4399 0.0506 0.0183
7 0.1346 0.4639 0.0089 0.013
10 0.0865 0.4639 0.013 0.0099
4 0.2139 0.4567 0.0177 0.0162
8 0.137 0.4976 0.0172 0.0224
5 0.2163 0.5048 0.0303 0.023
5 0.25 0.5 0.0297 0.0297
10 0.226 0.4495 0.0052 0.0099
4 0.0577 0.5096 0.0459 0.0193
8 0.0481 0.5312 0.0198 0.0261
10 0.2692 0.4495 0.0063 0.0115
1 0.0264 0.6106 0.0141 0.0219
1 0.1562 0.6202 0.0089 0.0172
1 0.1611 0.6154 0.0099 0.0193
8 0.1322 0.7019 0.0386 0.0475
10 0.1322 0.7548 0.0297 0.0214
2 0.2236 0.738 0.0157 0.023
10 0.2236 0.7428 0.0136 0.0277
8 0.3053 0.7091 0.0334 0.0511
10 0.3678 0.7428 0.0256 0.0188
10 0.4904 0.7428 0.0313 0.0198
7 0.4784 0.7548 0.048 0.0277
7 0.4952 0.7644 0.048 0.036
1 0.387 0.7452 0.0094 0.0204
1 0.4471 0.6827 0.0104 0.0224
7 0.4543 0.6899 0.0391 0.0412
4 0.4087 0.6779 0.0788 0.0308
1 0.4712 0.6322 0.0078 0.0209
5 0.3966 0.6226 0.0532 0.0277
6 0.363 0.5962 0.0814 0.0407
6 0.262 0.6298 0.0256 0.0402
2 0.2692 0.5264 0.0089 0.012
10 0.2692 0.5288 0.0162 0.0115
7 0.2933 0.4928 0.0172 0.0204
8 0.3149 0.4784 0.0146 0.0172
10 0.3341 0.4736 0.0094 0.0136
1 0.375 0.5144 0.0068 0.0183
7 0.3582 0.4712 0.0235 0.0125
10 0.351 0.4784 0.0115 0.0099
11 0.4183 0.5024 0.0344 0.0219
9 0.4447 0.512 0.0642 0.036
6 0.4904 0.4928 0.048 0.0277
10 0.4471 0.4663 0.0115 0.0068
10 0.4495 0.4712 0.0162 0.0094
2 0.4639 0.476 0.0057 0.0068
1 0.4591 0.4591 0.0057 0.0136
1 0.4471 0.4567 0.0057 0.013
10 0.4663 0.4688 0.0099 0.011
2 0.4832 0.4639 0.0057 0.0089
2 0.4784 0.4591 0.0073 0.0104
10 0.4904 0.4591 0.0104 0.0099
10 0.5 0.4567 0.0099 0.0125
10 0.4952 0.4688 0.0099 0.0089
1 0.5048 0.4615 0.0052 0.0136
3 0.5 0.4712 0.0136 0.0094
1 0.5072 0.4615 0.0037 0.0136
2 0.5168 0.4639 0.0052 0.0115
10 0.5144 0.4567 0.0104 0.0104
7 0.5168 0.4712 0.0125 0.0157
10 0.524 0.4688 0.011 0.012
10 0.5337 0.4543 0.0068 0.0084
3 0.5385 0.4519 0.0099 0.0073
10 0.5505 0.4688 0.0141 0.0104
10 0.5649 0.4615 0.0089 0.012
7 0.5721 0.4591 0.0151 0.012
7 0.5841 0.4591 0.012 0.0104
8 0.601 0.4567 0.0172 0.0162
4 0.5505 0.4832 0.0407 0.0214
4 0.5913 0.4832 0.0324 0.0188
4 0.5793 0.5337 0.0506 0.0198
8 0.6106 0.4567 0.0188 0.0172
8 0.6226 0.4567 0.0172 0.0136
8 0.6442 0.4543 0.0198 0.0162
7 0.637 0.4567 0.0141 0.0125
8 0.6394 0.4712 0.0214 0.0151
4 0.6707 0.4591 0.0318 0.0183
4 0.7115 0.4423 0.0266 0.0151
10 0.7019 0.4327 0.0104 0.0063
5 0.637 0.5216 0.0371 0.023
1 0.75 0.5072 0.0057 0.0141
5 0.7572 0.4952 0.0423 0.0214
2 0.762 0.4543 0.0078 0.012
7 0.7644 0.4567 0.0193 0.0099
6 0.7909 0.4423 0.0365 0.0219
10 0.738 0.4255 0.0068 0.0089
6 0.8438 0.4543 0.1169 0.0501
4 0.9327 0.5769 0.0564 0.0355
4 0.9663 0.5529 0.0449 0.0245
7 0.9904 0.5962 0.023 0.0224
10 0.9351 0.6514 0.0271 0.0162
10 0.8462 0.4231 0.0162 0.0125
1 0.7091 0.7332 0.0084 0.0177
1 0.7043 0.726 0.0125 0.024
7 0.6394 0.774 0.0511 0.0167
