4 0.4784 0.4519 0.0136 0.025
4 0.4784 0.5697 0.0164 0.0307
4 0.5024 0.6226 0.0164 0.0379
4 0.4255 0.4423 0.0114 0.0193
4 0.4447 0.4014 0.0129 0.0193
4 0.4399 0.2548 0.0093 0.01
4 0.5096 0.3245 0.0086 0.0157
4 0.5024 0.2356 0.0079 0.0114
4 0.4543 0.2356 0.0071 0.0093
5 0.4808 0.6755 0.02 0.05
5 0.5361 0.4832 0.025 0.03
4 0.4327 0.3341 0.0107 0.015
5 0.512 0.3606 0.0114 0.0221
4 0.4928 0.387 0.0143 0.0229
9 0.5168 0.4207 0.0207 0.0664
5 0.4808 0.2668 0.0093 0.0186
5 0.4832 0.2332 0.0079 0.0129
4 0.5048 0.2885 0.0107 0.0193
4 0.5048 0.2596 0.01 0.0157
11 0.4399 0.2356 0.0107 0.02
4 0.4255 0.774 0.0193 0.0143
4 0.7091 0.5192 0.04 0.0157
4 0.8966 0.4856 0.0386 0.0136
4 0.9495 0.4856 0.0386 0.0164
5 0.9856 0.4808 0.0286 0.0186
4 0.7957 0.5168 0.0371 0.0207
4 0.75 0.5168 0.0364 0.0136
5 0.8413 0.512 0.0379 0.0186
4 0.887 0.512 0.0357 0.0136
4 0.9375 0.5072 0.035 0.0114
4 0.9183 0.4976 0.0336 0.0107
4 0.9808 0.5072 0.0364 0.0143
1 0.7404 0.6731 0.0093 0.01
1 0.8534 0.6514 0.0064 0.0107
5 0.75 0.2596 0.0321 0.0157
9 0.9231 0.2476 0.0457 0.0171
6 0.4928 0.3125 0.0157 0.035
