5 0.3846 0.1514 0.0293 0.05
4 0.524 0.1803 0.025 0.0657
4 0.5192 0.2692 0.0321 0.0771
4 0.5168 0.3606 0.0293 0.0757
4 0.524 0.4519 0.0329 0.0836
6 0.387 0.4087 0.0357 0.0814
4 0.524 0.6394 0.0364 0.085
4 0.524 0.7548 0.0371 0.0914
4 0.3678 0.7668 0.0379 0.0821
5 0.3702 0.6538 0.0364 0.0821
4 0.3702 0.5577 0.0371 0.0814
5 0.3101 0.4784 0.0357 0.075
5 0.3101 0.5673 0.0321 0.0764
10 0.238 0.137 0.0257 0.0193
10 0.3438 0.1659 0.0279 0.0164
10 0.3365 0.1779 0.025 0.0143
10 0.3365 0.1947 0.0286 0.02
10 0.2236 0.2115 0.0207 0.0264
10 0.2356 0.2668 0.0321 0.015
10 0.2308 0.2837 0.03 0.015
1 0.2572 0.2981 0.0086 0.0079
10 0.2933 0.3077 0.01 0.0257
2 0.2909 0.3029 0.01 0.0143
1 0.2788 0.2764 0.0121 0.0157
1 0.3053 0.2933 0.0114 0.0164
1 0.3413 0.226 0.0079 0.0143
10 0.2163 0.4495 0.0186 0.0279
1 0.2716 0.476 0.0143 0.0114
1 0.2764 0.4736 0.015 0.0164
2 0.3365 0.6442 0.0114 0.0207
1 0.262 0.8293 0.0179 0.025
1 0.2692 0.7837 0.01 0.0236
10 0.2115 0.7284 0.0314 0.0114
10 0.2356 0.7284 0.0257 0.0107
10 0.2188 0.7139 0.0286 0.0143
10 0.2067 0.7019 0.0321 0.0114
