4 0.4038 0.726 0.0429 0.075
4 0.5577 0.4543 0.0264 0.03
4 0.8029 0.4495 0.0279 0.0307
1 0.3269 0.274 0.005 0.0093
1 0.2428 0.3293 0.0043 0.0107
1 0.2356 0.3317 0.0057 0.0121
1 0.0625 0.4038 0.0086 0.0121
1 0.0865 0.4087 0.0079 0.0107
1 0.0793 0.4087 0.0071 0.0121
1 0.0096 0.4639 0.01 0.0136
1 0.0769 0.4399 0.0093 0.0143
1 0.1106 0.4159 0.0107 0.0114
3 0.1418 0.399 0.01 0.0121
3 0.1178 0.4231 0.0093 0.01
2 0.1394 0.3942 0.0079 0.0071
2 0.1154 0.4159 0.0079 0.0143
2 0.1106 0.4135 0.0057 0.0107
8 0.5168 0.3606 0.0157 0.025
1 0.5337 0.3365 0.0036 0.0121
1 0.5385 0.3365 0.0036 0.0086
2 0.5264 0.5144 0.0086 0.01
10 0.5288 0.5192 0.0086 0.0164
4 0.524 0.226 0.0064 0.0057
1 0.5361 0.2188 0.0021 0.0043
0 0.5505 0.1755 0.0143 0.0157
10 0.6466 0.387 0.0093 0.0129
10 0.637 0.3846 0.0093 0.0143
