6 0.2284 0.8125 0.0507 0.07
6 0.2668 0.7452 0.0436 0.0693
4 0.3389 0.7692 0.02 0.0264
5 0.3846 0.7115 0.0171 0.0271
4 0.363 0.7212 0.0157 0.0229
4 0.3317 0.738 0.0193 0.0271
4 0.4207 0.6611 0.0221 0.0229
4 0.4519 0.5841 0.0114 0.0193
4 0.488 0.5192 0.01 0.0136
4 0.5096 0.4976 0.01 0.0157
4 0.512 0.4712 0.0107 0.0121
6 0.488 0.4591 0.0364 0.0279
6 0.4784 0.4663 0.0321 0.0214
4 0.4832 0.4928 0.0136 0.0114
4 0.4736 0.4976 0.01 0.0129
4 0.6274 0.2572 0.0043 0.0057
4 0.6394 0.2404 0.0043 0.0036
4 0.637 0.2452 0.0043 0.0043
4 0.6394 0.25 0.0043 0.0057
4 0.637 0.2524 0.005 0.0057
4 0.637 0.2596 0.0036 0.005
4 0.6226 0.2644 0.0036 0.0043
4 0.6418 0.2716 0.0043 0.0043
4 0.6322 0.2957 0.005 0.0057
4 0.637 0.3389 0.0079 0.0093
4 0.6274 0.3534 0.0071 0.0093
4 0.601 0.3582 0.0071 0.0093
4 0.5913 0.3798 0.0079 0.0107
2 0.6034 0.3822 0.0036 0.0043
10 0.6058 0.3846 0.0043 0.0071
4 0.5962 0.4038 0.0093 0.015
5 0.5793 0.4255 0.0114 0.0171
4 0.637 0.3918 0.0107 0.0136
4 0.625 0.4062 0.01 0.0107
4 0.6178 0.4423 0.0107 0.015
4 0.6346 0.4543 0.0121 0.0171
4 0.6202 0.4808 0.0129 0.0186
4 0.5817 0.4832 0.0114 0.0179
4 0.5697 0.4952 0.0114 0.0179
4 0.5793 0.512 0.0129 0.0193
4 0.5625 0.524 0.0114 0.0179
4 0.5745 0.5385 0.015 0.0221
4 0.6298 0.5529 0.0164 0.0257
6 0.5553 0.5481 0.0221 0.0371
4 0.5649 0.5697 0.0229 0.0379
4 0.5625 0.6106 0.0164 0.0286
4 0.5577 0.6466 0.0143 0.0314
6 0.5385 0.6034 0.04 0.0907
4 0.6226 0.6635 0.0186 0.0371
6 0.5312 0.6731 0.0236 0.04
6 0.524 0.7188 0.0264 0.04
6 0.5361 0.7284 0.0471 0.1036
4 0.5168 0.7692 0.0214 0.0443
4 0.5 0.774 0.0171 0.0421
4 0.5288 0.8245 0.0243 0.0543
4 0.5048 0.8269 0.0264 0.0514
6 0.9567 0.1635 0.0343 0.0207
4 0.9928 0.2139 0.0164 0.0236
10 0.9399 0.2885 0.0114 0.0107
10 0.9303 0.2812 0.0107 0.0107
1 0.875 0.2236 0.0057 0.0107
4 0.8822 0.1659 0.0129 0.0121
4 0.8702 0.1659 0.0129 0.0079
4 0.9856 0.1346 0.0171 0.0157
4 0.9784 0.1322 0.0157 0.0114
4 0.9736 0.1322 0.0171 0.0114
4 0.9663 0.1322 0.0171 0.0121
6 0.9543 0.1322 0.02 0.0136
5 0.8606 0.137 0.0186 0.0121
6 0.9615 0.2115 0.0229 0.0179
4 0.9543 0.2091 0.0321 0.0257
4 0.9447 0.2091 0.03 0.0229
4 0.9327 0.2091 0.0307 0.0236
6 0.9327 0.2019 0.035 0.0186
4 0.9231 0.2067 0.0271 0.0221
4 0.9183 0.2019 0.0271 0.0221
4 0.9159 0.2043 0.0271 0.0243
4 0.9062 0.2043 0.0243 0.0243
4 0.8966 0.2043 0.0236 0.02
4 0.8942 0.1995 0.0271 0.0214
4 0.887 0.1995 0.025 0.02
6 0.887 0.1923 0.0221 0.0186
6 0.8798 0.1995 0.0214 0.0193
6 0.8726 0.1875 0.0336 0.03
4 0.8486 0.1875 0.02 0.0157
4 0.8462 0.1851 0.0207 0.0129
6 0.9062 0.2668 0.0264 0.015
