4 0.1418 0.8221 0.1857 0.11
4 0.4519 0.7668 0.1879 0.1143
4 0.5529 0.6082 0.1321 0.0786
4 0.726 0.5697 0.1321 0.0693
4 0.9135 0.649 0.1579 0.0793
4 0.8798 0.5264 0.1193 0.0593
4 0.0505 0.3846 0.1 0.0514
4 0.9784 0.2139 0.045 0.0286
4 0.9279 0.2812 0.0486 0.035
4 0.6875 0.2716 0.0507 0.0307
4 0.2212 0.274 0.0657 0.0343
4 0.3341 0.2692 0.0493 0.03
4 0.851 0.2115 0.0329 0.0193
1 0.0962 0.2981 0.0164 0.0271
1 0.0529 0.3077 0.0129 0.0236
1 0.0433 0.3077 0.0164 0.0257
1 0.024 0.2452 0.0107 0.0221
1 0.1274 0.1947 0.01 0.0164
4 0.1322 0.1827 0.025 0.02
4 0.0841 0.2163 0.015 0.0179
0 0.0913 0.1947 0.0207 0.0379
4 0.4231 0.3582 0.0486 0.0379
4 0.4062 0.3389 0.0786 0.0393
4 0.2452 0.3582 0.0957 0.0343
4 0.2476 0.3822 0.0864 0.0336
4 0.2476 0.4135 0.1086 0.0464
4 0.9832 0.4952 0.0343 0.0429
10 0.0962 0.2332 0.015 0.0143
6 0.2812 0.6683 0.2157 0.1171
9 0.7764 0.2812 0.175 0.07
9 0.5601 0.351 0.2271 0.0921
4 0.5697 0.3173 0.07 0.025
1 0.6058 0.2596 0.0079 0.0257
6 0.8654 0.2428 0.0821 0.04
4 0.7812 0.2572 0.0357 0.02
1 0.0096 0.2644 0.015 0.0221
1 0.2163 0.2981 0.015 0.0257
2 0.1562 0.6587 0.0379 0.0364
3 0.1611 0.6635 0.0436 0.0471
1 0.0096 0.4663 0.0179 0.0379
10 0.7812 0.2236 0.02 0.0179
10 0.7572 0.2236 0.0121 0.0129
2 0.7548 0.2212 0.0071 0.015
