4 0.488 0.8101 0.0886 0.1329
4 0.387 0.8245 0.0957 0.1014
4 0.7356 0.7957 0.1857 0.09
5 0.7644 0.863 0.185 0.0286
5 0.7091 0.7067 0.1536 0.0821
4 0.1755 0.7236 0.1121 0.1893
4 0.3918 0.6635 0.0729 0.1614
4 0.0529 0.6611 0.1036 0.1586
4 0.7043 0.625 0.1593 0.0693
1 0.5264 0.5048 0.0186 0.0393
1 0.5673 0.4519 0.0114 0.0371
1 0.524 0.4327 0.0136 0.0486
1 0.5433 0.4303 0.0164 0.0407
1 0.6755 0.4135 0.0193 0.0336
2 0.6514 0.4183 0.0157 0.0336
5 0.6274 0.3798 0.1057 0.065
4 0.6082 0.3486 0.1121 0.0486
1 0.5072 0.2596 0.0114 0.03
1 0.5048 0.1875 0.0121 0.0293
4 0.5649 0.1827 0.0743 0.0407
4 0.5553 0.1514 0.0686 0.0371
4 0.5529 0.1418 0.065 0.0293
4 0.4303 0.1659 0.0329 0.045
4 0.4255 0.2067 0.035 0.0479
4 0.4688 0.3005 0.0357 0.0793
4 0.4231 0.2668 0.0407 0.0593
4 0.4183 0.3365 0.045 0.0736
4 0.3317 0.1995 0.0343 0.05
4 0.2837 0.149 0.0357 0.0379
4 0.2668 0.1803 0.0407 0.0493
4 0.2284 0.2716 0.0536 0.06
4 0.1971 0.3317 0.0629 0.085
1 0.2115 0.2957 0.0157 0.0286
1 0.2332 0.3221 0.0157 0.0343
5 0.2837 0.4207 0.0636 0.1036
5 0.1659 0.4087 0.0757 0.0864
4 0.113 0.5144 0.0957 0.1121
