6 0.1466 0.4543 0.0143 0.0143
5 0.1562 0.4567 0.0079 0.0079
4 0.5072 0.8197 0.0336 0.04
4 0.6875 0.5601 0.0129 0.0107
4 0.899 0.4663 0.0164 0.0079
4 0.8966 0.4543 0.0129 0.0064
4 0.8029 0.4519 0.0071 0.005
4 0.8077 0.4447 0.0064 0.005
4 0.8053 0.4375 0.0057 0.0057
4 0.9591 0.4423 0.0064 0.0057
4 0.9688 0.4423 0.0071 0.0057
4 0.976 0.4447 0.0064 0.005
4 0.9207 0.4399 0.0043 0.0057
4 0.9279 0.4399 0.005 0.005
4 0.9375 0.4375 0.0086 0.005
4 0.9639 0.4375 0.0129 0.005
6 0.9135 0.4375 0.0071 0.01
6 0.5697 0.4832 0.0364 0.0193
10 0.6082 0.7188 0.0093 0.015
10 0.6034 0.6755 0.0086 0.015
10 0.7452 0.512 0.005 0.0079
0 0.8558 0.3726 0.0171 0.0314
2 0.6082 0.7163 0.0057 0.0114
2 0.6034 0.6731 0.005 0.0086
