5 0.0216 0.3438 0.0371 0.0286
5 0.0216 0.387 0.0429 0.03
4 0.0793 0.387 0.0564 0.0257
1 0.2572 0.375 0.0143 0.0086
1 0.274 0.3822 0.0093 0.0129
6 0.3534 0.3654 0.0293 0.08
1 0.4087 0.3822 0.0114 0.0093
1 0.3942 0.476 0.0136 0.0129
4 0.4832 0.5048 0.0657 0.0679
1 0.3558 0.5745 0.0086 0.0071
1 0.3702 0.5697 0.0086 0.0071
1 0.363 0.7236 0.0086 0.0107
3 0.1274 0.5769 0.0136 0.02
6 0.2716 0.5865 0.065 0.0271
1 0.6514 0.3365 0.01 0.0114
1 0.8245 0.3077 0.0129 0.0164
1 0.9062 0.3462 0.015 0.0093
1 0.9111 0.3365 0.0143 0.0114
6 0.2957 0.6466 0.0407 0.0943
