4 0.3606 0.7308 0.0845 0.1025
4 0.3053 0.6346 0.057 0.0595
4 0.4495 0.4591 0.0455 0.0355
5 0.4111 0.4327 0.0435 0.0315
5 0.3822 0.4111 0.0355 0.0265
4 0.3486 0.3918 0.0305 0.024
5 0.3269 0.375 0.028 0.0225
4 0.3053 0.3654 0.0255 0.0215
4 0.2668 0.3389 0.023 0.0165
4 0.2572 0.3293 0.0155 0.0145
4 0.25 0.3221 0.018 0.0105
2 0.2404 0.3293 0.004 0.0125
10 0.2404 0.3341 0.008 0.0085
4 0.238 0.3149 0.019 0.0125
4 0.2284 0.3053 0.016 0.014
4 0.2188 0.2957 0.017 0.014
4 0.2067 0.2837 0.012 0.012
4 0.2019 0.2788 0.012 0.0115
4 0.1202 0.3413 0.0205 0.0195
4 0.0601 0.3654 0.019 0.019
4 0.0625 0.3486 0.0315 0.0175
4 0.0625 0.3365 0.0355 0.0135
4 0.0481 0.3269 0.0265 0.0105
4 0.0481 0.3197 0.0205 0.0115
4 0.0144 0.3966 0.0245 0.021
4 0.0048 0.3774 0.009 0.0175
4 0.0577 0.2981 0.0185 0.0135
4 0.0553 0.2909 0.016 0.0065
4 0.0601 0.2764 0.014 0.0125
4 0.125 0.2284 0.0105 0.007
4 0.1947 0.2692 0.013 0.0095
4 0.1923 0.2572 0.013 0.01
4 0.1899 0.2524 0.0115 0.0085
1 0.1875 0.2308 0.0035 0.0065
2 0.1731 0.2404 0.003 0.005
10 0.1731 0.2428 0.0045 0.005
4 0.137 0.2188 0.0085 0.0075
4 0.1418 0.2188 0.0045 0.005
4 0.2163 0.1995 0.006 0.0045
0 0.1659 0.2019 0.045 0.0215
