4 0.6034 0.6082 0.0693 0.0821
4 0.601 0.5409 0.05 0.0586
4 0.2885 0.6827 0.1157 0.0929
4 0.3462 0.5938 0.085 0.0743
4 0.399 0.5312 0.0729 0.0636
4 0.4447 0.4952 0.0571 0.0436
4 0.6731 0.399 0.0279 0.0164
4 0.6923 0.4712 0.0807 0.0336
4 0.6971 0.4639 0.0843 0.025
4 0.7308 0.4375 0.0729 0.0264
4 0.7356 0.4351 0.0679 0.0271
4 0.7596 0.4231 0.0536 0.0221
4 0.7764 0.4183 0.0464 0.0257
4 0.7909 0.4087 0.0414 0.0193
4 0.7668 0.399 0.0293 0.0221
4 0.7885 0.3918 0.0186 0.0179
4 0.738 0.3846 0.0407 0.0143
4 0.6899 0.3822 0.0293 0.0171
4 0.6562 0.3798 0.0279 0.0157
4 0.8317 0.3774 0.0336 0.0157
