3 0.0361 0.2067 0.0236 0.0171
3 0.0288 0.2716 0.015 0.0221
4 0.0553 0.226 0.0343 0.0479
4 0.0962 0.2236 0.0336 0.055
4 0.0457 0.375 0.0671 0.0457
4 0.1226 0.3798 0.0557 0.0314
4 0.2019 0.3918 0.0693 0.0336
3 0.2692 0.3918 0.02 0.0164
2 0.2668 0.3894 0.0179 0.0157
6 0.3077 0.351 0.095 0.0479
6 0.3918 0.3317 0.0307 0.0693
1 0.387 0.3678 0.0079 0.0171
1 0.3942 0.3798 0.0079 0.0136
1 0.4038 0.3678 0.0093 0.0157
1 0.4159 0.3654 0.0079 0.015
1 0.4423 0.3654 0.0114 0.0164
1 0.4495 0.3606 0.0093 0.015
1 0.4543 0.3678 0.0079 0.0164
2 0.4784 0.3534 0.0114 0.0229
8 0.4615 0.3558 0.0107 0.03
8 0.4567 0.3221 0.0357 0.0264
2 0.4543 0.387 0.0121 0.0171
10 0.4567 0.3894 0.0293 0.0129
1 0.5817 0.3101 0.0093 0.02
1 0.5865 0.3197 0.0093 0.015
6 0.5649 0.3966 0.1314 0.1007
1 0.6418 0.2764 0.0079 0.0207
1 0.7188 0.2885 0.0107 0.0107
1 0.7644 0.2981 0.0121 0.0157
5 0.7596 0.2668 0.0636 0.0364
1 0.9207 0.238 0.0186 0.0171
1 0.8918 0.2476 0.0171 0.0164
1 0.8197 0.2764 0.0107 0.0179
1 0.8341 0.2837 0.0136 0.0164
4 0.863 0.3438 0.0664 0.0357
6 0.9255 0.4279 0.1107 0.06
10 0.8365 0.387 0.0257 0.015
2 0.8365 0.3918 0.01 0.0164
2 0.8173 0.4231 0.0129 0.0121
6 0.7716 0.4471 0.0536 0.0793
2 0.7188 0.4375 0.0143 0.0107
7 0.7236 0.3846 0.0486 0.0336
8 0.6635 0.4519 0.0243 0.0343
1 0.6659 0.4736 0.0114 0.015
2 0.649 0.5745 0.0129 0.0114
1 0.6226 0.601 0.0093 0.0143
1 0.6322 0.5962 0.01 0.0079
4 0.5048 0.5481 0.0464 0.07
5 0.5457 0.5769 0.045 0.0593
6 0.5745 0.6635 0.0414 0.0921
6 0.3245 0.4832 0.09 0.0907
6 0.25 0.4952 0.0786 0.0464
6 0.0841 0.476 0.12 0.0586
3 0.0481 0.5697 0.0314 0.0136
1 0.0673 0.5697 0.0193 0.0114
11 0.0817 0.5721 0.015 0.0086
2 0.0625 0.5913 0.0114 0.0114
8 0.1683 0.476 0.0221 0.025
1 0.1995 0.5553 0.0171 0.0114
3 0.1971 0.5745 0.0121 0.0264
1 0.3389 0.5385 0.0136 0.0136
2 0.3173 0.5913 0.0121 0.0093
2 0.399 0.5841 0.0114 0.0136
10 0.399 0.5865 0.0107 0.0286
2 0.3053 0.7572 0.0121 0.0093
1 0.3005 0.7909 0.0164 0.0107
1 0.387 0.7668 0.0121 0.0121
4 0.488 0.7548 0.04 0.0971
4 0.5457 0.7596 0.0407 0.09
4 0.6082 0.8462 0.0464 0.0579
