4 0.2716 0.6707 0.055 0.0979
4 0.2716 0.5625 0.0507 0.09
4 0.3005 0.4688 0.0507 0.0836
4 0.4038 0.4399 0.0414 0.0714
4 0.3942 0.2043 0.03 0.045
4 0.3654 0.2019 0.0307 0.0436
4 0.3462 0.3125 0.0371 0.0579
4 0.6418 0.3798 0.0357 0.06
5 0.5288 0.2861 0.025 0.0443
4 0.5312 0.238 0.0279 0.0429
2 0.4279 0.2019 0.0086 0.0193
10 0.4303 0.2091 0.0079 0.0214
1 0.375 0.25 0.0121 0.025
1 0.3582 0.2308 0.0086 0.0214
3 0.3846 0.25 0.0171 0.0236
3 0.3726 0.2308 0.0221 0.0207
1 0.3486 0.1514 0.0086 0.0243
2 0.3438 0.1731 0.01 0.0171
2 0.4928 0.4688 0.0114 0.0236
3 0.4928 0.476 0.01 0.0293
10 0.6851 0.4688 0.0286 0.02
10 0.6562 0.351 0.0286 0.0171
10 0.6538 0.3438 0.0279 0.0193
1 0.5769 0.2837 0.0107 0.0243
6 0.5337 0.1899 0.0257 0.055
5 0.5409 0.1538 0.0243 0.0307
4 0.7308 0.8438 0.125 0.065
4 0.7308 0.7692 0.1343 0.0721
4 0.5288 0.774 0.0486 0.1186
5 0.5264 0.6442 0.0407 0.08
10 0.738 0.6659 0.0407 0.0286
10 0.7043 0.649 0.0379 0.02
