1 0.1683 0.6923 0.0064 0.0121
10 0.2404 0.6106 0.0121 0.0079
4 0.3413 0.6707 0.025 0.0286
4 0.899 0.7428 0.0264 0.0371
4 0.9279 0.6587 0.0257 0.0336
4 0.9327 0.5721 0.0214 0.0243
4 0.8942 0.5649 0.02 0.0236
11 0.988 0.7019 0.0257 0.0271
4 0.9423 0.4663 0.0143 0.0164
9 0.9231 0.4423 0.0257 0.0357
4 0.976 0.3438 0.0157 0.0107
5 0.9351 0.351 0.0157 0.0129
4 0.8293 0.3678 0.0271 0.0129
10 0.9279 0.3341 0.0057 0.005
2 0.9279 0.3341 0.0043 0.005
2 0.899 0.3389 0.0043 0.005
10 0.8966 0.3389 0.005 0.0043
9 0.9279 0.2788 0.0379 0.02
0 0.8654 0.2909 0.0079 0.0071
0 0.8534 0.2933 0.0121 0.0086
0 0.8534 0.2933 0.0057 0.005
0 0.8341 0.2957 0.005 0.0057
0 0.8269 0.2981 0.0086 0.0057
0 0.8197 0.2981 0.0036 0.0036
0 0.8125 0.2981 0.0036 0.0057
4 0.8942 0.4351 0.0136 0.02
4 0.8726 0.4279 0.0179 0.02
4 0.7067 0.399 0.0193 0.0129
5 0.8173 0.4639 0.0186 0.0221
4 0.774 0.5938 0.0164 0.025
4 0.7284 0.6202 0.0179 0.0257
5 0.7163 0.5385 0.0179 0.0229
5 0.5673 0.6226 0.0164 0.0264
6 0.6082 0.5601 0.0214 0.035
9 0.6611 0.387 0.0407 0.0429
4 0.5385 0.3462 0.0093 0.0114
4 0.4928 0.4135 0.015 0.0114
9 0.5144 0.2981 0.0414 0.0221
4 0.4471 0.2885 0.0157 0.0086
4 0.3966 0.2788 0.0143 0.0079
5 0.7644 0.7644 0.0221 0.0329
10 0.6707 0.7188 0.0093 0.0171
2 0.6731 0.7139 0.0079 0.0129
9 0.6298 0.7356 0.0279 0.0543
9 0.3678 0.6034 0.0407 0.0679
9 0.3413 0.3269 0.0171 0.0164
9 0.3486 0.3389 0.0193 0.025
9 0.3558 0.3606 0.0221 0.0293
9 0.3726 0.3606 0.0243 0.025
9 0.3726 0.3173 0.0464 0.0164
9 0.3774 0.3221 0.0386 0.015
9 0.375 0.3269 0.0457 0.0164
9 0.3846 0.3317 0.045 0.0164
9 0.3942 0.3365 0.0493 0.0179
9 0.4087 0.351 0.0464 0.0193
9 0.4183 0.3534 0.0471 0.0179
9 0.4231 0.3606 0.0479 0.0179
9 0.476 0.3894 0.0414 0.0329
9 0.4255 0.3654 0.0343 0.015
1 0.3486 0.4038 0.0021 0.0064
1 0.3534 0.4038 0.0029 0.0086
1 0.3702 0.4062 0.0036 0.0079
0 0.3918 0.4255 0.0057 0.0079
0 0.375 0.4279 0.0129 0.0071
0 0.4327 0.4183 0.0029 0.0071
1 0.3486 0.5312 0.005 0.0121
1 0.3534 0.5288 0.0036 0.0093
1 0.3341 0.6178 0.0043 0.0121
4 0.387 0.5625 0.0164 0.0193
4 0.3894 0.5312 0.015 0.0186
4 0.3918 0.4688 0.0121 0.0157
4 0.399 0.4856 0.0121 0.0171
5 0.3966 0.5048 0.0129 0.0186
5 0.2356 0.3702 0.0157 0.0064
5 0.2019 0.3966 0.0114 0.0121
4 0.1971 0.4062 0.0107 0.0107
5 0.226 0.4062 0.01 0.015
