4 0.4808 0.476 0.064 0.1
4 0.3438 0.3582 0.0535 0.0635
5 0.4543 0.3606 0.0465 0.071
4 0.4231 0.3317 0.0655 0.0345
5 0.4183 0.2885 0.025 0.0405
5 0.7764 0.3413 0.0795 0.0575
5 0.9207 0.3221 0.0875 0.0505
5 0.9399 0.3125 0.0785 0.0515
5 0.8966 0.2957 0.0655 0.037
4 0.2043 0.2428 0.029 0.0185
4 0.2188 0.2332 0.0275 0.021
4 0.2356 0.2236 0.024 0.016
4 0.25 0.2115 0.022 0.0185
5 0.2596 0.2043 0.017 0.017
5 0.1659 0.2284 0.024 0.0225
4 0.1659 0.2524 0.045 0.0215
4 0.1562 0.2404 0.0285 0.018
4 0.2692 0.1995 0.018 0.013
4 0.2332 0.2548 0.0235 0.0275
4 0.2764 0.1947 0.0165 0.0145
4 0.2837 0.1899 0.015 0.0115
5 0.2981 0.2188 0.021 0.018
5 0.274 0.2356 0.0235 0.0195
4 0.25 0.2716 0.044 0.0275
5 0.2596 0.2909 0.046 0.0335
1 0.2284 0.2957 0.007 0.016
1 0.2236 0.2909 0.0105 0.025
1 0.1971 0.2957 0.012 0.023
1 0.3245 0.3053 0.011 0.0255
1 0.3413 0.2957 0.011 0.0255
1 0.351 0.2981 0.0095 0.0205
1 0.2356 0.3269 0.0185 0.0215
2 0.2332 0.3389 0.015 0.0225
1 0.4976 0.3365 0.0115 0.033
1 0.4639 0.3077 0.011 0.0295
1 0.375 0.3053 0.01 0.026
1 0.3726 0.3702 0.012 0.0405
1 0.3846 0.2981 0.0115 0.0265
1 0.363 0.2764 0.007 0.023
1 0.3678 0.2764 0.0055 0.019
1 0.3702 0.2716 0.007 0.023
10 0.3702 0.3053 0.026 0.015
2 0.387 0.2692 0.0095 0.016
2 0.3966 0.2692 0.0095 0.013
1 0.4062 0.3005 0.0075 0.029
1 0.3822 0.3654 0.0115 0.036
1 0.3942 0.3678 0.01 0.0265
1 0.4014 0.363 0.0135 0.0355
1 0.4159 0.3582 0.011 0.036
1 0.4327 0.3101 0.008 0.021
1 0.4351 0.2957 0.0085 0.0235
1 0.4423 0.3053 0.008 0.025
1 0.4495 0.3101 0.009 0.027
1 0.4615 0.2933 0.0105 0.025
2 0.4447 0.3005 0.008 0.018
1 0.4784 0.3053 0.0105 0.0255
10 0.4808 0.3101 0.027 0.018
2 0.4808 0.2981 0.01 0.0165
1 0.5168 0.3413 0.01 0.0345
1 0.5048 0.2933 0.0095 0.021
1 0.5072 0.2981 0.0095 0.0165
1 0.5409 0.2957 0.0085 0.0215
1 0.5649 0.2933 0.007 0.023
1 0.5577 0.2957 0.0085 0.0205
1 0.5216 0.2933 0.0055 0.0225
1 0.5192 0.2933 0.007 0.0205
1 0.5168 0.3005 0.0065 0.0255
1 0.3005 0.4279 0.013 0.04
10 0.3317 0.4279 0.03 0.0305
1 0.3341 0.4207 0.0175 0.041
1 0.3894 0.5264 0.028 0.054
1 0.4327 0.4976 0.018 0.05
1 0.4447 0.5553 0.021 0.0455
1 0.5793 0.4928 0.021 0.0465
1 0.2909 0.5745 0.0255 0.05
1 0.3077 0.8293 0.0395 0.0805
1 0.4712 0.8029 0.0445 0.051
10 0.4688 0.8173 0.0425 0.1065
10 0.5216 0.6587 0.067 0.0565
1 0.5745 0.5721 0.0345 0.0505
1 0.5962 0.5649 0.016 0.037
3 0.5745 0.5841 0.057 0.043
1 0.6202 0.5457 0.029 0.057
10 0.6202 0.5505 0.056 0.0375
1 0.5288 0.4663 0.0255 0.046
10 0.5288 0.4736 0.025 0.0425
1 0.5361 0.4423 0.0155 0.048
1 0.5962 0.4832 0.021 0.046
1 0.7163 0.476 0.0195 0.042
1 0.7452 0.4736 0.0255 0.0485
1 0.7788 0.4976 0.0185 0.0465
1 0.7909 0.5168 0.017 0.041
1 0.7644 0.5096 0.0135 0.0215
1 0.7212 0.2812 0.0065 0.021
1 0.738 0.2861 0.008 0.017
1 0.7476 0.2861 0.0075 0.0175
1 0.7788 0.2812 0.0125 0.0245
5 0.649 0.3438 0.087 0.0405
3 0.8462 0.2476 0.0205 0.014
1 0.8606 0.2668 0.0105 0.026
1 0.9591 0.2692 0.0105 0.025
1 0.9279 0.274 0.015 0.0265
1 0.9062 0.274 0.0115 0.025
1 0.8365 0.2812 0.012 0.0225
1 0.8438 0.2837 0.01 0.0225
1 0.8365 0.2812 0.012 0.0225
1 0.8438 0.274 0.011 0.0195
2 0.8822 0.2764 0.0135 0.017
7 0.8774 0.2788 0.026 0.021
5 0.9014 0.262 0.06 0.0325
2 0.9135 0.274 0.012 0.0155
10 0.8173 0.25 0.016 0.017
2 0.8197 0.2452 0.0105 0.0185
2 0.863 0.3341 0.011 0.021
5 0.5337 0.2837 0.036 0.035
5 0.5216 0.2668 0.0295 0.0335
5 0.5216 0.2644 0.0295 0.0335
6 0.4784 0.262 0.0825 0.033
10 0.476 0.25 0.0105 0.0195
1 0.2933 0.3462 0.0165 0.032
1 0.2668 0.4327 0.0215 0.035
1 0.2572 0.4399 0.021 0.043
1 0.2572 0.4736 0.03 0.038
1 0.25 0.5625 0.0265 0.0565
1 0.1466 0.5889 0.0365 0.054
1 0.0553 0.6562 0.063 0.061
1 0.1514 0.7332 0.048 0.0565
1 0.1971 0.6154 0.035 0.0465
10 0.2067 0.6226 0.0675 0.043
10 0.0721 0.5938 0.0605 0.036
1 0.0673 0.5841 0.0335 0.046
10 0.1226 0.8005 0.1085 0.0765
1 0.1178 0.8005 0.06 0.071
4 0.5577 0.1562 0.018 0.0075
4 0.5505 0.1538 0.018 0.0075
4 0.4808 0.1635 0.0175 0.0075
4 0.5096 0.1635 0.0215 0.007
4 0.5433 0.1514 0.016 0.008
4 0.5361 0.149 0.016 0.0075
4 0.5409 0.1514 0.016 0.008
6 0.5288 0.1466 0.0185 0.0095
6 0.524 0.1442 0.0215 0.009
4 0.5096 0.1466 0.0075 0.0055
4 0.4784 0.1611 0.018 0.0085
4 0.4712 0.1587 0.015 0.007
4 0.4688 0.1562 0.015 0.007
4 0.4663 0.1514 0.016 0.0075
4 0.4639 0.1514 0.0165 0.0075
4 0.4615 0.149 0.016 0.0075
4 0.4207 0.1683 0.0195 0.0085
6 0.4976 0.1514 0.0235 0.01
6 0.5 0.1562 0.023 0.0125
5 0.488 0.1514 0.0195 0.008
5 0.4808 0.1466 0.0195 0.008
1 0.1803 0.5673 0.045 0.053
1 0.1418 0.5769 0.0345 0.0445
10 0.8654 0.3462 0.0375 0.028
