10 0.488 0.7764 0.0086 0.0107
4 0.5024 0.7668 0.0214 0.0286
4 0.5216 0.7476 0.02 0.0393
5 0.5361 0.726 0.0179 0.0357
5 0.5505 0.6995 0.0214 0.0407
5 0.5649 0.6731 0.0214 0.0364
5 0.5793 0.6514 0.0229 0.0364
11 0.5962 0.6298 0.0214 0.0271
6 0.6274 0.7043 0.0621 0.0814
1 0.7524 0.5745 0.0064 0.01
4 0.7212 0.5913 0.02 0.0286
4 0.6755 0.6058 0.0243 0.03
5 0.6562 0.5889 0.0271 0.0307
5 0.6394 0.5745 0.0279 0.0314
6 0.9784 0.262 0.0236 0.0393
6 0.7332 0.4639 0.0279 0.0343
4 0.7091 0.4495 0.0236 0.0243
11 0.6827 0.4375 0.0193 0.025
9 0.7139 0.3317 0.0593 0.0657
5 0.7043 0.2428 0.0207 0.025
5 0.6562 0.3438 0.0236 0.03
5 0.5817 0.5 0.0229 0.0314
10 0.5433 0.5264 0.0079 0.0129
2 0.5433 0.5264 0.005 0.01
5 0.4399 0.2356 0.0164 0.0207
4 0.5216 0.3149 0.0186 0.0221
5 0.4856 0.3389 0.0164 0.0221
5 0.5409 0.3438 0.0179 0.0286
4 0.5337 0.4087 0.0179 0.0264
5 0.5529 0.4423 0.0186 0.0279
4 0.5505 0.476 0.0214 0.03
4 0.5264 0.5144 0.0221 0.0307
9 0.5216 0.5601 0.0314 0.0464
4 0.4904 0.613 0.0186 0.0357
4 0.4639 0.5841 0.0221 0.0336
4 0.4639 0.6274 0.02 0.0364
6 0.4543 0.6947 0.0507 0.0914
5 0.4447 0.5793 0.0207 0.0293
4 0.4255 0.6322 0.0236 0.0379
5 0.4279 0.6755 0.0236 0.0357
6 0.3918 0.75 0.0286 0.0486
4 0.399 0.7043 0.0221 0.0357
4 0.3149 0.7067 0.0257 0.0386
4 0.351 0.6659 0.0243 0.0357
5 0.3389 0.613 0.0229 0.0336
5 0.3317 0.5409 0.0193 0.0293
5 0.2236 0.2308 0.0129 0.02
4 0.2163 0.262 0.0136 0.0221
1 0.1827 0.3053 0.005 0.0079
1 0.1755 0.3101 0.0057 0.0093
1 0.0577 0.3438 0.0064 0.0057
1 0.0601 0.3798 0.0079 0.0079
1 0.0577 0.3798 0.0064 0.0064
10 0.0793 0.3798 0.0114 0.0079
10 0.1803 0.2909 0.0036 0.0079
4 0.2091 0.3053 0.0157 0.0207
4 0.1995 0.3438 0.0157 0.0229
4 0.1875 0.3798 0.0186 0.025
4 0.1803 0.4135 0.0179 0.0264
5 0.1635 0.4519 0.025 0.0293
1 0.0889 0.3918 0.0079 0.0079
1 0.1226 0.4135 0.0064 0.0086
1 0.137 0.4183 0.0064 0.0093
4 0.1418 0.5144 0.0243 0.0271
1 0.0889 0.5673 0.0079 0.0064
4 0.1226 0.5529 0.0257 0.0307
4 0.0962 0.6082 0.0271 0.0336
5 0.0625 0.6683 0.0343 0.0371
5 0.0264 0.7356 0.0386 0.0421
2 0.8654 0.4423 0.0057 0.0079
1 0.0312 0.2572 0.0071 0.0107
1 0.0072 0.262 0.0071 0.0086
1 0.8678 0.4399 0.0064 0.0057
1 0.8726 0.4351 0.0071 0.0086
