1 0.2356 0.1562 0.017 0.019
1 0.2909 0.1346 0.0125 0.0165
4 0.4279 0.1899 0.041 0.067
4 0.4327 0.2644 0.0285 0.0625
5 0.4351 0.3293 0.0235 0.049
5 0.4375 0.399 0.0295 0.0595
4 0.4447 0.4832 0.0305 0.0625
4 0.4495 0.5601 0.026 0.06
4 0.4543 0.6442 0.027 0.0615
4 0.4615 0.7163 0.028 0.0635
4 0.4663 0.8029 0.029 0.07
4 0.4688 0.8606 0.025 0.029
4 0.5096 0.149 0.028 0.045
4 0.5481 0.149 0.0275 0.047
4 0.5337 0.3293 0.029 0.065
4 0.5337 0.4928 0.0275 0.061
10 0.4688 0.4952 0.009 0.0225
2 0.4688 0.4928 0.009 0.0105
4 0.5409 0.5721 0.0285 0.061
4 0.5457 0.6538 0.027 0.066
5 0.5529 0.7332 0.027 0.0605
5 0.5601 0.7981 0.0265 0.0535
4 0.5601 0.8606 0.0265 0.03
10 0.5192 0.6755 0.0085 0.0255
2 0.5192 0.6755 0.008 0.0115
2 0.5192 0.6827 0.0065 0.0095
1 0.6659 0.3726 0.011 0.008
2 0.9447 0.2115 0.0145 0.0075
1 0.9591 0.1971 0.019 0.0135
1 0.988 0.226 0.0225 0.012
1 0.899 0.3053 0.018 0.0095
1 0.976 0.3317 0.014 0.006
1 0.9784 0.3365 0.017 0.0095
1 0.9495 0.363 0.021 0.0095
1 0.9663 0.3606 0.019 0.0085
2 0.988 0.3798 0.0105 0.0065
2 0.9423 0.3558 0.008 0.0045
1 0.9303 0.4832 0.0175 0.007
1 0.9423 0.4832 0.0165 0.009
5 0.7885 0.4327 0.0525 0.0465
1 0.7692 0.3822 0.013 0.009
1 0.7837 0.3654 0.0085 0.006
4 0.6947 0.6851 0.067 0.032
1 0.8365 0.5913 0.0195 0.008
