4 0.3534 0.2236 0.0286 0.0336
4 0.3245 0.2692 0.0279 0.0393
4 0.2957 0.3101 0.035 0.0393
4 0.3702 0.1851 0.0271 0.0321
1 0.2019 0.3245 0.0043 0.0107
1 0.1971 0.3293 0.0043 0.01
1 0.1923 0.3341 0.005 0.01
1 0.2885 0.3846 0.0079 0.0193
1 0.3678 0.3317 0.0064 0.015
4 0.2115 0.4471 0.0486 0.0464
5 0.1779 0.4784 0.0429 0.05
1 0.1418 0.5337 0.015 0.0221
10 0.0962 0.5433 0.0279 0.02
10 0.0288 0.6298 0.0236 0.0221
10 0.012 0.6683 0.0193 0.0164
4 0.1322 0.8582 0.0907 0.0357
4 0.1611 0.8173 0.0893 0.045
4 0.1827 0.7668 0.0879 0.05
4 0.2043 0.7188 0.0879 0.06
4 0.2356 0.6731 0.0764 0.0464
4 0.2524 0.6322 0.0729 0.0443
4 0.2644 0.601 0.0643 0.0429
4 0.2861 0.5601 0.0729 0.0471
4 0.3005 0.5288 0.0714 0.0414
4 0.3197 0.4976 0.0679 0.0429
4 0.3413 0.4712 0.0686 0.035
5 0.351 0.4375 0.0586 0.0321
5 0.3678 0.4183 0.0579 0.0314
4 0.3822 0.3918 0.06 0.0264
4 0.3894 0.3678 0.0543 0.0293
4 0.4062 0.3462 0.055 0.0314
4 0.4183 0.3245 0.055 0.0314
4 0.4231 0.3077 0.0514 0.0307
4 0.4279 0.2933 0.0471 0.0236
4 0.4399 0.2764 0.0514 0.0271
4 0.4423 0.2572 0.0443 0.0279
4 0.4471 0.2404 0.0436 0.0264
4 0.4688 0.2115 0.0414 0.0257
4 0.4712 0.1971 0.0364 0.0207
5 0.4784 0.1851 0.0357 0.0229
4 0.5048 0.1538 0.0343 0.0179
4 0.512 0.1418 0.0407 0.0193
4 0.5192 0.1322 0.0329 0.0107
0 0.4183 0.1442 0.0614 0.0336
10 0.4183 0.2067 0.0064 0.0179
2 0.4183 0.1995 0.0064 0.0107
1 0.3894 0.2788 0.0043 0.015
1 0.3798 0.3005 0.0079 0.0157
4 0.5433 0.2476 0.0264 0.0364
4 0.5288 0.2812 0.03 0.04
4 0.5337 0.7163 0.0436 0.0907
4 0.5841 0.7692 0.0471 0.1021
4 0.601 0.6827 0.035 0.0721
4 0.6154 0.5865 0.0371 0.0714
4 0.625 0.5144 0.0364 0.0564
4 0.5577 0.5793 0.0393 0.0786
4 0.5721 0.4736 0.0336 0.055
4 0.5865 0.4014 0.0264 0.0507
4 0.637 0.4399 0.0307 0.05
4 0.6442 0.3822 0.0314 0.0464
4 0.6346 0.3293 0.0443 0.0443
4 0.5962 0.2716 0.0314 0.0329
4 0.5697 0.2572 0.025 0.0379
4 0.5962 0.1875 0.0236 0.0336
4 0.6322 0.2067 0.0271 0.0293
4 0.5769 0.1562 0.0221 0.03
5 0.6178 0.137 0.0193 0.0229
4 0.5841 0.1346 0.0186 0.015
1 0.5962 0.1466 0.0064 0.0157
4 0.6659 0.1346 0.0186 0.0171
4 0.6923 0.137 0.0207 0.0186
4 0.6875 0.1683 0.0229 0.0286
4 0.6803 0.1971 0.0221 0.0293
4 0.6731 0.2332 0.025 0.0307
4 0.6683 0.2668 0.0193 0.0307
4 0.6611 0.2981 0.0257 0.0379
1 0.7572 0.1514 0.0057 0.0157
1 0.762 0.1538 0.0036 0.0157
1 0.7548 0.1298 0.005 0.0079
1 0.7764 0.149 0.0043 0.0136
1 0.7716 0.1851 0.0036 0.015
1 0.7332 0.2668 0.0064 0.0171
1 0.7284 0.3125 0.0064 0.02
1 0.7212 0.3125 0.0064 0.0193
1 0.726 0.2644 0.005 0.015
1 0.7668 0.3726 0.0014 0.0136
1 0.7091 0.6034 0.0064 0.02
1 0.6875 0.649 0.0093 0.0207
1 0.6707 0.6587 0.0107 0.0236
1 0.7115 0.8558 0.0079 0.0214
4 0.7885 0.1394 0.0336 0.0171
1 0.8101 0.137 0.005 0.0143
1 0.8149 0.1587 0.0079 0.015
1 0.7957 0.1587 0.0057 0.0164
1 0.8269 0.1659 0.0029 0.0114
1 0.8341 0.1587 0.0036 0.0121
1 0.8846 0.1827 0.0107 0.015
5 0.7909 0.1827 0.0186 0.0307
4 0.7885 0.2139 0.0193 0.0221
10 0.9375 0.2188 0.0064 0.0157
10 0.9495 0.2212 0.0043 0.0164
10 0.9567 0.2236 0.0057 0.015
10 0.9663 0.226 0.005 0.0136
10 0.9207 0.2163 0.0064 0.0143
10 0.9111 0.2163 0.0086 0.0157
