2 0.5481 0.762 0.0435 0.053
2 0.5481 0.7332 0.035 0.045
2 0.6178 0.6106 0.024 0.057
10 0.5457 0.8101 0.0435 0.0785
10 0.6202 0.6322 0.03 0.043
4 0.4495 0.6154 0.0735 0.113
5 0.3317 0.637 0.084 0.116
10 0.2019 0.5601 0.0475 0.0415
3 0.2909 0.4375 0.0365 0.028
10 0.3173 0.399 0.035 0.0285
4 0.4688 0.4399 0.046 0.053
4 0.4567 0.399 0.046 0.0395
4 0.4615 0.3582 0.0415 0.0365
4 0.4543 0.3029 0.0235 0.0245
4 0.4543 0.2764 0.0215 0.034
2 0.5024 0.3702 0.013 0.028
2 0.4495 0.3293 0.0135 0.025
3 0.4471 0.3365 0.0115 0.0135
3 0.5024 0.3798 0.012 0.024
4 0.4567 0.2476 0.017 0.015
1 0.4351 0.2404 0.0065 0.0145
1 0.4399 0.2236 0.004 0.011
1 0.4423 0.2236 0.004 0.0115
1 0.4471 0.2212 0.0035 0.011
4 0.4543 0.2236 0.012 0.0105
4 0.4591 0.2308 0.013 0.0105
5 0.4471 0.2332 0.0325 0.009
5 0.4495 0.2404 0.0275 0.0135
4 0.5144 0.2236 0.013 0.011
4 0.4832 0.1923 0.0085 0.007
5 0.4736 0.1827 0.006 0.006
4 0.4808 0.1827 0.005 0.005
5 0.4591 0.1779 0.005 0.0065
2 0.4663 0.1779 0.0035 0.006
10 0.4663 0.1803 0.0035 0.0025
4 0.5048 0.1755 0.0055 0.0045
4 0.524 0.1899 0.007 0.0085
6 0.5312 0.1923 0.0085 0.013
6 0.5601 0.2043 0.0135 0.0125
4 0.4375 0.1995 0.011 0.0225
4 0.4519 0.1755 0.0045 0.0055
6 0.4688 0.1731 0.0075 0.008
4 0.4784 0.1779 0.004 0.003
4 0.4736 0.1731 0.004 0.0065
0 0.476 0.1659 0.0065 0.007
6 0.4567 0.1707 0.0055 0.006
0 0.5168 0.1755 0.0025 0.0065
4 0.9279 0.3534 0.0635 0.03
4 0.8774 0.3293 0.051 0.025
4 0.8173 0.3269 0.0445 0.0275
4 0.7933 0.3053 0.0395 0.021
4 0.8389 0.3125 0.0425 0.0195
10 0.8582 0.3029 0.022 0.019
4 0.8053 0.2957 0.043 0.0215
4 0.7548 0.2788 0.0305 0.0185
4 0.7692 0.2861 0.022 0.019
0 0.7861 0.2764 0.0215 0.016
4 0.7188 0.2644 0.0285 0.018
4 0.5721 0.1995 0.0085 0.009
1 0.5817 0.2019 0.003 0.009
4 0.5841 0.2212 0.0085 0.014
4 0.6058 0.2139 0.021 0.01
4 0.6346 0.2284 0.028 0.016
4 0.6562 0.2332 0.02 0.011
4 0.6755 0.238 0.038 0.0165
