0 0.5216 0.5216 0.0445 0.0285
5 0.2332 0.8413 0.091 0.069
4 0.2957 0.7861 0.074 0.081
1 0.3221 0.8005 0.0135 0.0445
4 0.3726 0.8462 0.0695 0.0615
4 0.4543 0.8389 0.0615 0.0735
4 0.6827 0.8654 0.146 0.024
4 0.4591 0.5385 0.0105 0.007
5 0.4663 0.5385 0.009 0.007
4 0.4784 0.5385 0.0095 0.0065
4 0.5048 0.5361 0.007 0.005
5 0.5288 0.5385 0.008 0.007
2 0.5192 0.5385 0.003 0.0055
2 0.5216 0.5385 0.003 0.004
10 0.5192 0.5409 0.002 0.004
4 0.5072 0.5529 0.02 0.008
4 0.5409 0.5553 0.0105 0.008
4 0.4784 0.5529 0.0175 0.009
5 0.4808 0.5577 0.0105 0.011
4 0.5433 0.5577 0.01 0.008
4 0.5433 0.5649 0.01 0.0075
4 0.476 0.5625 0.012 0.0105
4 0.4736 0.5673 0.012 0.013
4 0.5433 0.5673 0.01 0.0095
5 0.5433 0.5721 0.0105 0.0125
4 0.4663 0.5721 0.0145 0.014
4 0.4591 0.5841 0.016 0.014
4 0.5553 0.5769 0.0235 0.0105
4 0.5625 0.5769 0.022 0.008
4 0.5673 0.5793 0.0305 0.0095
4 0.5673 0.5841 0.029 0.01
4 0.5673 0.5889 0.0355 0.0085
4 0.5673 0.5913 0.0335 0.01
4 0.5697 0.5962 0.037 0.012
4 0.5697 0.6034 0.0395 0.0145
4 0.4375 0.5962 0.0215 0.016
4 0.4904 0.5865 0.014 0.0145
4 0.5072 0.5889 0.0155 0.014
5 0.5096 0.5817 0.012 0.012
4 0.4952 0.5962 0.017 0.013
2 0.4663 0.5962 0.0055 0.012
3 0.4663 0.601 0.006 0.0095
6 0.4303 0.5817 0.0395 0.022
1 0.4495 0.613 0.0055 0.0155
4 0.4856 0.6154 0.019 0.019
4 0.4952 0.6274 0.018 0.019
4 0.4207 0.6178 0.024 0.021
4 0.5817 0.6226 0.0475 0.0175
4 0.5769 0.6274 0.047 0.0185
4 0.5841 0.637 0.054 0.019
4 0.5938 0.6442 0.058 0.021
4 0.5553 0.6683 0.027 0.031
4 0.4111 0.6322 0.025 0.0215
4 0.4087 0.649 0.029 0.0285
4 0.387 0.6659 0.0335 0.035
4 0.3678 0.6947 0.0405 0.0385
1 0.3389 0.637 0.0055 0.015
4 0.3221 0.6442 0.032 0.021
4 0.4856 0.6755 0.0285 0.0335
4 0.3413 0.7308 0.055 0.0495
1 0.4111 0.7548 0.0135 0.036
4 0.4736 0.7404 0.035 0.044
4 0.5793 0.7548 0.048 0.0505
4 0.6635 0.8029 0.115 0.058
