6 0.6923 0.5889 0.1214 0.1607
4 0.3221 0.7091 0.0793 0.1336
4 0.3486 0.5721 0.07 0.0936
4 0.3678 0.4832 0.0579 0.0879
4 0.5962 0.3702 0.0421 0.0443
4 0.5457 0.2692 0.0343 0.0364
4 0.5144 0.2236 0.0286 0.0257
4 0.4832 0.1827 0.0236 0.0207
5 0.3918 0.3269 0.0364 0.0493
4 0.3966 0.2644 0.0307 0.0329
4 0.3942 0.2452 0.0186 0.0264
4 0.3822 0.2332 0.0293 0.0214
4 0.3245 0.1995 0.04 0.0179
4 0.3486 0.1635 0.0157 0.0186
4 0.3774 0.1683 0.0186 0.0171
4 0.375 0.1562 0.0171 0.0107
4 0.3702 0.1514 0.0136 0.0114
4 0.3654 0.1442 0.0136 0.0121
5 0.476 0.1731 0.0186 0.0221
4 0.4639 0.1659 0.0186 0.0186
