4 0.5 0.7452 0.0657 0.0943
4 0.3101 0.8053 0.08 0.1107
5 0.2957 0.5673 0.0836 0.0486
4 0.2981 0.5361 0.0736 0.0421
4 0.3005 0.4808 0.0757 0.0543
4 0.3389 0.4495 0.075 0.0579
4 0.3654 0.4014 0.0714 0.0457
4 0.3774 0.3774 0.075 0.0486
4 0.4519 0.4663 0.0579 0.0629
5 0.4952 0.4688 0.055 0.0757
4 0.4423 0.2572 0.0486 0.0507
4 0.4784 0.2139 0.0429 0.0421
0 0.4928 0.3101 0.0836 0.1057
4 0.6178 0.4567 0.0571 0.0814
10 0.8846 0.762 0.0493 0.0221
2 0.8894 0.762 0.0207 0.0171
10 0.9255 0.7548 0.0321 0.04
4 0.8822 0.6923 0.0929 0.0664
10 0.9183 0.6683 0.0407 0.015
5 0.8942 0.6298 0.1014 0.0479
1 0.9712 0.5577 0.0221 0.0229
1 0.9856 0.5601 0.0186 0.0214
1 0.9832 0.4639 0.0207 0.0221
1 0.988 0.351 0.0207 0.0257
6 0.9111 0.4255 0.1086 0.0836
4 0.9279 0.399 0.0743 0.0507
5 0.9351 0.3702 0.055 0.0443
4 0.9399 0.3486 0.0671 0.0414
4 0.9375 0.3245 0.0764 0.0429
4 0.9495 0.2788 0.0736 0.0386
4 0.9567 0.2572 0.0671 0.0371
5 0.9543 0.2308 0.0486 0.035
4 0.9591 0.2139 0.055 0.0336
5 0.9615 0.1947 0.05 0.0357
4 0.9663 0.1803 0.0621 0.0336
4 0.1923 0.6875 0.1 0.0643
4 0.1947 0.6322 0.095 0.0679
