5 0.524 0.7163 0.0379 0.0479
9 0.5721 0.7163 0.1036 0.13
4 0.601 0.5865 0.0386 0.0543
4 0.738 0.6394 0.0429 0.0636
4 0.7716 0.5841 0.0557 0.055
6 0.8365 0.5216 0.085 0.0979
6 0.9375 0.4736 0.1279 0.1386
6 0.9207 0.4183 0.1286 0.1229
6 0.8918 0.3798 0.0979 0.1071
4 0.9639 0.2572 0.0564 0.0471
4 0.9808 0.2356 0.0414 0.0336
5 0.8606 0.2332 0.0357 0.0271
5 0.8125 0.238 0.0364 0.0343
4 0.7524 0.3293 0.0443 0.0557
4 0.7812 0.3534 0.0514 0.06
4 0.7188 0.4688 0.0486 0.0607
4 0.6779 0.4567 0.0407 0.055
5 0.4255 0.5649 0.0407 0.0543
