1 0.0312 0.3918 0.015 0.0179
1 0.1394 0.3462 0.0157 0.0207
1 0.1875 0.4255 0.0179 0.0207
1 0.2043 0.4207 0.0136 0.0193
3 0.0385 0.3966 0.0121 0.0214
3 0.2981 0.7764 0.0236 0.0421
1 0.1947 0.6418 0.0207 0.0214
1 0.3726 0.762 0.0236 0.0279
1 0.3678 0.7548 0.015 0.0229
1 0.3846 0.7644 0.0221 0.0179
1 0.6274 0.4062 0.0114 0.0207
0 0.5913 0.4255 0.0271 0.0307
1 0.6683 0.4471 0.0143 0.0193
1 0.6707 0.4351 0.0143 0.0214
1 0.7188 0.3798 0.01 0.0207
1 0.7115 0.3774 0.0107 0.0179
1 0.7115 0.3582 0.0057 0.0107
1 0.8341 0.3654 0.0114 0.0179
1 0.8221 0.3173 0.0114 0.0214
1 0.9688 0.3077 0.0186 0.0207
