4 0.1058 0.8413 0.0936 0.0707
4 0.2548 0.6298 0.0936 0.1121
4 0.2812 0.7308 0.09 0.1471
4 0.4423 0.2692 0.0571 0.0343
4 0.5168 0.3149 0.0457 0.0479
4 0.6106 0.2885 0.0479 0.0379
4 0.637 0.2019 0.0257 0.025
4 0.4231 0.2019 0.0457 0.0186
4 0.6659 0.2188 0.0293 0.0257
4 0.7524 0.2212 0.025 0.0257
4 0.726 0.2019 0.0207 0.0243
4 0.6755 0.1899 0.0264 0.0214
4 0.7019 0.1851 0.0271 0.0279
4 0.7524 0.1731 0.0264 0.0243
4 0.7764 0.1923 0.025 0.03
4 0.7933 0.1562 0.0214 0.0214
4 0.7139 0.1418 0.0307 0.0179
4 0.6851 0.1587 0.0279 0.0207
4 0.6611 0.1466 0.0293 0.0229
4 0.3774 0.4495 0.0643 0.065
4 0.2572 0.3221 0.0579 0.04
4 0.2139 0.2885 0.0707 0.035
4 0.1587 0.2308 0.0543 0.03
4 0.3822 0.3077 0.0571 0.0514
4 0.4591 0.3221 0.0436 0.0564
4 0.7596 0.2572 0.0421 0.03
4 0.7861 0.1394 0.0293 0.02
5 0.5986 0.1587 0.0271 0.03
5 0.637 0.2404 0.0293 0.0414
4 0.8486 0.1611 0.0257 0.0193
4 0.0457 0.3534 0.0907 0.0464
4 0.9471 0.8029 0.1093 0.07
4 0.7692 0.8558 0.1579 0.0386
2 0.7019 0.7091 0.0157 0.0193
2 0.7019 0.6875 0.0236 0.0164
2 0.6995 0.6707 0.0214 0.0193
2 0.7043 0.649 0.02 0.0221
2 0.7043 0.637 0.0186 0.0143
2 0.7043 0.6034 0.0236 0.0257
2 0.7043 0.5865 0.0243 0.0264
1 0.6851 0.5986 0.0121 0.035
1 0.6731 0.5962 0.0143 0.0314
1 0.6587 0.6082 0.0129 0.0293
1 0.6466 0.6034 0.0164 0.0343
1 0.6442 0.5769 0.0171 0.0321
1 0.7188 0.4375 0.0157 0.0321
2 0.6875 0.3822 0.0121 0.0293
10 0.6851 0.3798 0.0357 0.0171
1 0.9111 0.1683 0.0043 0.0143
2 0.887 0.1635 0.0057 0.0086
3 0.887 0.1683 0.0107 0.0064
1 0.8702 0.1683 0.01 0.0121
2 0.8293 0.1514 0.0057 0.0136
2 0.8245 0.1418 0.0057 0.0114
10 0.8293 0.1562 0.0093 0.0093
10 0.8245 0.1442 0.01 0.0093
10 0.5769 0.1418 0.0171 0.0093
2 0.5769 0.137 0.0086 0.0136
1 0.4591 0.238 0.0114 0.0229
1 0.3389 0.1971 0.01 0.0243
1 0.3245 0.1995 0.0093 0.0207
1 0.2981 0.2019 0.0086 0.0193
1 0.2188 0.1947 0.0107 0.0214
1 0.2548 0.1731 0.0107 0.0193
1 0.2716 0.1851 0.01 0.0171
1 0.2692 0.1707 0.0064 0.0207
1 0.2837 0.1731 0.0086 0.0193
1 0.2909 0.1731 0.0086 0.0164
1 0.2909 0.1635 0.01 0.0164
2 0.2644 0.1394 0.0079 0.01
10 0.2668 0.1418 0.0129 0.0093
2 0.2716 0.1538 0.0086 0.01
3 0.2716 0.1587 0.0107 0.0093
2 0.2716 0.1587 0.0071 0.01
10 0.2764 0.1659 0.01 0.0129
1 0.3005 0.1851 0.0079 0.02
1 0.2981 0.1851 0.0071 0.02
2 0.274 0.1971 0.01 0.0121
3 0.2764 0.2019 0.0136 0.0121
1 0.1923 0.2284 0.0129 0.0221
1 0.2091 0.2284 0.0136 0.0214
1 0.1923 0.2163 0.0114 0.02
1 0.1995 0.2139 0.0093 0.0186
1 0.2067 0.2115 0.0136 0.0236
1 0.1995 0.2067 0.0129 0.0229
1 0.2236 0.5601 0.025 0.0379
2 0.3606 0.2812 0.0093 0.0157
3 0.3606 0.2861 0.0207 0.015
9 0.5481 0.4736 0.12 0.1964
