4 0.0433 0.2452 0.0143 0.0186
4 0.0385 0.2837 0.0157 0.0186
4 0.1106 0.399 0.0164 0.025
4 0.0745 0.4976 0.0179 0.0286
4 0.0457 0.5361 0.0186 0.0286
4 0.1178 0.6298 0.0179 0.0336
4 0.0553 0.6178 0.0264 0.0321
4 0.0769 0.3822 0.0157 0.0193
9 0.0505 0.3846 0.0321 0.0643
4 0.1731 0.7043 0.02 0.04
4 0.2572 0.5457 0.0157 0.0271
4 0.1587 0.5841 0.0186 0.0343
4 0.2764 0.4495 0.0207 0.02
4 0.3966 0.4615 0.0243 0.0229
4 0.1851 0.3534 0.0186 0.0207
4 0.5144 0.5601 0.0286 0.0236
4 0.8317 0.7668 0.0357 0.0279
4 0.6418 0.762 0.035 0.0314
4 0.1611 0.5216 0.0207 0.03
5 0.1635 0.5505 0.0193 0.0293
5 0.5697 0.6707 0.0336 0.0293
10 0.5144 0.6779 0.0143 0.0136
6 0.1514 0.6226 0.0207 0.0493
4 0.1394 0.6731 0.0286 0.0386
