4 0.3269 0.4255 0.0314 0.0571
4 0.4904 0.3221 0.0243 0.0443
4 0.5264 0.2476 0.0371 0.0314
4 0.4519 0.2404 0.0207 0.0293
4 0.4159 0.2284 0.0279 0.0357
4 0.3894 0.1635 0.025 0.0307
4 0.6106 0.1611 0.0436 0.0214
4 0.8558 0.1418 0.0443 0.0243
4 0.3413 0.25 0.0229 0.0357
4 0.3245 0.1779 0.0243 0.0357
4 0.2188 0.1923 0.0457 0.0307
5 0.3293 0.3101 0.0243 0.0479
4 0.3053 0.226 0.0214 0.035
4 0.3894 0.8029 0.0443 0.0907
9 0.3317 0.6034 0.0593 0.2107
1 0.1611 0.6803 0.02 0.0157
1 0.1538 0.7788 0.0214 0.0157
1 0.1779 0.2596 0.015 0.0193
1 0.1562 0.2596 0.0157 0.015
1 0.1851 0.2212 0.0114 0.0186
1 0.5288 0.3534 0.0114 0.0186
1 0.5433 0.3341 0.01 0.0164
1 0.6154 0.3317 0.0093 0.0207
1 0.1394 0.1659 0.0107 0.0164
1 0.1587 0.1538 0.0107 0.0171
1 0.1971 0.1683 0.0114 0.0179
1 0.2019 0.1683 0.0107 0.02
2 0.2332 0.1683 0.0071 0.0121
2 0.2091 0.1418 0.0086 0.0121
10 0.2115 0.1442 0.0136 0.0129
10 0.2356 0.1731 0.01 0.0121
1 0.1442 0.363 0.0136 0.0129
1 0.1322 0.351 0.0114 0.0157
2 0.1731 0.3558 0.0086 0.0121
1 0.7909 0.7596 0.015 0.0157
1 0.7308 0.5601 0.0186 0.0171
1 0.7236 0.5433 0.0193 0.0157
1 0.7284 0.5553 0.02 0.0164
0 0.6346 0.3654 0.0129 0.0171
2 0.6346 0.3269 0.01 0.0114
2 0.6418 0.3077 0.0086 0.0107
2 0.6442 0.3005 0.0093 0.0121
1 0.5697 0.2139 0.0071 0.0179
1 0.5601 0.2188 0.0064 0.0179
1 0.5601 0.2067 0.0064 0.0171
1 0.5601 0.1971 0.0071 0.0136
1 0.5601 0.1923 0.005 0.0171
1 0.5769 0.1971 0.0079 0.0207
2 0.5986 0.2163 0.0064 0.0136
3 0.601 0.2236 0.01 0.0179
0 0.2163 0.2716 0.0186 0.0257
0 0.4567 0.1779 0.0207 0.0314
9 0.6154 0.137 0.1086 0.0236
4 0.7404 0.1346 0.0536 0.0186
4 0.2837 0.137 0.0214 0.0214
