1 0.5721 0.8486 0.01 0.0135
4 0.6635 0.8365 0.0755 0.047
5 0.6274 0.7957 0.065 0.041
3 0.6466 0.7284 0.023 0.014
10 0.6442 0.7188 0.0235 0.0135
4 0.5865 0.7019 0.057 0.04
4 0.5721 0.6683 0.055 0.0355
4 0.5288 0.5865 0.054 0.032
4 0.5577 0.5337 0.049 0.029
1 0.4543 0.7404 0.0105 0.0155
1 0.4423 0.7332 0.008 0.0175
4 0.1034 0.7332 0.0595 0.0425
4 0.2764 0.601 0.0515 0.033
4 0.0288 0.5938 0.0575 0.0435
6 0.0288 0.5361 0.056 0.065
4 0.1635 0.5264 0.0515 0.037
2 0.0745 0.4832 0.0105 0.0115
1 0.0962 0.4808 0.009 0.0145
1 0.1034 0.4736 0.011 0.0135
2 0.0865 0.4784 0.0105 0.015
4 0.1298 0.4712 0.045 0.03
4 0.2236 0.4471 0.04 0.0265
2 0.25 0.3582 0.0065 0.01
4 0.2837 0.3678 0.029 0.022
1 0.1442 0.3654 0.006 0.0135
1 0.1611 0.2788 0.004 0.0095
1 0.1731 0.2788 0.0045 0.01
1 0.1947 0.2788 0.006 0.009
11 0.1803 0.2812 0.024 0.0335
11 0.2548 0.2957 0.0395 0.032
6 0.274 0.2692 0.016 0.0205
11 0.2909 0.262 0.0455 0.05
4 0.4255 0.5385 0.0475 0.03
4 0.4519 0.5072 0.0455 0.0265
4 0.4856 0.4639 0.041 0.0215
4 0.4928 0.4471 0.041 0.023
4 0.5312 0.4038 0.0395 0.0205
4 0.5481 0.3846 0.0355 0.0215
4 0.5625 0.3582 0.0345 0.0175
4 0.5841 0.3293 0.0305 0.0155
4 0.601 0.3101 0.03 0.016
11 0.4207 0.1851 0.019 0.0215
4 0.3534 0.3894 0.027 0.02
5 0.4135 0.3341 0.0435 0.0375
6 0.4663 0.2981 0.029 0.022
6 0.4159 0.274 0.0615 0.0505
4 0.5312 0.2452 0.0095 0.009
1 0.4591 0.1995 0.0035 0.009
4 0.5048 0.2188 0.0135 0.011
4 0.5096 0.1947 0.017 0.01
1 0.5337 0.1923 0.0025 0.007
1 0.5288 0.1923 0.003 0.0075
2 0.5192 0.1899 0.003 0.0065
3 0.5192 0.1899 0.007 0.005
5 0.524 0.1875 0.0135 0.0095
4 0.6346 0.3894 0.041 0.0235
4 0.637 0.3798 0.0335 0.018
4 0.6538 0.3486 0.034 0.018
4 0.6683 0.2188 0.02 0.0105
5 0.7091 0.25 0.0175 0.0105
4 0.7163 0.2356 0.023 0.0115
4 0.7188 0.2308 0.018 0.0085
5 0.7212 0.2284 0.018 0.01
4 0.7212 0.2236 0.019 0.008
4 0.7308 0.1995 0.021 0.0085
4 0.7332 0.1947 0.018 0.008
4 0.738 0.1899 0.014 0.0075
5 0.6923 0.1875 0.0105 0.0145
4 0.6971 0.1851 0.018 0.0085
1 0.7067 0.1755 0.0035 0.007
5 0.6971 0.1779 0.016 0.0085
4 0.6995 0.1731 0.0145 0.0065
4 0.738 0.1851 0.0195 0.0085
4 0.738 0.1803 0.018 0.006
4 0.7404 0.1755 0.017 0.008
4 0.738 0.1683 0.018 0.0075
4 0.7404 0.1659 0.0115 0.0055
4 0.7404 0.1635 0.0165 0.006
4 0.7043 0.149 0.014 0.0065
4 0.7019 0.1346 0.0145 0.0075
5 0.7019 0.1298 0.0145 0.0075
1 0.7476 0.1442 0.0025 0.0065
5 0.7548 0.1418 0.0135 0.0095
4 0.7356 0.1418 0.012 0.006
4 0.738 0.1418 0.014 0.006
4 0.7332 0.1322 0.012 0.0055
4 0.7332 0.1322 0.014 0.006
4 0.7356 0.1298 0.0135 0.005
5 0.7356 0.1298 0.0115 0.0055
