4 0.3413 0.7356 0.0557 0.1157
4 0.1995 0.6298 0.0536 0.0843
4 0.1298 0.6731 0.0614 0.0936
4 0.524 0.524 0.0557 0.0493
4 0.5697 0.524 0.0543 0.0529
4 0.6346 0.5264 0.0586 0.06
4 0.524 0.4736 0.0493 0.0457
4 0.4591 0.4688 0.0621 0.0386
4 0.4447 0.4327 0.0436 0.0371
4 0.7716 0.7356 0.0979 0.0957
4 0.8053 0.6923 0.0936 0.09
4 0.1683 0.5096 0.0393 0.0543
4 0.2308 0.2885 0.025 0.0271
4 0.2043 0.1803 0.0171 0.0129
4 0.1442 0.1827 0.0143 0.0143
4 0.1322 0.1466 0.0129 0.0121
4 0.2572 0.2139 0.0179 0.015
4 0.3173 0.2981 0.0271 0.0229
5 0.0192 0.4231 0.0364 0.0443
5 0.4014 0.6298 0.0721 0.1029
5 0.6466 0.7332 0.075 0.0836
4 0.7091 0.5096 0.0421 0.0536
4 0.7812 0.5433 0.0593 0.0543
4 0.8918 0.5601 0.07 0.0493
5 0.4543 0.3942 0.0664 0.0364
6 0.4856 0.4255 0.0536 0.0471
6 0.4399 0.3654 0.0479 0.0443
6 0.3678 0.2981 0.0686 0.045
6 0.3365 0.2644 0.0514 0.0343
4 0.1659 0.4615 0.0314 0.0464
4 0.1635 0.4231 0.0357 0.0407
4 0.1514 0.3942 0.0314 0.04
4 0.1442 0.2933 0.0221 0.0243
4 0.1346 0.2764 0.0193 0.0214
1 0.1899 0.3269 0.0093 0.0193
1 0.1827 0.3269 0.0121 0.0207
1 0.1779 0.351 0.0121 0.0179
1 0.5024 0.3606 0.0107 0.0214
1 0.4111 0.3125 0.0136 0.0243
1 0.0769 0.1947 0.0071 0.0114
1 0.0817 0.1707 0.0057 0.0121
1 0.0721 0.2356 0.0086 0.015
4 0.0769 0.1298 0.0107 0.0071
4 0.0745 0.1346 0.0093 0.0093
4 0.0745 0.137 0.01 0.0107
4 0.0721 0.1418 0.01 0.0093
4 0.0721 0.1466 0.0114 0.0093
4 0.0697 0.1514 0.0107 0.0093
4 0.0697 0.1562 0.0121 0.0114
4 0.0697 0.1635 0.0114 0.0093
4 0.0673 0.1659 0.0129 0.01
4 0.0673 0.1731 0.0121 0.01
4 0.0673 0.1803 0.0121 0.0107
4 0.0625 0.1875 0.0136 0.0136
4 0.0625 0.1923 0.0136 0.0121
4 0.0601 0.1995 0.015 0.0143
4 0.0601 0.2067 0.0171 0.0136
4 0.0577 0.2163 0.0171 0.0157
4 0.0577 0.2308 0.0179 0.0171
4 0.0553 0.2404 0.0171 0.0207
4 0.0529 0.2548 0.0186 0.0171
4 0.0505 0.2644 0.0221 0.0214
5 0.0433 0.274 0.0243 0.0257
4 0.0433 0.2933 0.0236 0.0221
5 0.0361 0.3125 0.0279 0.0286
4 0.0361 0.3413 0.0257 0.0229
5 0.0264 0.363 0.03 0.0343
4 0.0264 0.3918 0.0329 0.0286
4 0.0192 0.4663 0.0343 0.0364
4 0.0144 0.5072 0.0257 0.0507
4 0.012 0.5649 0.0236 0.06
4 0.1178 0.601 0.0836 0.0736
4 0.1106 0.5553 0.0729 0.0621
4 0.101 0.512 0.0407 0.0471
4 0.1034 0.4375 0.0379 0.0429
4 0.1034 0.399 0.0343 0.04
4 0.0962 0.3534 0.0357 0.0464
4 0.1058 0.2452 0.0314 0.0243
4 0.1034 0.2308 0.03 0.015
0 0.1058 0.1899 0.0121 0.0607
0 0.1034 0.1442 0.0086 0.0221
4 0.137 0.2596 0.0193 0.0186
4 0.137 0.2476 0.0179 0.0164
4 0.1322 0.238 0.0193 0.0186
4 0.1298 0.2284 0.015 0.0164
4 0.1322 0.2188 0.0171 0.0157
5 0.1298 0.2067 0.0136 0.0157
4 0.125 0.1995 0.0129 0.0143
4 0.125 0.1923 0.0143 0.0129
4 0.125 0.1851 0.0129 0.0129
4 0.1226 0.1803 0.0121 0.0136
4 0.1202 0.1731 0.0121 0.0121
4 0.1226 0.1659 0.0121 0.0114
4 0.1202 0.1635 0.0121 0.0093
4 0.1178 0.1562 0.0107 0.0107
4 0.1178 0.1538 0.0107 0.0114
4 0.1154 0.149 0.0114 0.0107
4 0.1154 0.1442 0.0093 0.0107
4 0.1154 0.1394 0.01 0.0107
4 0.1154 0.1346 0.0093 0.0093
4 0.1154 0.1298 0.01 0.0093
4 0.274 0.2043 0.015 0.0121
4 0.2668 0.1971 0.0129 0.0121
4 0.2596 0.1899 0.0121 0.0121
4 0.2572 0.1827 0.0114 0.01
4 0.25 0.1779 0.0121 0.0107
4 0.2692 0.1755 0.0143 0.0129
4 0.2596 0.1683 0.0136 0.0114
4 0.2452 0.1707 0.0129 0.0121
4 0.238 0.1659 0.01 0.0093
4 0.2356 0.1611 0.01 0.0107
4 0.2284 0.1587 0.01 0.01
4 0.226 0.1514 0.01 0.0093
4 0.2212 0.149 0.01 0.01
4 0.2163 0.1442 0.0093 0.01
4 0.2115 0.137 0.0086 0.0107
4 0.2163 0.1418 0.01 0.01
4 0.2091 0.1322 0.01 0.0079
4 0.2091 0.1322 0.0086 0.01
1 0.2091 0.1466 0.005 0.0114
1 0.2163 0.149 0.005 0.0121
1 0.2885 0.2188 0.005 0.0129
1 0.3894 0.2236 0.0064 0.0136
1 0.3438 0.226 0.0057 0.0136
1 0.3053 0.2188 0.0064 0.0129
1 0.2716 0.2115 0.0043 0.0136
1 0.2788 0.2115 0.0057 0.0136
0 0.2981 0.2019 0.0179 0.0143
0 0.2837 0.1923 0.0093 0.0086
4 0.3077 0.1779 0.015 0.0129
4 0.3005 0.1731 0.0107 0.0121
0 0.2885 0.1611 0.0121 0.0136
0 0.2764 0.137 0.0243 0.0164
5 0.25 0.1562 0.015 0.0136
4 0.2428 0.1514 0.0136 0.01
4 0.238 0.149 0.0136 0.0093
4 0.238 0.1442 0.0129 0.0107
4 0.2308 0.1418 0.0129 0.0093
4 0.2308 0.1394 0.0136 0.0107
4 0.2284 0.137 0.0129 0.01
4 0.226 0.1346 0.0107 0.0093
4 0.2861 0.2668 0.0193 0.0186
4 0.2837 0.2548 0.0193 0.0157
4 0.274 0.2452 0.0193 0.0186
1 0.2837 0.274 0.0071 0.0157
1 0.3029 0.2644 0.0064 0.015
1 0.3029 0.274 0.0071 0.0143
1 0.2981 0.2764 0.005 0.0136
2 0.3654 0.2692 0.0079 0.0107
2 0.3534 0.363 0.0086 0.0129
2 0.387 0.3702 0.0093 0.0193
1 0.4495 0.3341 0.0086 0.0207
10 0.3534 0.3654 0.01 0.0186
10 0.4399 0.3438 0.0179 0.0129
10 0.4471 0.351 0.0207 0.0114
10 0.4495 0.3558 0.0221 0.0136
10 0.4543 0.3582 0.0207 0.0136
3 0.4327 0.3341 0.0164 0.0136
3 0.387 0.375 0.0129 0.0179
4 0.6683 0.5144 0.0536 0.0607
4 0.1779 0.5697 0.0414 0.0464
4 0.9351 0.5865 0.0786 0.0571
4 0.863 0.6851 0.1007 0.0907
4 0.9712 0.6226 0.0586 0.0636
4 0.9447 0.7909 0.1121 0.09
4 0.8774 0.8413 0.1257 0.0679
