5 0.5385 0.7548 0.0786 0.1771
5 0.5793 0.6082 0.0657 0.1186
5 0.2812 0.625 0.1057 0.1243
4 0.1971 0.8197 0.1371 0.1121
4 0.5673 0.4471 0.0529 0.0693
4 0.5601 0.3798 0.0421 0.0564
4 0.4351 0.3269 0.0579 0.0507
4 0.3413 0.5 0.0707 0.0936
4 0.3774 0.4231 0.0586 0.0743
4 0.5938 0.1947 0.0236 0.0221
4 0.5625 0.1923 0.0236 0.0257
4 0.3894 0.1562 0.0229 0.0214
4 0.5601 0.1731 0.0186 0.0186
4 0.5288 0.1707 0.0186 0.0179
4 0.5264 0.1947 0.0221 0.0221
4 0.488 0.1923 0.0221 0.0221
4 0.4567 0.1923 0.0236 0.0243
4 0.5048 0.2356 0.0257 0.0279
4 0.4279 0.2308 0.0314 0.0243
4 0.4688 0.2356 0.025 0.0271
5 0.3918 0.226 0.035 0.0336
6 0.4255 0.1899 0.0307 0.0314
4 0.6274 0.2115 0.05 0.0257
1 0.6154 0.1995 0.0064 0.0179
1 0.6106 0.2909 0.0129 0.0286
1 0.3558 0.2909 0.0093 0.0271
2 0.6274 0.3053 0.015 0.025
3 0.6298 0.3125 0.0314 0.0164
