4 0.5841 0.8173 0.1143 0.1179
5 0.1442 0.8365 0.1443 0.0793
4 0.5312 0.5962 0.0807 0.0564
4 0.4231 0.6659 0.0986 0.0679
4 0.3101 0.7476 0.1143 0.0893
4 0.3582 0.7909 0.1157 0.0971
4 0.5 0.6875 0.0957 0.0764
4 0.5385 0.7476 0.0993 0.0843
1 0.762 0.75 0.0221 0.0286
1 0.8077 0.7019 0.0221 0.0407
1 0.7019 0.6058 0.0236 0.0371
1 0.7212 0.5577 0.0207 0.0364
1 0.6827 0.5048 0.0114 0.0264
1 0.7067 0.476 0.0143 0.0243
1 0.7188 0.4279 0.0114 0.025
1 0.8293 0.4399 0.0129 0.02
1 0.8365 0.4351 0.01 0.0193
1 0.863 0.375 0.01 0.0193
1 0.9111 0.387 0.0193 0.0243
1 0.9231 0.3798 0.0114 0.0179
1 0.9832 0.3822 0.0086 0.0229
1 0.9736 0.3942 0.0121 0.0236
1 0.9712 0.4207 0.0093 0.0193
1 0.9688 0.4111 0.0093 0.0171
1 0.9423 0.3774 0.0129 0.0214
1 0.9856 0.4062 0.0143 0.0236
1 0.9928 0.4231 0.0143 0.0271
1 0.9279 0.375 0.0121 0.0193
4 0.9591 0.262 0.0464 0.0214
4 0.8341 0.2596 0.0364 0.02
4 0.8197 0.2788 0.0357 0.0179
9 0.8125 0.3005 0.1214 0.0479
4 0.7572 0.3077 0.0471 0.025
4 0.7548 0.3365 0.0414 0.0286
4 0.8077 0.3702 0.0357 0.0329
9 0.7764 0.4255 0.0821 0.1129
2 0.7212 0.7356 0.0236 0.0343
3 0.7236 0.75 0.0221 0.035
2 0.3365 0.5553 0.0114 0.0186
2 0.238 0.6587 0.0171 0.0207
10 0.3389 0.5625 0.0229 0.0121
10 0.2356 0.6659 0.0457 0.0143
4 0.3486 0.5048 0.0621 0.0357
4 0.2668 0.5409 0.0907 0.0621
4 0.149 0.601 0.0879 0.0621
4 0.0481 0.6611 0.0929 0.07
1 0.375 0.4688 0.0107 0.0214
1 0.2019 0.3918 0.01 0.0136
1 0.2212 0.4062 0.0121 0.0164
1 0.2115 0.4471 0.01 0.015
1 0.2163 0.4399 0.0086 0.0164
1 0.226 0.4399 0.0121 0.0136
1 0.2308 0.4519 0.0107 0.0143
1 0.2476 0.4519 0.0093 0.0157
1 0.2428 0.4519 0.0079 0.0114
1 0.5385 0.3846 0.0086 0.0171
4 0.5986 0.3966 0.045 0.0321
4 0.6466 0.4014 0.0421 0.0336
1 0.7043 0.3413 0.01 0.02
1 0.6755 0.3293 0.01 0.0157
4 0.6611 0.3365 0.0271 0.0229
1 0.4928 0.4111 0.0114 0.0243
1 0.625 0.3341 0.0064 0.0157
1 0.6274 0.3413 0.0043 0.0171
1 0.6322 0.3413 0.0071 0.0193
2 0.7524 0.3582 0.0086 0.0136
3 0.7548 0.363 0.0157 0.01
10 0.0144 0.3726 0.0107 0.0129
10 0.024 0.3702 0.015 0.0136
1 0.0889 0.3173 0.0079 0.0143
1 0.0913 0.3101 0.0079 0.0107
1 0.0986 0.3173 0.01 0.0164
1 0.1226 0.3173 0.0107 0.0157
4 0.1178 0.351 0.0443 0.02
4 0.149 0.363 0.05 0.0186
4 0.1635 0.3534 0.04 0.0164
4 0.1683 0.3486 0.0343 0.0193
4 0.1755 0.3438 0.0329 0.0157
4 0.1851 0.3365 0.0343 0.0171
4 0.1923 0.3293 0.0393 0.0171
4 0.1923 0.375 0.0521 0.02
4 0.1683 0.3966 0.0607 0.02
4 0.1562 0.4135 0.0636 0.0207
4 0.1418 0.4327 0.0714 0.0293
4 0.2524 0.262 0.0293 0.0179
4 0.2163 0.2692 0.0307 0.0129
4 0.2115 0.2668 0.0307 0.0121
4 0.1971 0.2644 0.0271 0.0114
4 0.1971 0.2644 0.0307 0.0143
4 0.1899 0.2572 0.0271 0.0143
4 0.1779 0.2548 0.025 0.0121
4 0.1707 0.2548 0.0293 0.0136
4 0.1659 0.25 0.0271 0.01
4 0.1514 0.2452 0.0279 0.0129
5 0.1514 0.2404 0.0357 0.0157
4 0.1394 0.2428 0.0214 0.0107
5 0.1346 0.2404 0.025 0.0093
5 0.1995 0.2452 0.0321 0.0136
4 0.1827 0.2404 0.0179 0.0093
4 0.1803 0.238 0.0157 0.0071
4 0.1683 0.2356 0.0257 0.0107
4 0.1587 0.2308 0.0164 0.0093
4 0.2644 0.238 0.0257 0.0129
4 0.2548 0.2332 0.0293 0.0129
4 0.2476 0.2332 0.0279 0.0107
4 0.2404 0.2332 0.0221 0.0093
4 0.2284 0.2284 0.0271 0.0114
4 0.2139 0.226 0.025 0.0143
1 0.1683 0.274 0.0086 0.0136
9 0.3245 0.2524 0.0479 0.025
4 0.3053 0.2452 0.0279 0.0143
4 0.2284 0.3053 0.0271 0.0186
4 0.238 0.2957 0.0257 0.0121
4 0.25 0.2933 0.0271 0.0107
4 0.2524 0.2885 0.0293 0.0107
4 0.2548 0.2812 0.0379 0.0121
0 0.1442 0.1923 0.0593 0.0157
0 0.2212 0.2067 0.0693 0.0286
4 0.262 0.2188 0.0193 0.0129
4 0.2812 0.2163 0.0171 0.0129
4 0.2885 0.2236 0.0193 0.0107
4 0.3005 0.2212 0.0164 0.0129
5 0.3149 0.2188 0.0171 0.0121
4 0.3293 0.226 0.0193 0.0114
4 0.3293 0.2332 0.0243 0.0143
4 0.3726 0.2428 0.0236 0.0121
4 0.375 0.2356 0.0243 0.0143
4 0.399 0.2356 0.0257 0.0129
4 0.4062 0.25 0.0236 0.0157
4 0.4255 0.2476 0.0229 0.0136
4 0.4423 0.238 0.0243 0.0107
4 0.4591 0.262 0.03 0.0164
9 0.4808 0.25 0.055 0.0336
4 0.5024 0.2692 0.0264 0.0143
4 0.524 0.262 0.0207 0.0129
9 0.5793 0.2788 0.0814 0.0379
4 0.6394 0.3053 0.0329 0.0243
4 0.6466 0.2837 0.0321 0.0221
4 0.6635 0.2788 0.0293 0.0193
4 0.7091 0.2812 0.0429 0.0193
4 0.6875 0.238 0.0321 0.0143
4 0.7404 0.2404 0.0486 0.0164
0 0.2452 0.3413 0.045 0.0329
0 0.3005 0.2909 0.045 0.0186
0 0.2764 0.3149 0.0307 0.0143
1 0.3077 0.2812 0.0093 0.0164
1 0.2452 0.3197 0.0057 0.0136
