10 0.2909 0.7019 0.025 0.05
4 0.2909 0.6202 0.1171 0.0971
4 0.3005 0.5096 0.0886 0.065
4 0.2909 0.4399 0.0629 0.0457
4 0.1418 0.3269 0.0793 0.025
4 0.149 0.3606 0.08 0.0321
4 0.0793 0.3894 0.075 0.0357
4 0.2356 0.3654 0.075 0.0307
4 0.2091 0.3918 0.0843 0.0271
4 0.2236 0.4087 0.0807 0.0321
4 0.2716 0.3149 0.065 0.0271
4 0.2812 0.3413 0.0707 0.0264
1 0.3389 0.2404 0.0086 0.02
1 0.3774 0.363 0.01 0.0257
1 0.3654 0.4375 0.015 0.035
1 0.3365 0.3966 0.0143 0.0293
1 0.3197 0.3822 0.0121 0.0271
1 0.3149 0.3918 0.0171 0.0293
1 0.3125 0.3894 0.0164 0.0271
1 0.399 0.5 0.015 0.0314
1 0.4062 0.4904 0.015 0.0329
1 0.4255 0.5144 0.0171 0.0343
3 0.226 0.8486 0.0329 0.0557
4 0.5793 0.8389 0.19 0.0721
4 0.5745 0.762 0.1936 0.1229
4 0.5481 0.6851 0.155 0.0886
4 0.5312 0.6202 0.1286 0.0757
4 0.7067 0.7716 0.1214 0.1636
4 0.7692 0.6851 0.1071 0.1264
4 0.6394 0.6298 0.095 0.1214
4 0.5962 0.5433 0.0771 0.0736
4 0.5048 0.5601 0.1171 0.0686
4 0.4904 0.5192 0.0993 0.0521
4 0.4832 0.4856 0.0886 0.0493
4 0.5625 0.4808 0.0571 0.0586
4 0.4688 0.4591 0.0879 0.0443
4 0.4615 0.4351 0.08 0.0357
4 0.4712 0.4159 0.0693 0.0386
4 0.5433 0.4327 0.0364 0.0479
4 0.6851 0.5264 0.0729 0.0771
4 0.7524 0.5264 0.0836 0.0714
4 0.4688 0.3798 0.01 0.0279
1 0.4087 0.3245 0.0064 0.0214
2 0.4543 0.3389 0.0121 0.0229
4 0.4543 0.3438 0.0236 0.0129
4 0.4135 0.2885 0.0407 0.0243
4 0.4567 0.2572 0.025 0.0243
4 0.4784 0.2428 0.0236 0.0171
4 0.4351 0.2332 0.0243 0.015
4 0.4159 0.2332 0.025 0.0186
4 0.3774 0.2476 0.0279 0.0221
1 0.7188 0.3798 0.01 0.0286
1 0.4976 0.226 0.0064 0.0129
1 0.4928 0.226 0.005 0.0121
1 0.488 0.2236 0.0057 0.0121
1 0.4904 0.2236 0.005 0.0136
1 0.4423 0.2115 0.0057 0.0107
1 0.4375 0.2115 0.005 0.0107
2 0.4255 0.2668 0.0071 0.015
10 0.4255 0.2692 0.0164 0.01
10 0.3942 0.2404 0.0093 0.01
2 0.3942 0.2356 0.0057 0.0136
4 0.3245 0.2067 0.0193 0.0157
4 0.3365 0.1995 0.0214 0.0129
4 0.3245 0.1827 0.02 0.0107
4 0.3053 0.1899 0.0164 0.0121
4 0.3029 0.1779 0.0193 0.0121
4 0.2837 0.1731 0.0186 0.0121
4 0.2933 0.1803 0.0207 0.0107
4 0.4183 0.1995 0.0286 0.0157
1 0.3365 0.262 0.0057 0.0164
11 0.3245 0.3702 0.0593 0.0357
2 0.9712 0.6274 0.0293 0.0343
3 0.9688 0.6394 0.0357 0.0407
4 0.8822 0.5144 0.0936 0.0643
4 0.8125 0.4591 0.0664 0.0436
4 0.8534 0.4207 0.0864 0.0293
4 0.875 0.4447 0.1029 0.0364
4 0.9279 0.476 0.1114 0.0414
4 0.9519 0.5096 0.095 0.0443
1 0.7452 0.3654 0.0107 0.0214
1 0.75 0.363 0.0079 0.02
1 0.7644 0.3846 0.0136 0.0286
4 0.7764 0.3462 0.0657 0.0336
4 0.7428 0.3053 0.0393 0.0214
4 0.8774 0.2812 0.0379 0.02
4 0.9087 0.2764 0.0357 0.02
5 0.6995 0.262 0.0379 0.0214
4 0.7163 0.2716 0.035 0.0193
4 0.738 0.2596 0.0293 0.0171
5 0.7861 0.25 0.0357 0.0221
1 0.6082 0.2668 0.0093 0.0171
1 0.601 0.2668 0.0057 0.0171
4 0.5817 0.25 0.0364 0.02
4 0.5938 0.2404 0.0279 0.0186
4 0.5769 0.2308 0.0407 0.015
5 0.613 0.2332 0.03 0.0193
4 0.6394 0.2452 0.0357 0.0157
5 0.6202 0.2284 0.0321 0.0179
4 0.6514 0.2356 0.0329 0.02
4 0.6418 0.226 0.0293 0.0121
4 0.6683 0.2356 0.0221 0.0193
4 0.6803 0.2332 0.0229 0.0164
4 0.6923 0.2308 0.0257 0.0143
4 0.7043 0.2284 0.03 0.0171
4 0.7163 0.2284 0.0264 0.0179
4 0.7284 0.226 0.0214 0.0171
4 0.7404 0.226 0.0286 0.0186
4 0.7548 0.226 0.0236 0.0164
4 0.762 0.2236 0.0257 0.0164
4 0.6755 0.2212 0.0364 0.0164
4 0.8365 0.2188 0.0236 0.0143
4 0.8413 0.2163 0.0286 0.0157
4 0.851 0.2139 0.0271 0.0164
4 0.8606 0.2139 0.0229 0.015
4 0.8654 0.2115 0.0279 0.0129
