5 0.3053 0.2284 0.0186 0.0186
5 0.2933 0.2476 0.025 0.0186
5 0.3029 0.2716 0.0271 0.02
5 0.3558 0.262 0.0186 0.0257
5 0.3942 0.2404 0.0171 0.02
5 0.3774 0.2861 0.0236 0.0207
5 0.4303 0.2548 0.0257 0.0193
5 0.3918 0.3846 0.02 0.0257
5 0.4712 0.3245 0.0257 0.0186
4 0.476 0.3101 0.0214 0.0164
5 0.512 0.3173 0.0271 0.0186
5 0.4904 0.4423 0.0179 0.0229
4 0.4423 0.4351 0.0129 0.0214
5 0.3942 0.4375 0.0271 0.0129
4 0.4038 0.4712 0.0229 0.0164
4 0.5192 0.4928 0.0236 0.0214
4 0.5817 0.3389 0.0221 0.0179
4 0.5889 0.3221 0.0221 0.0164
4 0.5986 0.3101 0.02 0.0164
4 0.601 0.2981 0.0221 0.0157
5 0.5529 0.3846 0.0293 0.0214
9 0.5793 0.3822 0.0571 0.0429
9 0.5697 0.5433 0.0521 0.0521
1 0.5986 0.524 0.0036 0.0043
4 0.2091 0.7716 0.0179 0.0221
1 0.363 0.6923 0.0029 0.005
1 0.363 0.6875 0.0043 0.005
1 0.3678 0.6851 0.0043 0.0036
1 0.3702 0.6899 0.0029 0.0036
9 0.4351 0.7139 0.0407 0.0457
9 0.4327 0.774 0.015 0.0143
9 0.4471 0.7644 0.0264 0.0329
9 0.4615 0.7572 0.0329 0.0479
9 0.476 0.7476 0.04 0.0664
9 0.4976 0.75 0.0271 0.0436
9 0.5048 0.726 0.0393 0.0693
9 0.5144 0.7115 0.0386 0.0693
9 0.5264 0.6899 0.0386 0.0664
9 0.5361 0.6731 0.04 0.0657
9 0.5529 0.6683 0.0336 0.0529
9 0.5649 0.6514 0.0407 0.0657
9 0.5264 0.6202 0.0364 0.04
4 0.4688 0.625 0.0243 0.0264
4 0.6154 0.7067 0.0171 0.0279
1 0.601 0.6755 0.0043 0.0043
1 0.6106 0.6442 0.0036 0.0036
4 0.6707 0.6779 0.02 0.0314
5 0.601 0.75 0.0186 0.03
4 0.6322 0.6659 0.0171 0.0279
4 0.6466 0.6274 0.0171 0.0279
4 0.6587 0.5986 0.0186 0.0271
4 0.6755 0.6082 0.0186 0.0286
4 0.6755 0.5673 0.0193 0.0264
4 0.6899 0.5361 0.0186 0.0264
4 0.6995 0.5601 0.0179 0.0271
4 0.7019 0.5048 0.0186 0.025
9 0.7236 0.5072 0.0257 0.0343
4 0.7428 0.4688 0.0171 0.0243
4 0.774 0.4159 0.02 0.0257
4 0.7548 0.4111 0.0186 0.0243
9 0.7332 0.4543 0.0457 0.0629
5 0.8462 0.4784 0.0286 0.0157
4 0.8245 0.4519 0.0171 0.0257
4 0.8173 0.3413 0.0186 0.0229
4 0.8341 0.3534 0.02 0.0236
5 0.7692 0.387 0.0171 0.0214
5 0.7476 0.3558 0.0179 0.0179
5 0.7764 0.3197 0.0207 0.0193
9 0.7933 0.3486 0.0386 0.05
9 0.8005 0.3702 0.0257 0.0329
9 0.863 0.2452 0.0471 0.0529
9 0.8606 0.274 0.0271 0.0321
9 0.9231 0.2572 0.05 0.06
4 0.8462 0.2308 0.0171 0.02
4 0.9135 0.2308 0.0186 0.0207
5 0.8798 0.2476 0.0157 0.0186
4 0.8341 0.2837 0.0193 0.02
4 0.8774 0.2837 0.0186 0.0229
4 0.8125 0.274 0.0186 0.0207
4 0.8173 0.3125 0.0179 0.0214
4 0.8389 0.3053 0.0193 0.0221
1 0.7909 0.2476 0.0043 0.0064
1 0.7812 0.2572 0.005 0.0057
1 0.7644 0.2837 0.005 0.005
1 0.7644 0.2716 0.0064 0.0057
1 0.7692 0.2764 0.005 0.0064
1 0.7885 0.2572 0.0036 0.0043
1 0.0433 0.6731 0.0071 0.005
1 0.0697 0.6659 0.0064 0.0029
1 0.0601 0.6803 0.0071 0.0043
1 0.0481 0.6923 0.0043 0.0029
