4 0.9327 0.2188 0.047 0.0185
4 0.8582 0.2404 0.023 0.0195
10 0.9135 0.6538 0.025 0.051
4 0.8317 0.5168 0.048 0.055
4 0.8702 0.6466 0.0485 0.08
4 0.7091 0.5841 0.062 0.073
4 0.6466 0.5601 0.051 0.0605
4 0.5769 0.5481 0.0665 0.06
2 0.4904 0.4111 0.0085 0.0115
5 0.524 0.5168 0.0655 0.0715
3 0.4087 0.5216 0.026 0.0185
10 0.3413 0.3582 0.021 0.0215
4 0.3101 0.3654 0.062 0.0335
4 0.262 0.4351 0.0715 0.042
4 0.2356 0.3173 0.0335 0.0285
4 0.226 0.4279 0.0605 0.0385
4 0.2091 0.4087 0.0665 0.039
4 0.1803 0.2812 0.0455 0.029
4 0.1394 0.262 0.0495 0.022
10 0.149 0.2404 0.0185 0.0145
1 0.1106 0.2212 0.0065 0.0155
10 0.1178 0.2236 0.0125 0.0135
4 0.0697 0.2837 0.027 0.0255
6 0.0385 0.2596 0.0585 0.031
4 0.0264 0.3438 0.0525 0.0325
4 0.0192 0.1707 0.0365 0.0145
