4 0.2428 0.4543 0.0693 0.0814
4 0.3918 0.5361 0.13 0.0593
4 0.5481 0.4231 0.0979 0.0507
4 0.5649 0.3894 0.0993 0.0471
4 0.8005 0.4327 0.1136 0.0593
4 0.8053 0.3942 0.1286 0.0457
4 0.8966 0.2428 0.0757 0.0379
4 0.9327 0.2284 0.0464 0.0421
5 0.8197 0.3534 0.1086 0.0379
6 0.6683 0.4159 0.085 0.1143
4 0.8077 0.1827 0.0336 0.0407
4 0.875 0.2043 0.0343 0.0357
4 0.1514 0.1683 0.0457 0.0264
4 0.0409 0.1923 0.0664 0.0236
4 0.0625 0.1707 0.0693 0.0343
4 0.7548 0.8005 0.0879 0.1479
4 0.5649 0.7861 0.0757 0.1786
4 0.6562 0.7933 0.0736 0.1614
4 0.8534 0.8029 0.0964 0.1407
4 0.9375 0.7957 0.1207 0.155
4 0.238 0.1394 0.0414 0.0257
4 0.024 0.2812 0.0479 0.0679
2 0.149 0.2212 0.0121 0.0179
2 0.2019 0.1995 0.0093 0.015
2 0.2188 0.1683 0.0121 0.0179
3 0.1514 0.2308 0.0179 0.0207
3 0.2212 0.1755 0.0143 0.0179
10 0.2019 0.2067 0.015 0.0164
10 0.4976 0.1827 0.0071 0.0207
1 0.5168 0.3582 0.0093 0.0314
1 0.399 0.3966 0.0136 0.0314
1 0.4159 0.4014 0.015 0.0343
1 0.4255 0.399 0.015 0.0293
1 0.4014 0.4904 0.0136 0.0329
1 0.8918 0.6298 0.0236 0.035
