4 0.4062 0.387 0.0457 0.0507
4 0.4519 0.6851 0.0864 0.1336
4 0.9111 0.6995 0.1793 0.1107
4 0.4375 0.8197 0.1021 0.1114
4 0.8462 0.6346 0.16 0.0893
4 0.4688 0.5457 0.0686 0.0871
4 0.4736 0.4663 0.0536 0.0693
4 0.4784 0.4111 0.0564 0.0429
4 0.4808 0.3317 0.0743 0.0429
4 0.8365 0.5649 0.1429 0.075
4 0.8029 0.5264 0.1429 0.0636
4 0.7909 0.4904 0.1464 0.0621
4 0.7716 0.4495 0.1114 0.0543
5 0.7332 0.4014 0.12 0.07
4 0.7091 0.3798 0.0707 0.0393
4 0.7043 0.351 0.0964 0.0429
4 0.6995 0.3317 0.085 0.0379
4 0.6875 0.3149 0.0693 0.03
4 0.5048 0.2885 0.0471 0.0321
4 0.6707 0.3029 0.0729 0.0271
4 0.6587 0.2837 0.0593 0.0243
4 0.6514 0.274 0.0636 0.0229
4 0.6442 0.2644 0.0693 0.0243
4 0.6394 0.2524 0.0607 0.0257
4 0.6322 0.2356 0.0543 0.02
4 0.6202 0.2212 0.0507 0.0221
4 0.6106 0.2139 0.0507 0.0221
4 0.5625 0.262 0.0421 0.0364
4 0.5 0.2668 0.0429 0.0293
4 0.4976 0.2476 0.0329 0.0243
4 0.5 0.226 0.0386 0.0221
4 0.4639 0.1947 0.0229 0.0207
4 0.488 0.2091 0.0264 0.0207
4 0.5841 0.1827 0.0193 0.0171
4 0.5793 0.1779 0.0236 0.0157
4 0.5697 0.1683 0.0186 0.0143
4 0.5625 0.1635 0.0179 0.0143
4 0.5529 0.1562 0.0171 0.0114
4 0.5481 0.1538 0.0186 0.0114
4 0.5409 0.149 0.0214 0.0121
4 0.5264 0.1466 0.02 0.0121
4 0.5192 0.1394 0.0164 0.0129
4 0.488 0.1875 0.0193 0.0171
4 0.4784 0.1779 0.0236 0.015
4 0.4784 0.1707 0.0236 0.0157
4 0.4808 0.1611 0.0243 0.0164
4 0.4712 0.1562 0.0193 0.0186
