1 0.774 0.6923 0.0293 0.0286
1 0.7788 0.6827 0.0271 0.0264
4 0.637 0.6611 0.0486 0.0421
4 0.3966 0.7957 0.03 0.055
4 0.3197 0.8341 0.03 0.0557
4 0.274 0.7524 0.0179 0.0264
4 0.2596 0.7668 0.0186 0.0314
4 0.2428 0.7812 0.02 0.0321
1 0.2764 0.6659 0.0064 0.0071
4 0.3341 0.6082 0.0171 0.0129
4 0.3197 0.5938 0.0079 0.0071
0 0.3846 0.4615 0.0336 0.0364
4 0.3486 0.5577 0.01 0.0107
4 0.3341 0.5577 0.0057 0.005
4 0.3726 0.5577 0.0079 0.01
4 0.3654 0.5529 0.0086 0.01
4 0.3846 0.5505 0.0086 0.0107
4 0.4087 0.5312 0.0071 0.0079
4 0.387 0.5385 0.0079 0.0093
4 0.3846 0.5024 0.0036 0.0043
4 0.3726 0.5072 0.0043 0.0043
4 0.3822 0.4856 0.0036 0.0036
4 0.3798 0.4832 0.0021 0.0036
5 0.3606 0.4952 0.005 0.005
4 0.3654 0.4976 0.0064 0.005
5 0.3654 0.4952 0.005 0.0043
0 0.351 0.5288 0.0314 0.0336
