5 0.5889 0.4736 0.0814 0.0586
5 0.3774 0.2909 0.0529 0.0379
5 0.1202 0.2572 0.045 0.0386
4 0.4279 0.3774 0.0707 0.0457
4 0.3582 0.3438 0.0579 0.04
4 0.2981 0.3101 0.0571 0.04
4 0.238 0.2812 0.0593 0.035
4 0.1923 0.2524 0.0471 0.03
4 0.5024 0.4207 0.0693 0.0536
4 0.6947 0.5312 0.0936 0.0693
4 0.8197 0.5889 0.1193 0.075
4 0.8486 0.5288 0.0636 0.085
4 0.7212 0.4663 0.0507 0.0836
4 0.6442 0.4375 0.0486 0.0757
4 0.5697 0.399 0.04 0.0607
4 0.9639 0.4303 0.0507 0.0564
5 0.9255 0.4038 0.05 0.0586
4 0.226 0.7308 0.1057 0.1071
4 0.1418 0.6418 0.0879 0.0879
4 0.0649 0.5601 0.0864 0.0836
4 0.0938 0.7476 0.1486 0.0807
4 0.5072 0.3702 0.0421 0.0593
4 0.1322 0.1923 0.0436 0.0357
4 0.0889 0.1971 0.0379 0.0271
4 0.0529 0.2019 0.0421 0.0243
4 0.2188 0.2356 0.0464 0.0329
4 0.1587 0.1827 0.04 0.03
4 0.1899 0.1779 0.0264 0.0279
4 0.2308 0.1851 0.0343 0.0286
4 0.3365 0.1947 0.045 0.0336
4 0.4014 0.2091 0.0493 0.0307
4 0.3173 0.1875 0.0436 0.0279
4 0.2981 0.1803 0.0407 0.0293
4 0.5168 0.2692 0.0514 0.0407
4 0.4928 0.2572 0.0543 0.0329
4 0.8101 0.4399 0.0686 0.0507
4 0.7885 0.4928 0.0564 0.0764
4 0.8197 0.3942 0.0821 0.0593
4 0.8389 0.3798 0.0829 0.0521
4 0.8462 0.351 0.0807 0.0486
4 0.9519 0.5745 0.06 0.0971
4 0.4615 0.3389 0.0643 0.0414
4 0.4303 0.3149 0.0479 0.04
4 0.3918 0.3125 0.0543 0.0343
4 0.3486 0.2885 0.0457 0.0379
4 0.3173 0.274 0.06 0.0364
4 0.2812 0.2476 0.0607 0.0371
4 0.25 0.2284 0.0514 0.0379
4 0.0577 0.1779 0.0407 0.0293
6 0.024 0.1562 0.0436 0.035
4 0.0216 0.4976 0.0421 0.065
4 0.3341 0.8221 0.1136 0.1007
4 0.1562 0.8462 0.1736 0.0621
4 0.9519 0.6635 0.0971 0.0836
4 0.0144 0.1827 0.0264 0.0293
4 0.0192 0.5986 0.0357 0.0607
1 0.1514 0.1659 0.0093 0.0179
10 0.4639 0.2163 0.0186 0.0157
3 0.5697 0.2548 0.0114 0.0186
3 0.5625 0.2524 0.0107 0.0179
3 0.5168 0.2332 0.0136 0.0186
1 0.5312 0.2404 0.0079 0.025
1 0.5144 0.2524 0.0071 0.0207
1 0.5072 0.2524 0.0064 0.0207
3 0.6226 0.2716 0.0121 0.0171
10 0.6058 0.2668 0.0164 0.02
10 0.613 0.2692 0.015 0.0157
