6 0.5385 0.8005 0.127 0.152
4 0.8053 0.6875 0.0845 0.1375
4 0.7788 0.5361 0.0845 0.076
1 0.7476 0.5817 0.0155 0.044
1 0.738 0.5649 0.0205 0.05
1 0.7115 0.5577 0.021 0.045
4 0.7909 0.4591 0.063 0.066
4 0.8125 0.375 0.0485 0.0495
2 0.8462 0.3245 0.0135 0.016
2 0.8413 0.3221 0.0125 0.015
3 0.8269 0.3293 0.0075 0.0215
3 0.8269 0.3173 0.009 0.021
4 0.6875 0.2885 0.0375 0.0325
4 0.8149 0.1947 0.022 0.02
4 0.8173 0.1851 0.0215 0.015
4 0.8173 0.1587 0.018 0.016
4 0.8173 0.1514 0.0155 0.0135
4 0.8149 0.1442 0.0165 0.014
4 0.8149 0.137 0.0155 0.013
4 0.8149 0.1322 0.0155 0.012
7 0.7981 0.1322 0.006 0.0095
2 0.7981 0.1298 0.004 0.0055
4 0.637 0.3486 0.048 0.046
5 0.5409 0.3173 0.0765 0.0515
4 0.5505 0.3053 0.0695 0.0345
4 0.5721 0.2933 0.0645 0.032
9 0.7404 0.137 0.028 0.0225
5 0.7428 0.1707 0.0215 0.024
4 0.1995 0.4904 0.115 0.0895
2 0.2067 0.4856 0.018 0.0235
4 0.0625 0.4639 0.1215 0.0775
4 0.0841 0.4279 0.12 0.0505
4 0.1562 0.387 0.1115 0.053
10 0.1514 0.3125 0.0245 0.0245
1 0.1587 0.2933 0.0135 0.0305
1 0.1875 0.2885 0.016 0.0295
1 0.2524 0.2596 0.008 0.0235
4 0.274 0.351 0.069 0.0475
4 0.2404 0.3389 0.0795 0.047
4 0.3702 0.3197 0.0465 0.042
4 0.2957 0.3029 0.0785 0.0415
10 0.2788 0.2957 0.035 0.0215
4 0.2308 0.2933 0.061 0.0425
10 0.2692 0.2524 0.014 0.0165
10 0.2981 0.2476 0.013 0.018
3 0.2957 0.2452 0.0135 0.018
7 0.3341 0.2596 0.028 0.017
2 0.3365 0.2668 0.009 0.017
3 0.3365 0.2716 0.011 0.016
2 0.3582 0.2668 0.011 0.0175
2 0.363 0.2692 0.0125 0.02
7 0.3534 0.274 0.045 0.025
4 0.387 0.2548 0.0425 0.0325
6 0.4111 0.226 0.04 0.0415
5 0.3534 0.2212 0.04 0.03
5 0.3365 0.2067 0.026 0.0325
1 0.3534 0.2043 0.0075 0.02
5 0.2933 0.2019 0.04 0.027
6 0.3125 0.1683 0.062 0.0255
4 0.3125 0.1827 0.025 0.019
5 0.3365 0.1803 0.0265 0.0295
4 0.363 0.1899 0.0225 0.0185
5 0.3894 0.1875 0.023 0.027
4 0.4111 0.1827 0.0405 0.0195
10 0.1418 0.1611 0.0155 0.0135
4 0.0529 0.1514 0.0345 0.0185
5 0.0216 0.1466 0.0245 0.0205
4 0.0096 0.1466 0.0165 0.0155
2 0.387 0.1466 0.0065 0.0155
4 0.4952 0.1899 0.03 0.024
4 0.4423 0.1803 0.039 0.02
5 0.4567 0.1755 0.0325 0.0215
4 0.4736 0.1707 0.0345 0.018
4 0.4928 0.1659 0.042 0.017
4 0.5 0.1611 0.0395 0.016
5 0.5 0.1562 0.039 0.0235
4 0.512 0.1514 0.0325 0.018
4 0.524 0.1466 0.034 0.014
5 0.5361 0.137 0.0395 0.018
1 0.5337 0.1755 0.007 0.0205
1 0.5312 0.1659 0.009 0.016
4 0.5481 0.1611 0.024 0.0205
4 0.5865 0.1394 0.02 0.0165
4 0.6106 0.137 0.0185 0.015
4 0.5769 0.1322 0.018 0.012
4 0.6106 0.1322 0.019 0.01
