0 0.1971 0.2957 0.005 0.005
0 0.2019 0.2957 0.005 0.005
0 0.2091 0.2981 0.005 0.005
0 0.2115 0.3029 0.0036 0.0043
0 0.2188 0.3053 0.0071 0.0064
0 0.2236 0.3077 0.0071 0.0057
0 0.226 0.3149 0.0093 0.0079
0 0.226 0.3197 0.0086 0.005
0 0.2284 0.3269 0.0071 0.0057
0 0.226 0.3317 0.0043 0.0036
0 0.226 0.3365 0.0043 0.0021
0 0.2332 0.3365 0.0036 0.0043
0 0.2284 0.3389 0.0043 0.0064
0 0.2356 0.3413 0.0029 0.005
0 0.2308 0.3462 0.0036 0.0043
0 0.2356 0.3462 0.0043 0.0057
4 0.2163 0.3269 0.0029 0.0043
5 0.2188 0.3486 0.0043 0.005
6 0.1851 0.3606 0.0164 0.0079
9 0.1707 0.3678 0.03 0.0107
0 0.2019 0.3582 0.0014 0.005
4 0.2163 0.363 0.0036 0.0043
4 0.2212 0.363 0.0036 0.0043
4 0.2476 0.3558 0.0086 0.0043
5 0.2644 0.3558 0.0093 0.0043
9 0.2404 0.3606 0.015 0.0079
4 0.2308 0.3678 0.0057 0.005
4 0.2284 0.375 0.0036 0.005
5 0.2212 0.3726 0.0036 0.005
5 0.2212 0.3798 0.005 0.0043
5 0.2308 0.3822 0.0043 0.0036
4 0.2236 0.387 0.0043 0.005
4 0.2308 0.3894 0.0043 0.0043
4 0.2452 0.3966 0.0057 0.0057
5 0.2188 0.3942 0.005 0.0064
5 0.2332 0.3966 0.0036 0.005
5 0.2332 0.4014 0.0029 0.005
4 0.2356 0.4062 0.0057 0.0057
9 0.2452 0.4062 0.0057 0.0114
9 0.2548 0.4111 0.0093 0.0186
9 0.2163 0.4111 0.0107 0.0179
9 0.226 0.4159 0.0057 0.0114
5 0.2212 0.4231 0.005 0.0057
9 0.262 0.4375 0.0093 0.02
4 0.2476 0.4279 0.005 0.0071
5 0.2524 0.4495 0.0057 0.0079
9 0.2236 0.4423 0.0164 0.0129
5 0.1971 0.4543 0.0129 0.0079
1 0.2091 0.4639 0.0029 0.0043
9 0.2163 0.4712 0.0064 0.0121
4 0.226 0.4663 0.0057 0.0064
4 0.226 0.4736 0.0057 0.0064
5 0.226 0.4784 0.0064 0.0086
5 0.226 0.488 0.0057 0.0086
4 0.2452 0.4688 0.0064 0.0064
4 0.238 0.4712 0.0057 0.0064
4 0.238 0.476 0.0057 0.0064
9 0.2476 0.476 0.0079 0.0129
9 0.25 0.4856 0.0086 0.0129
5 0.262 0.4856 0.0071 0.0107
4 0.2837 0.488 0.0079 0.0071
1 0.2957 0.4856 0.0029 0.0043
1 0.2981 0.4856 0.0021 0.0057
4 0.2981 0.5072 0.01 0.0086
1 0.3245 0.5144 0.0036 0.0057
5 0.3173 0.5216 0.0093 0.0121
1 0.2043 0.5096 0.0029 0.0057
4 0.2428 0.4928 0.0057 0.0071
4 0.2452 0.4976 0.0057 0.0071
4 0.2548 0.4976 0.0064 0.0071
4 0.2476 0.5072 0.0071 0.0079
4 0.2524 0.5192 0.0071 0.0079
4 0.2572 0.5312 0.0079 0.0086
4 0.2692 0.5312 0.0086 0.0079
5 0.2668 0.5457 0.01 0.0107
9 0.2885 0.5361 0.0129 0.0179
9 0.3053 0.5625 0.015 0.0171
9 0.2188 0.5721 0.0143 0.0307
4 0.1274 0.5072 0.0179 0.0086
4 0.1298 0.512 0.0164 0.0071
4 0.1322 0.5144 0.015 0.0086
5 0.1322 0.5288 0.0179 0.0114
4 0.274 0.5601 0.01 0.0086
4 0.2861 0.5769 0.0114 0.01
4 0.2957 0.5913 0.0114 0.0107
5 0.3101 0.5841 0.0114 0.0121
5 0.3221 0.6154 0.0129 0.0121
4 0.3678 0.6274 0.015 0.0136
4 0.3654 0.6587 0.015 0.0129
4 0.4135 0.5913 0.0143 0.01
4 0.4111 0.625 0.0079 0.015
4 0.4038 0.6971 0.0164 0.0143
9 0.4375 0.6851 0.0407 0.0471
4 0.5192 0.7692 0.0207 0.02
4 0.2404 0.7668 0.0236 0.0164
1 0.1611 0.762 0.0036 0.005
1 0.1611 0.7692 0.0036 0.0064
1 0.1587 0.7668 0.0036 0.0057
1 0.2067 0.7308 0.0021 0.0064
1 0.1611 0.7115 0.0029 0.0086
1 0.1562 0.726 0.0029 0.0086
1 0.1659 0.6899 0.0029 0.0057
9 0.1707 0.7091 0.0121 0.0243
9 0.2043 0.6875 0.0179 0.0314
9 0.2163 0.6875 0.0121 0.0279
1 0.226 0.6827 0.0029 0.0064
9 0.2115 0.6322 0.0179 0.035
9 0.226 0.625 0.0114 0.0243
9 0.2596 0.6178 0.0457 0.0207
9 0.262 0.625 0.0364 0.0171
9 0.2548 0.6322 0.0479 0.0193
9 0.2572 0.6418 0.045 0.0221
9 0.262 0.649 0.045 0.0214
9 0.2596 0.6562 0.0471 0.0171
9 0.2692 0.6683 0.0279 0.0143
9 0.2644 0.6755 0.0343 0.0164
9 0.2596 0.6827 0.0514 0.0179
9 0.2596 0.6923 0.0507 0.0179
9 0.262 0.7043 0.045 0.0193
4 0.6106 0.613 0.0193 0.0086
5 0.6803 0.6058 0.0171 0.0071
4 0.7476 0.5938 0.0179 0.0079
9 0.7404 0.6394 0.0486 0.0271
1 0.6995 0.6394 0.0036 0.0064
0 0.6611 0.649 0.0036 0.0057
0 0.6755 0.6466 0.005 0.0043
0 0.7067 0.6394 0.0043 0.0043
0 0.7115 0.637 0.0036 0.0043
0 0.774 0.6274 0.0036 0.0064
1 0.7933 0.625 0.0021 0.0057
1 0.8149 0.6202 0.0029 0.005
0 0.8245 0.6178 0.0057 0.0079
1 0.8173 0.6226 0.0021 0.0043
1 0.875 0.6082 0.0029 0.005
5 0.8341 0.5865 0.0179 0.0093
4 0.8341 0.5938 0.0164 0.0064
4 0.9784 0.5745 0.0164 0.0079
9 0.9904 0.5793 0.0229 0.0129
4 0.9567 0.5841 0.0164 0.0071
0 0.863 0.6082 0.0043 0.0036
9 0.9062 0.613 0.0521 0.0229
0 0.9495 0.6034 0.0036 0.005
0 0.9639 0.6034 0.0036 0.0057
5 0.976 0.6394 0.02 0.0114
5 0.9279 0.6442 0.0193 0.0093
9 0.9591 0.6707 0.0321 0.0193
4 0.9014 0.6683 0.0229 0.01
5 0.8942 0.6899 0.0229 0.0143
4 0.7404 0.7428 0.0207 0.0114
