7 0.0409 0.7428 0.0357 0.0643
5 0.7115 0.8365 0.0514 0.0786
5 0.6875 0.75 0.0529 0.0814
1 0.649 0.6947 0.0143 0.0179
4 0.6851 0.6659 0.0464 0.0786
5 0.7596 0.6803 0.0814 0.0436
4 0.7452 0.6394 0.0814 0.0379
4 0.6394 0.5409 0.05 0.0664
4 0.726 0.5625 0.0714 0.0364
5 0.8822 0.6538 0.0529 0.085
4 0.8678 0.5769 0.045 0.065
4 0.6995 0.5 0.0757 0.0371
4 0.6875 0.4639 0.0743 0.0357
4 0.5024 0.3678 0.0407 0.0579
4 0.5889 0.4038 0.0393 0.0593
4 0.5673 0.3534 0.0407 0.0529
4 0.5505 0.3029 0.0393 0.045
4 0.4375 0.2188 0.0343 0.0443
6 0.7716 0.2091 0.0329 0.0521
4 0.762 0.1779 0.0329 0.0429
4 0.7692 0.1466 0.0479 0.0386
7 0.0481 0.3269 0.0221 0.0336
4 0.0216 0.137 0.0407 0.0221
1 0.2356 0.2476 0.0121 0.0157
