9 0.0745 0.4688 0.0793 0.0207
9 0.0192 0.4663 0.0357 0.0207
9 0.0409 0.4471 0.0793 0.0221
9 0.0433 0.4231 0.0636 0.0243
6 0.0649 0.4087 0.0357 0.0157
6 0.0264 0.4038 0.0443 0.0179
6 0.0553 0.387 0.0564 0.0179
6 0.0385 0.363 0.0479 0.0193
6 0.2332 0.4087 0.0229 0.0371
6 0.2524 0.4062 0.0221 0.0386
4 0.2668 0.387 0.0171 0.0286
4 0.2788 0.3798 0.0143 0.0221
6 0.3341 0.2933 0.0179 0.0421
4 0.3053 0.5168 0.0136 0.0279
4 0.2091 0.7139 0.0179 0.0279
4 0.1394 0.7236 0.0286 0.0129
4 0.1418 0.7091 0.0307 0.0136
4 0.0817 0.7163 0.03 0.0221
4 0.3101 0.6923 0.0279 0.0143
4 0.6803 0.4399 0.015 0.0271
4 0.6947 0.4231 0.015 0.0257
4 0.7091 0.4279 0.0136 0.0271
4 0.726 0.4303 0.015 0.025
4 0.988 0.4111 0.02 0.0279
4 0.5721 0.8606 0.0179 0.0314
4 0.6034 0.8606 0.0164 0.0279
4 0.3678 0.851 0.0293 0.0171
4 0.1875 0.851 0.035 0.0136
4 0.0673 0.8702 0.0336 0.0114
4 0.0577 0.8438 0.0314 0.0157
10 0.4639 0.8702 0.0136 0.0086
