4 0.1538 0.7476 0.024 0.035
4 0.1827 0.75 0.022 0.038
4 0.2115 0.7428 0.0205 0.033
4 0.1851 0.7163 0.019 0.027
4 0.1611 0.7163 0.02 0.0275
5 0.2115 0.7115 0.0185 0.0285
5 0.2212 0.6731 0.018 0.023
4 0.0793 0.8582 0.056 0.0375
4 0.0385 0.8606 0.05 0.032
4 0.012 0.8606 0.023 0.028
4 0.6827 0.7909 0.0485 0.025
4 0.863 0.8413 0.0535 0.0315
4 0.9615 0.8486 0.053 0.032
4 0.8365 0.7019 0.0435 0.0235
4 0.8822 0.6923 0.0455 0.023
4 0.7524 0.6466 0.034 0.0205
4 0.6755 0.6731 0.0395 0.022
4 0.649 0.6538 0.0215 0.0235
4 0.6058 0.6635 0.019 0.0255
4 0.5986 0.613 0.025 0.021
4 0.5865 0.6803 0.043 0.0205
4 0.9087 0.613 0.017 0.02
4 0.5601 0.5745 0.018 0.0155
4 0.4736 0.5168 0.0135 0.0115
4 0.4615 0.5096 0.0115 0.0135
4 0.5288 0.5024 0.0175 0.0125
4 0.4135 0.5697 0.0155 0.0165
4 0.3005 0.4688 0.0095 0.0115
4 0.2788 0.4038 0.007 0.007
4 0.2957 0.3293 0.005 0.005
4 0.2957 0.3125 0.0045 0.004
4 0.3053 0.3053 0.003 0.0025
4 0.2933 0.3053 0.0035 0.0025
4 0.3149 0.3053 0.0025 0.003
5 0.3125 0.2981 0.0045 0.003
9 0.3221 0.3005 0.01 0.0045
11 0.3005 0.2957 0.0125 0.0045
0 0.3149 0.2885 0.0085 0.01
4 0.2957 0.3029 0.004 0.003
4 0.2933 0.3101 0.004 0.0035
4 0.2909 0.3101 0.004 0.003
4 0.2909 0.3125 0.004 0.003
4 0.2933 0.3077 0.0045 0.0035
4 0.2885 0.3293 0.0065 0.004
4 0.2861 0.3197 0.0035 0.0035
4 0.2837 0.3221 0.005 0.005
4 0.2788 0.3317 0.0045 0.0045
4 0.2812 0.3293 0.0045 0.004
4 0.2812 0.3269 0.005 0.004
4 0.2788 0.3389 0.012 0.004
4 0.2644 0.3582 0.0065 0.0055
4 0.2668 0.3534 0.006 0.0045
4 0.2572 0.3702 0.006 0.0055
4 0.2548 0.3726 0.0055 0.006
4 0.2548 0.3798 0.007 0.007
4 0.2548 0.387 0.0065 0.0065
4 0.2524 0.3918 0.0075 0.006
4 0.2524 0.399 0.0075 0.007
4 0.262 0.4159 0.008 0.007
4 0.2548 0.4183 0.0055 0.007
4 0.2548 0.4279 0.008 0.009
4 0.2596 0.4519 0.0145 0.0105
4 0.2308 0.4688 0.0095 0.012
5 0.2308 0.4591 0.009 0.012
5 0.2284 0.4543 0.009 0.012
5 0.2308 0.4495 0.007 0.009
5 0.2308 0.4399 0.008 0.01
4 0.3221 0.3654 0.007 0.008
9 0.3221 0.375 0.0095 0.01
9 0.3269 0.387 0.011 0.013
4 0.3293 0.399 0.007 0.0065
8 0.3413 0.4351 0.0055 0.0075
8 0.3558 0.4471 0.006 0.0085
4 0.3389 0.4183 0.009 0.009
5 0.2596 0.4615 0.013 0.012
4 0.2764 0.476 0.017 0.0115
5 0.2572 0.4784 0.028 0.012
4 0.2596 0.4904 0.0115 0.0145
4 0.2644 0.5048 0.018 0.014
4 0.262 0.5337 0.024 0.017
4 0.2284 0.5096 0.0115 0.0165
4 0.4111 0.4423 0.022 0.007
4 0.4111 0.4471 0.0205 0.0075
4 0.4183 0.4519 0.0205 0.0075
4 0.4351 0.4784 0.022 0.009
4 0.4784 0.4615 0.021 0.009
4 0.5072 0.4688 0.0205 0.0095
10 0.4808 0.4591 0.007 0.006
3 0.387 0.476 0.0065 0.006
4 0.4399 0.5168 0.025 0.01
4 0.4423 0.524 0.0295 0.012
4 0.5 0.5144 0.0255 0.0115
4 0.4952 0.5096 0.0245 0.012
5 0.4904 0.5048 0.027 0.0135
5 0.512 0.4952 0.0135 0.0145
5 0.5361 0.5913 0.024 0.0265
4 0.5216 0.4952 0.013 0.01
4 0.5481 0.5 0.019 0.0125
4 0.5409 0.4928 0.0125 0.014
4 0.5144 0.5312 0.0265 0.0115
4 0.5216 0.5361 0.027 0.0125
4 0.5409 0.5312 0.015 0.0135
1 0.4712 0.5529 0.0035 0.0115
1 0.4663 0.5529 0.0025 0.01
1 0.4688 0.5553 0.0035 0.012
3 0.4303 0.512 0.013 0.0075
4 0.5096 0.5601 0.0185 0.017
4 0.5216 0.5769 0.02 0.0185
4 0.5409 0.5505 0.024 0.0165
4 0.5577 0.5601 0.028 0.0145
4 0.5769 0.5913 0.023 0.0215
4 0.5553 0.6154 0.0225 0.0225
4 0.5769 0.6346 0.0285 0.02
4 0.6202 0.6346 0.027 0.023
4 0.6226 0.6875 0.0265 0.025
4 0.5433 0.6827 0.041 0.021
4 0.5529 0.6971 0.0445 0.0215
4 0.5649 0.7091 0.044 0.024
4 0.6202 0.7115 0.019 0.033
4 0.649 0.7115 0.029 0.028
4 0.6683 0.7043 0.0315 0.027
4 0.6923 0.7019 0.033 0.0285
4 0.7139 0.6947 0.036 0.0245
4 0.7163 0.6731 0.0425 0.02
4 0.6875 0.6562 0.0415 0.021
4 0.7812 0.6803 0.0385 0.0275
4 0.7812 0.6394 0.024 0.0195
4 0.8005 0.6322 0.0355 0.02
4 0.8053 0.6779 0.033 0.022
4 0.8269 0.6731 0.0345 0.026
4 0.8173 0.6226 0.0405 0.022
4 0.8317 0.613 0.039 0.022
1 0.8894 0.613 0.006 0.0115
4 0.8462 0.6707 0.037 0.025
4 0.8678 0.6683 0.04 0.0265
4 0.8822 0.6659 0.04 0.0255
4 0.899 0.6587 0.0405 0.025
4 0.9207 0.6562 0.0405 0.0265
4 0.9014 0.6394 0.04 0.0185
4 0.9495 0.637 0.0355 0.0165
4 0.9447 0.6106 0.0385 0.02
4 0.9784 0.6322 0.0365 0.0185
4 0.9856 0.6082 0.029 0.018
1 0.9399 0.5986 0.006 0.011
4 0.9904 0.6683 0.0225 0.021
4 0.1755 0.399 0.0085 0.0085
4 0.1851 0.3894 0.0075 0.0065
4 0.1947 0.3918 0.009 0.007
4 0.1995 0.3918 0.0085 0.0085
1 0.2885 0.3365 0.002 0.004
0 0.2788 0.3462 0.008 0.0055
0 0.2692 0.3702 0.0135 0.0175
2 0.3125 0.3822 0.002 0.0045
2 0.3125 0.3582 0.0015 0.003
1 0.3125 0.3702 0.0025 0.0045
10 0.3125 0.3822 0.003 0.004
10 0.3125 0.3606 0.002 0.0035
1 0.262 0.4375 0.003 0.007
2 0.274 0.4639 0.0035 0.0055
2 0.3197 0.4543 0.003 0.006
2 0.3317 0.4231 0.003 0.0055
2 0.3389 0.4423 0.0025 0.0065
2 0.4688 0.6707 0.006 0.0115
2 0.9447 0.7524 0.009 0.0175
10 0.274 0.4663 0.0035 0.0055
10 0.3197 0.4543 0.0035 0.0055
3 0.3389 0.4423 0.0025 0.0055
3 0.3341 0.4231 0.0025 0.006
3 0.4688 0.6755 0.006 0.0135
3 0.9423 0.7548 0.014 0.011
1 0.1947 0.7668 0.006 0.016
1 0.2308 0.7188 0.0075 0.016
2 0.226 0.7019 0.009 0.0115
2 0.2452 0.5361 0.003 0.0085
3 0.2452 0.5385 0.0035 0.0085
1 0.2332 0.4327 0.0025 0.009
1 0.4062 0.5048 0.003 0.009
