2 0.4255 0.8582 0.0335 0.037
10 0.4255 0.8606 0.039 0.0315
10 0.2909 0.851 0.0435 0.0495
1 0.3005 0.8462 0.0345 0.0475
2 0.2139 0.8245 0.0385 0.0345
3 0.1418 0.762 0.0215 0.0435
2 0.1178 0.7115 0.0305 0.0215
2 0.125 0.6803 0.032 0.0315
1 0.2596 0.5601 0.0175 0.036
5 0.7115 0.6587 0.161 0.0905
5 0.7356 0.6274 0.1335 0.08
5 0.4904 0.5793 0.0905 0.0455
5 0.2308 0.5264 0.056 0.065
5 0.3534 0.5072 0.089 0.064
5 0.3077 0.5 0.0885 0.0565
10 0.6202 0.5529 0.0365 0.0335
1 0.8798 0.524 0.0175 0.032
1 0.9014 0.5553 0.0125 0.013
1 0.899 0.5649 0.026 0.0365
1 0.8894 0.5337 0.0215 0.036
3 0.8341 0.5288 0.039 0.0295
1 0.7861 0.5096 0.015 0.019
1 0.6971 0.4712 0.009 0.026
1 0.6683 0.4615 0.011 0.0285
1 0.649 0.4519 0.0125 0.028
1 0.6058 0.4639 0.0135 0.022
1 0.5938 0.4543 0.011 0.029
1 0.5865 0.4663 0.011 0.026
10 0.5986 0.4688 0.0265 0.015
1 0.5096 0.4231 0.013 0.03
5 0.5913 0.5 0.093 0.077
5 0.5529 0.4856 0.0815 0.0615
5 0.5385 0.4351 0.0595 0.0415
5 0.5216 0.4663 0.0675 0.052
5 0.4591 0.4471 0.0705 0.045
7 0.5024 0.4567 0.041 0.025
7 0.4375 0.4856 0.031 0.0345
2 0.3317 0.4135 0.011 0.0145
2 0.3438 0.4519 0.0115 0.026
1 0.3149 0.4736 0.0125 0.0235
2 0.3173 0.4639 0.01 0.0275
2 0.274 0.4399 0.0145 0.013
2 0.2788 0.4303 0.013 0.015
2 0.0986 0.5865 0.0255 0.0245
4 0.2933 0.3005 0.0335 0.0155
1 0.2957 0.3389 0.007 0.019
4 0.2837 0.3173 0.04 0.0165
4 0.25 0.3221 0.0365 0.018
6 0.1947 0.2837 0.081 0.0385
5 0.2043 0.3293 0.0485 0.024
4 0.1659 0.3293 0.0415 0.0175
4 0.1514 0.3389 0.0565 0.02
4 0.1202 0.351 0.031 0.0235
4 0.1298 0.3726 0.0425 0.031
5 0.1514 0.3894 0.0375 0.0395
4 0.1731 0.4207 0.064 0.032
5 0.1803 0.4543 0.0505 0.0465
1 0.137 0.5601 0.0195 0.0405
1 0.1683 0.5481 0.0205 0.0365
1 0.1418 0.5433 0.0195 0.0335
1 0.1731 0.4928 0.018 0.033
1 0.0817 0.5553 0.028 0.0375
1 0.1202 0.5264 0.023 0.0345
1 0.0481 0.5288 0.0185 0.0335
1 0.0793 0.5048 0.0185 0.0325
1 0.0481 0.4976 0.0105 0.025
1 0.1202 0.4736 0.02 0.034
1 0.1058 0.4712 0.0195 0.034
5 0.0361 0.5096 0.072 0.065
1 0.0817 0.4303 0.014 0.0255
3 0.0841 0.4327 0.0195 0.02
10 0.125 0.4303 0.0175 0.022
2 0.1274 0.4279 0.02 0.028
4 0.0144 0.4231 0.0285 0.0305
4 0.0216 0.4135 0.0385 0.0235
4 0.0264 0.3606 0.0505 0.021
5 0.0168 0.375 0.03 0.0355
