4 0.9736 0.6202 0.041 0.051
4 0.9183 0.613 0.0385 0.0495
4 0.8654 0.6106 0.0485 0.052
4 0.8197 0.6058 0.0505 0.0515
4 0.726 0.6034 0.0505 0.0505
4 0.6899 0.7284 0.0435 0.074
4 0.6538 0.7428 0.037 0.074
10 0.7668 0.6731 0.0185 0.011
2 0.7716 0.6731 0.009 0.0155
10 0.7572 0.6875 0.0185 0.011
4 0.5192 0.8005 0.031 0.071
4 0.3053 0.8125 0.0405 0.0845
4 0.0505 0.7764 0.0505 0.071
5 0.0913 0.6587 0.0535 0.0755
5 0.125 0.5745 0.0395 0.052
4 0.1466 0.524 0.038 0.0545
4 0.1803 0.4375 0.035 0.047
4 0.1971 0.3966 0.0305 0.0395
4 0.2188 0.3293 0.029 0.0385
10 0.2452 0.3846 0.0075 0.0165
2 0.2404 0.3798 0.0075 0.0135
4 0.2356 0.2909 0.0235 0.026
4 0.25 0.2572 0.026 0.028
2 0.274 0.238 0.006 0.0135
3 0.274 0.2428 0.006 0.0115
10 0.2476 0.3245 0.0055 0.015
2 0.2476 0.3197 0.006 0.014
3 0.2548 0.3293 0.006 0.016
2 0.2524 0.3221 0.006 0.014
3 0.488 0.7548 0.0095 0.0275
2 0.488 0.7548 0.0105 0.014
3 0.5 0.6611 0.0075 0.0215
2 0.5 0.6538 0.008 0.0145
4 0.4327 0.6587 0.037 0.07
4 0.387 0.6707 0.022 0.0505
4 0.238 0.6707 0.0435 0.0715
4 0.4375 0.5481 0.037 0.056
4 0.524 0.5481 0.022 0.0455
4 0.524 0.4928 0.026 0.044
4 0.4519 0.4495 0.024 0.043
4 0.4591 0.3726 0.0225 0.043
4 0.4207 0.3389 0.024 0.0405
4 0.4615 0.2861 0.019 0.031
4 0.3197 0.2163 0.025 0.033
4 0.4712 0.226 0.019 0.0255
10 0.5168 0.2163 0.006 0.013
2 0.5168 0.2115 0.0055 0.0115
3 0.5745 0.2284 0.0115 0.0095
4 0.6442 0.1442 0.0355 0.0165
1 0.524 0.2861 0.007 0.0125
5 0.5264 0.3462 0.0185 0.031
4 0.524 0.387 0.0205 0.0375
3 0.5505 0.3846 0.0175 0.01
1 0.6226 0.4928 0.0095 0.0165
3 0.5889 0.601 0.0215 0.013
3 0.5938 0.6106 0.0225 0.0105
