4 0.0938 0.4856 0.0221 0.0243
4 0.1611 0.5385 0.03 0.0143
5 0.1971 0.5433 0.0307 0.0143
6 0.25 0.5048 0.0336 0.0136
4 0.4087 0.4038 0.03 0.015
4 0.4087 0.387 0.0286 0.0143
4 0.5529 0.5192 0.0264 0.0171
4 0.5577 0.4543 0.0129 0.03
4 0.6058 0.4832 0.0171 0.0271
4 0.4615 0.2692 0.0143 0.0286
4 0.4014 0.1923 0.0143 0.0307
4 0.3846 0.1971 0.0164 0.03
4 0.4904 0.4087 0.0271 0.0136
4 0.4928 0.3918 0.025 0.0114
4 0.4279 0.2716 0.0293 0.0171
4 0.3846 0.2524 0.0257 0.0143
6 0.4135 0.3125 0.04 0.0214
6 0.4952 0.3774 0.0271 0.0143
6 0.5 0.4303 0.0314 0.0136
6 0.4928 0.4447 0.0271 0.015
5 0.4928 0.4615 0.0236 0.0129
5 0.4135 0.3702 0.025 0.0129
5 0.4423 0.3702 0.0171 0.0329
5 0.351 0.738 0.0293 0.0164
4 0.5793 0.6875 0.0143 0.0271
6 0.5793 0.8582 0.0129 0.0371
4 0.8173 0.1587 0.03 0.0157
4 0.8173 0.1755 0.0286 0.0164
4 0.7139 0.637 0.0143 0.03
4 0.6947 0.637 0.0157 0.03
4 0.8798 0.6779 0.0271 0.0243
4 0.8101 0.5505 0.0286 0.0121
4 0.9231 0.5745 0.03 0.0143
5 0.9688 0.5673 0.0343 0.0171
4 0.9904 0.488 0.0179 0.0293
6 0.8486 0.5697 0.1143 0.0207
6 0.9423 0.5505 0.1107 0.02
6 0.7091 0.7476 0.0179 0.0421
6 0.7332 0.7692 0.0264 0.0721
6 0.7091 0.8293 0.0243 0.0643
6 0.7308 0.8389 0.0171 0.0436
1 0.7284 0.2716 0.0093 0.0086
1 0.726 0.2981 0.0079 0.0071
1 0.8005 0.3005 0.0086 0.0071
1 0.7861 0.399 0.0079 0.0086
1 0.8005 0.3173 0.0079 0.0057
1 0.7332 0.5192 0.0093 0.0064
10 0.7981 0.5361 0.0143 0.0071
10 0.7091 0.476 0.0057 0.0114
10 0.8077 0.7476 0.0079 0.0121
10 0.5024 0.5048 0.0086 0.0107
10 0.3846 0.5433 0.0071 0.0121
1 0.2188 0.5072 0.0093 0.0064
1 0.2308 0.5192 0.0071 0.0064
1 0.2139 0.5264 0.0079 0.0064
1 0.1659 0.524 0.0093 0.0079
0 0.3918 0.4784 0.035 0.0679
0 0.3365 0.5 0.0629 0.0229
