9 0.3101 0.4375 0.1534 0.0652
6 0.2764 0.4952 0.1242 0.0684
4 0.4231 0.375 0.0459 0.0746
4 0.4784 0.3918 0.0465 0.0846
4 0.5337 0.387 0.0423 0.0799
5 0.5986 0.3774 0.0485 0.0825
5 0.6587 0.3798 0.0454 0.071
5 0.4615 0.6082 0.0511 0.1039
4 0.5168 0.6106 0.0511 0.1075
4 0.5889 0.625 0.0548 0.1159
6 0.6538 0.6394 0.0595 0.1258
10 0.2788 0.6274 0.024 0.0407
8 0.3173 0.6058 0.0454 0.0652
7 0.7716 0.4471 0.0543 0.0365
8 0.4255 0.2644 0.0313 0.0371
5 0.476 0.2644 0.0412 0.0705
4 0.5216 0.262 0.0334 0.0527
4 0.5673 0.2692 0.036 0.0663
2 0.5913 0.2957 0.0089 0.012
4 0.6058 0.2692 0.0329 0.0428
2 0.8173 0.2861 0.0146 0.0214
3 0.8173 0.2933 0.013 0.0308
10 0.9255 0.2428 0.0308 0.024
10 0.9231 0.2668 0.0292 0.0219
1 0.7788 0.3702 0.0094 0.0204
1 0.7861 0.3702 0.013 0.0256
10 0.9471 0.3005 0.0297 0.0172
10 0.9447 0.3077 0.0292 0.0183
10 0.9207 0.3125 0.0271 0.0251
10 0.899 0.3125 0.0183 0.0282
10 0.8942 0.3293 0.0245 0.0266
10 0.9399 0.3558 0.0397 0.024
10 0.9351 0.3654 0.0376 0.0204
8 0.8774 0.3654 0.0438 0.0511
8 0.9519 0.4062 0.0616 0.0412
10 0.9663 0.4279 0.036 0.023
10 0.9519 0.4423 0.036 0.023
1 0.9183 0.4736 0.0224 0.0251
10 0.9808 0.4736 0.0381 0.0219
10 0.9856 0.5096 0.0303 0.0219
3 0.9567 0.488 0.0391 0.0245
10 0.7933 0.4135 0.0266 0.0318
2 0.8606 0.3918 0.0214 0.0162
7 0.8654 0.4014 0.0334 0.0418
3 0.8341 0.5889 0.024 0.0355
3 0.8125 0.5793 0.0198 0.0355
7 0.8293 0.6226 0.0329 0.0569
7 0.8966 0.6779 0.059 0.0746
