4 0.2163 0.4784 0.0221 0.015
5 0.4135 0.3221 0.015 0.0107
4 0.476 0.3798 0.01 0.0121
5 0.488 0.4471 0.0271 0.0157
6 0.5192 0.4688 0.03 0.015
4 0.5481 0.4159 0.0186 0.0093
4 0.5553 0.399 0.0193 0.0136
4 0.4856 0.3678 0.0107 0.0093
4 0.4952 0.3582 0.0107 0.0129
4 0.5024 0.351 0.0093 0.0107
6 0.6274 0.5216 0.0336 0.0236
6 0.6947 0.5649 0.0236 0.0257
6 0.6827 0.4784 0.0143 0.0243
6 0.6947 0.4976 0.0271 0.0207
6 0.7188 0.5072 0.0264 0.0229
6 0.7404 0.5144 0.0214 0.0264
6 0.7524 0.524 0.0257 0.025
6 0.7885 0.5361 0.0243 0.0279
6 0.7139 0.5673 0.0414 0.0429
6 0.7236 0.5962 0.0307 0.0271
10 0.1827 0.4952 0.0093 0.01
10 0.5433 0.2716 0.0064 0.0071
10 0.5361 0.3077 0.005 0.0079
0 0.5096 0.1611 0.0114 0.0336
4 0.5601 0.1827 0.0071 0.0064
10 0.387 0.4856 0.0064 0.0071
