4 0.6202 0.762 0.0371 0.0621
4 0.7837 0.7933 0.0457 0.0621
4 0.75 0.5385 0.025 0.0179
4 0.6058 0.512 0.0379 0.0143
4 0.3918 0.4928 0.03 0.0179
4 0.2188 0.4976 0.0407 0.0164
4 0.3365 0.3702 0.015 0.01
4 0.2981 0.4014 0.0171 0.0107
4 0.1971 0.4471 0.0329 0.015
4 0.0168 0.5 0.0314 0.0136
4 0.3125 0.3774 0.0207 0.0093
4 0.3077 0.3894 0.0207 0.0107
1 0.1875 0.4303 0.0057 0.0093
1 0.1971 0.6034 0.0057 0.0129
10 0.4736 0.7356 0.0079 0.0186
2 0.4736 0.7308 0.0064 0.0093
4 0.4688 0.3462 0.0164 0.0086
4 0.4375 0.2885 0.02 0.0086
4 0.524 0.3245 0.0086 0.0086
4 0.5409 0.3149 0.0093 0.0071
4 0.5721 0.3221 0.0064 0.0057
4 0.5649 0.3125 0.0079 0.0057
4 0.5577 0.2909 0.0057 0.0057
4 0.5481 0.2885 0.0071 0.0057
4 0.5216 0.2933 0.0093 0.0093
4 0.5385 0.3005 0.0071 0.0064
4 0.5312 0.3005 0.0057 0.0064
4 0.5433 0.2837 0.0043 0.005
4 0.5481 0.2812 0.0057 0.0043
4 0.5505 0.274 0.005 0.005
4 0.5409 0.2764 0.0057 0.0057
4 0.5433 0.2885 0.0043 0.0036
4 0.5168 0.2788 0.0071 0.0064
4 0.524 0.2692 0.0071 0.0064
4 0.5144 0.2572 0.0064 0.0057
4 0.5192 0.226 0.005 0.0036
4 0.5216 0.3005 0.0071 0.0064
4 0.5312 0.2476 0.005 0.0043
4 0.5288 0.2428 0.0036 0.0021
4 0.5264 0.2404 0.0036 0.0021
4 0.524 0.2332 0.0043 0.0036
4 0.5264 0.2356 0.0043 0.0036
4 0.5192 0.2188 0.0043 0.0029
4 0.524 0.2188 0.0043 0.0043
4 0.5264 0.2236 0.0043 0.0043
4 0.512 0.2332 0.005 0.0043
4 0.512 0.2308 0.0043 0.0029
4 0.512 0.2163 0.0064 0.0036
4 0.5072 0.2188 0.005 0.0057
4 0.5144 0.2236 0.0043 0.005
4 0.5096 0.2236 0.0036 0.0036
4 0.512 0.2115 0.0043 0.0029
4 0.5096 0.2067 0.0057 0.005
4 0.6707 0.351 0.0179 0.0071
4 0.75 0.3702 0.0171 0.0079
1 0.726 0.3269 0.0029 0.0064
1 0.7212 0.3221 0.0029 0.0064
1 0.7596 0.3293 0.0021 0.0057
4 0.6899 0.3341 0.01 0.0086
4 0.6635 0.3197 0.0086 0.0093
4 0.6779 0.3077 0.0079 0.0057
4 0.6346 0.3534 0.0171 0.0086
4 0.613 0.3269 0.0079 0.0093
4 0.8293 0.5048 0.0236 0.0171
4 0.8702 0.4712 0.0207 0.0136
4 0.8534 0.4087 0.0164 0.0114
4 0.8774 0.3918 0.0286 0.0136
4 0.8317 0.3966 0.0236 0.0129
4 0.7957 0.3678 0.0179 0.0093
4 0.774 0.3654 0.0171 0.0079
4 0.8293 0.3726 0.0214 0.0107
4 0.8053 0.3822 0.0229 0.01
4 0.8245 0.3798 0.0193 0.01
1 0.9135 0.3726 0.0029 0.0064
4 0.8918 0.4784 0.02 0.0164
10 0.7981 0.5216 0.015 0.0071
2 0.7981 0.5192 0.01 0.0086
4 0.9471 0.4471 0.0179 0.0114
4 0.9495 0.4038 0.0257 0.0114
2 0.9856 0.4087 0.0064 0.0064
10 0.9856 0.4135 0.0093 0.0057
10 0.9784 0.4014 0.0071 0.0043
10 0.9904 0.4038 0.0079 0.0036
1 0.9663 0.3822 0.0029 0.0064
1 0.9688 0.3894 0.0036 0.0057
2 0.9784 0.399 0.0043 0.0064
2 0.9904 0.4014 0.0043 0.0071
