4 0.5385 0.7236 0.0414 0.0771
4 0.2981 0.6803 0.0686 0.0729
4 0.4111 0.5721 0.0486 0.0443
4 0.5938 0.5361 0.0343 0.0386
4 0.6322 0.4591 0.0321 0.0293
4 0.6731 0.4327 0.0236 0.0229
4 0.7188 0.3798 0.0171 0.0179
4 0.6154 0.4159 0.0236 0.0207
4 0.5312 0.4904 0.025 0.0264
4 0.5385 0.4567 0.0336 0.0264
5 0.5601 0.4615 0.0257 0.0314
5 0.5817 0.4447 0.0243 0.0279
4 0.6298 0.399 0.0186 0.0179
1 0.774 0.4135 0.0064 0.0121
1 0.7404 0.4135 0.0079 0.0136
1 0.4784 0.4159 0.0071 0.0136
1 0.5024 0.4135 0.0064 0.0157
0 0.5865 0.351 0.01 0.0157
0 0.3702 0.5361 0.0186 0.0214
10 0.9736 0.7163 0.0321 0.0264
2 0.9784 0.7091 0.0136 0.025
2 0.3173 0.601 0.0114 0.015
2 0.3005 0.601 0.0086 0.0157
10 0.3173 0.6082 0.0143 0.0214
10 0.3005 0.6058 0.0157 0.02
4 0.2596 0.8413 0.0707 0.0629
4 0.1683 0.8534 0.0679 0.0443
0 0.7644 0.2476 0.0579 0.0214
