1 0.0216 0.2933 0.0221 0.0329
1 0.125 0.2644 0.0129 0.0293
1 0.1274 0.2596 0.0143 0.0264
1 0.3798 0.2837 0.0136 0.0279
1 0.387 0.4159 0.0157 0.0329
1 0.1707 0.4976 0.0207 0.0271
1 0.351 0.4615 0.0157 0.0271
1 0.387 0.4495 0.0236 0.0329
1 0.4038 0.4135 0.0164 0.0314
1 0.5793 0.6202 0.02 0.03
1 0.5216 0.3726 0.02 0.0364
1 0.762 0.5024 0.0136 0.035
1 0.8702 0.5601 0.0164 0.0386
1 0.8726 0.6322 0.0271 0.0386
1 0.9038 0.6923 0.0229 0.0471
1 0.9447 0.7043 0.0307 0.0393
1 0.9639 0.6899 0.0229 0.0321
1 0.9808 0.6755 0.0207 0.0293
1 0.9904 0.6635 0.0136 0.0279
1 0.988 0.7404 0.0271 0.0421
