0 0.3582 0.3341 0.019 0.0095
0 0.3966 0.3341 0.022 0.008
4 0.4399 0.3365 0.009 0.0045
5 0.4519 0.3438 0.0105 0.005
4 0.4543 0.3438 0.0125 0.005
5 0.4736 0.3413 0.0095 0.0055
5 0.4736 0.3438 0.0105 0.0045
4 0.4808 0.3462 0.0105 0.006
5 0.4952 0.3438 0.01 0.0065
4 0.4952 0.3534 0.0105 0.0045
4 0.4976 0.3558 0.0105 0.005
4 0.5024 0.3558 0.012 0.006
4 0.5048 0.3606 0.0145 0.0065
4 0.5096 0.363 0.0145 0.006
4 0.524 0.363 0.008 0.0065
5 0.5072 0.3654 0.014 0.0075
5 0.4808 0.3558 0.0115 0.006
4 0.4808 0.375 0.0115 0.0075
4 0.5192 0.3726 0.017 0.0065
4 0.5216 0.375 0.016 0.006
4 0.5216 0.3774 0.0155 0.0065
4 0.5216 0.3822 0.018 0.008
5 0.4062 0.3438 0.005 0.005
4 0.4135 0.3534 0.006 0.006
4 0.387 0.3678 0.0075 0.007
4 0.3894 0.3774 0.0105 0.007
4 0.5264 0.387 0.0175 0.007
4 0.5288 0.3918 0.0195 0.008
1 0.5433 0.3918 0.0035 0.008
1 0.5481 0.3918 0.0035 0.0065
4 0.5361 0.4062 0.023 0.0095
4 0.5433 0.4159 0.0235 0.0095
4 0.5481 0.4231 0.0245 0.0095
4 0.5505 0.4279 0.026 0.0115
1 0.5649 0.4159 0.0045 0.009
1 0.5673 0.4159 0.0035 0.0095
2 0.5721 0.4159 0.004 0.0075
4 0.5697 0.4639 0.0305 0.012
4 0.5769 0.4736 0.034 0.014
4 0.5889 0.488 0.0365 0.0155
4 0.5144 0.4111 0.0115 0.0135
4 0.5 0.488 0.0345 0.0175
4 0.5 0.476 0.035 0.014
4 0.4976 0.4615 0.032 0.0135
4 0.4952 0.4399 0.03 0.0115
4 0.4952 0.4327 0.026 0.012
4 0.4904 0.4231 0.025 0.01
4 0.488 0.4135 0.0225 0.009
4 0.488 0.4062 0.0215 0.0085
1 0.2332 0.3798 0.004 0.0075
1 0.2404 0.3774 0.004 0.0075
6 0.2668 0.3798 0.016 0.009
4 0.363 0.3846 0.009 0.008
10 0.3726 0.387 0.004 0.0065
10 0.3558 0.4135 0.0045 0.0095
6 0.3341 0.4087 0.0295 0.0305
4 0.226 0.5072 0.027 0.0195
6 0.1226 0.5409 0.0575 0.032
1 0.1298 0.4255 0.0065 0.0095
6 0.1779 0.5409 0.046 0.0425
6 0.0625 0.6755 0.103 0.082
4 0.1178 0.8005 0.081 0.08
4 0.1707 0.7236 0.0585 0.0575
4 0.2139 0.6611 0.051 0.0445
1 0.4904 0.774 0.01 0.0275
2 0.8365 0.8438 0.0135 0.026
2 0.6683 0.8269 0.0175 0.027
1 0.6562 0.8365 0.013 0.0315
4 0.4351 0.5216 0.041 0.017
4 0.3918 0.5841 0.049 0.023
4 0.9808 0.5793 0.04 0.0265
4 0.9399 0.5769 0.0425 0.0275
4 0.887 0.5529 0.0245 0.0225
4 0.8462 0.5505 0.026 0.0245
4 0.8149 0.5529 0.0295 0.0255
4 0.7019 0.5793 0.0395 0.032
4 0.7812 0.5361 0.029 0.0215
4 0.7524 0.5312 0.0335 0.02
5 0.7236 0.524 0.034 0.0245
2 0.7067 0.5529 0.0075 0.0095
3 0.7067 0.5096 0.0125 0.012
1 0.6779 0.4952 0.005 0.015
1 0.7043 0.5048 0.0045 0.014
1 0.6755 0.4952 0.0055 0.0135
4 0.6683 0.5096 0.027 0.0205
4 0.6442 0.5048 0.027 0.018
