4 0.8726 0.6731 0.1393 0.0671
4 0.8774 0.5841 0.1271 0.0514
4 0.5649 0.6106 0.0279 0.0536
4 0.9351 0.5096 0.1293 0.0536
4 0.9111 0.4639 0.1121 0.0529
4 0.9279 0.4159 0.1093 0.0557
4 0.9014 0.3894 0.0929 0.0514
6 0.8317 0.1587 0.0843 0.065
6 0.7861 0.1562 0.0257 0.0207
4 0.7428 0.1947 0.0293 0.0229
6 0.7812 0.1899 0.0307 0.0429
5 0.7716 0.2284 0.03 0.0379
4 0.75 0.238 0.0264 0.0257
6 0.738 0.2812 0.0486 0.0636
4 0.6851 0.3365 0.0336 0.0386
6 0.6514 0.3462 0.0443 0.0543
6 0.6755 0.3702 0.0343 0.0364
4 0.6226 0.4423 0.0314 0.0414
4 0.613 0.4207 0.0307 0.0357
6 0.5841 0.4303 0.0307 0.0407
4 0.5361 0.512 0.0364 0.0471
4 0.4736 0.5745 0.0357 0.0443
6 0.5649 0.2909 0.0314 0.0357
6 0.5312 0.3269 0.0486 0.055
4 0.6466 0.2692 0.0257 0.0236
5 0.7644 0.137 0.0157 0.0193
1 0.6611 0.2212 0.0064 0.0064
4 0.6659 0.226 0.0193 0.0207
4 0.6562 0.25 0.0229 0.02
1 0.6587 0.2452 0.0043 0.0079
4 0.6178 0.274 0.02 0.0164
1 0.625 0.2524 0.005 0.0057
4 0.6178 0.262 0.0171 0.0171
4 0.6322 0.2548 0.0193 0.0164
4 0.6538 0.2332 0.0179 0.0193
4 0.6418 0.2332 0.0157 0.0179
2 0.3774 0.6755 0.0121 0.0114
10 0.3822 0.6755 0.0157 0.0236
5 0.1755 0.8005 0.0264 0.0386
4 0.2548 0.738 0.02 0.0186
4 0.2668 0.7163 0.0214 0.0207
4 0.2885 0.6947 0.02 0.0186
4 0.3005 0.6755 0.0236 0.0229
2 0.3293 0.6514 0.0093 0.0071
8 0.3269 0.6514 0.0229 0.02
4 0.3413 0.6322 0.0221 0.0171
4 0.3245 0.6274 0.0214 0.0164
4 0.2861 0.6683 0.0164 0.0179
4 0.2788 0.6659 0.0143 0.0143
4 0.2668 0.6635 0.0157 0.0136
4 0.2596 0.6587 0.0143 0.0121
4 0.25 0.6562 0.01 0.0107
4 0.2476 0.6538 0.0121 0.01
4 0.274 0.6875 0.02 0.015
4 0.262 0.6851 0.0114 0.0157
4 0.2548 0.6803 0.0129 0.015
4 0.2476 0.6779 0.0143 0.0143
4 0.2404 0.6731 0.0093 0.0114
4 0.2356 0.6683 0.0107 0.0136
4 0.2284 0.6683 0.0129 0.0136
4 0.2212 0.6635 0.0129 0.0107
4 0.2139 0.6587 0.0093 0.0107
4 0.2284 0.649 0.0114 0.0136
4 0.25 0.6394 0.0143 0.0129
4 0.2981 0.6274 0.0186 0.0157
4 0.2212 0.6466 0.0114 0.01
4 0.2452 0.7284 0.0207 0.0179
4 0.2548 0.7091 0.015 0.015
4 0.238 0.7163 0.0186 0.0136
4 0.2476 0.7019 0.0193 0.0121
4 0.2404 0.6971 0.0129 0.0136
4 0.2332 0.6947 0.0136 0.0136
4 0.2236 0.7091 0.0143 0.0129
4 0.2163 0.7043 0.0136 0.0129
4 0.226 0.6851 0.0129 0.0143
6 0.2091 0.6803 0.0207 0.0193
4 0.2019 0.6779 0.015 0.0157
4 0.1899 0.7163 0.0107 0.0129
4 0.1779 0.6995 0.0114 0.0114
4 0.1707 0.6899 0.0064 0.0114
4 0.1923 0.6635 0.01 0.0064
4 0.3486 0.5769 0.0186 0.0136
4 0.3197 0.5721 0.0129 0.0129
6 0.2933 0.5673 0.015 0.0129
4 0.2716 0.5817 0.0093 0.0093
4 0.2692 0.5697 0.0071 0.0071
4 0.25 0.5721 0.0079 0.0057
4 0.2404 0.5865 0.0079 0.0064
4 0.2212 0.5865 0.005 0.005
4 0.2139 0.5938 0.005 0.0057
4 0.2091 0.5986 0.0057 0.0057
4 0.1995 0.6034 0.0043 0.005
4 0.2043 0.5962 0.0043 0.0036
4 0.2019 0.5962 0.0036 0.005
4 0.2091 0.5889 0.0036 0.0036
6 0.1514 0.6394 0.0079 0.0057
10 0.1514 0.6418 0.0036 0.0021
2 0.1514 0.6418 0.0021 0.0036
4 0.1659 0.6779 0.0079 0.0086
4 0.1875 0.6587 0.0086 0.0071
4 0.1995 0.6514 0.0079 0.0064
4 0.1971 0.6394 0.0071 0.0071
4 0.1875 0.6466 0.0071 0.0064
4 0.1779 0.6538 0.0071 0.0064
4 0.1635 0.6707 0.0071 0.0071
9 0.1562 0.6611 0.0064 0.0064
4 0.1731 0.6514 0.005 0.0057
4 0.1827 0.6442 0.005 0.0064
4 0.1875 0.6322 0.0064 0.0057
4 0.1803 0.6346 0.005 0.005
4 0.1755 0.6322 0.005 0.0043
4 0.1707 0.6346 0.0057 0.0064
4 0.1635 0.6418 0.0043 0.005
4 0.1923 0.5962 0.0043 0.0043
4 0.1947 0.601 0.0036 0.0021
6 0.1875 0.6082 0.0064 0.005
4 0.1827 0.6058 0.0029 0.0036
4 0.1875 0.601 0.0043 0.0029
4 0.1755 0.6058 0.0036 0.0029
4 0.1755 0.6034 0.0036 0.0029
4 0.1779 0.5986 0.0036 0.0029
0 0.1538 0.613 0.0329 0.0236
