4 0.4014 0.7139 0.0334 0.0371
4 0.3798 0.625 0.0339 0.0381
4 0.3822 0.5793 0.0423 0.023
8 0.3149 0.5745 0.0146 0.0245
4 0.4712 0.5409 0.0261 0.0282
4 0.512 0.4784 0.0235 0.0271
1 0.5024 0.4615 0.0052 0.0125
4 0.5361 0.4351 0.0193 0.023
5 0.5697 0.3798 0.0151 0.0188
4 0.5048 0.3726 0.0266 0.0115
4 0.5144 0.3654 0.0256 0.012
4 0.5312 0.3438 0.0261 0.013
5 0.5457 0.3221 0.0204 0.0125
4 0.5505 0.3197 0.0167 0.011
5 0.6058 0.2957 0.023 0.0115
10 0.5697 0.3005 0.0078 0.0052
2 0.5697 0.2981 0.0037 0.0057
4 0.5553 0.3029 0.0214 0.0099
4 0.5337 0.3005 0.0162 0.0104
5 0.5024 0.2981 0.0235 0.0115
10 0.4567 0.2837 0.0078 0.0042
2 0.4567 0.2837 0.0026 0.0042
1 0.4519 0.2764 0.0026 0.0073
4 0.4591 0.2812 0.0188 0.0089
4 0.0865 0.3438 0.0251 0.013
4 0.1707 0.3077 0.0198 0.0115
5 0.1875 0.2981 0.0183 0.0146
5 0.2067 0.2909 0.0177 0.0136
6 0.2212 0.2837 0.023 0.0188
8 0.3221 0.2764 0.012 0.0099
10 0.25 0.25 0.0057 0.0052
2 0.25 0.2476 0.0026 0.0063
4 0.1803 0.238 0.0146 0.0073
10 0.1851 0.2284 0.0094 0.0073
4 0.1923 0.2284 0.0157 0.0068
4 0.1755 0.226 0.0104 0.0073
4 0.1923 0.2236 0.0136 0.0078
4 0.2188 0.226 0.011 0.0068
4 0.2236 0.2284 0.011 0.0063
4 0.4135 0.2644 0.0167 0.0084
4 0.3606 0.226 0.012 0.0094
4 0.3702 0.2236 0.011 0.0057
5 0.3822 0.2404 0.011 0.0084
5 0.387 0.2356 0.0146 0.0099
10 0.4207 0.2596 0.0089 0.0047
2 0.4231 0.2572 0.0031 0.0063
1 0.5337 0.262 0.0031 0.0078
4 0.6875 0.2332 0.0094 0.0068
4 0.6899 0.226 0.0084 0.0068
