6 0.0889 0.5433 0.03 0.0443
6 0.2524 0.2981 0.0114 0.0257
0 0.3149 0.1418 0.0143 0.0171
0 0.2668 0.2163 0.0279 0.0343
4 0.274 0.238 0.005 0.005
4 0.3005 0.2091 0.0036 0.0036
4 0.2981 0.2332 0.0043 0.0043
4 0.262 0.2788 0.005 0.0079
4 0.2861 0.2764 0.0043 0.005
4 0.2668 0.262 0.0043 0.0064
4 0.2764 0.3077 0.005 0.0064
4 0.3005 0.1803 0.005 0.0043
4 0.2981 0.1707 0.0036 0.0036
9 0.2909 0.2043 0.005 0.0086
9 0.3029 0.2163 0.0064 0.01
5 0.2909 0.2572 0.0043 0.0043
6 0.2837 0.2885 0.0079 0.0121
6 0.2692 0.2476 0.005 0.0079
4 0.2692 0.3269 0.0064 0.0071
1 0.2885 0.3221 0.0021 0.005
1 0.226 0.3149 0.0021 0.0057
1 0.2933 0.2861 0.0021 0.0043
0 0.2861 0.3389 0.0186 0.015
0 0.2308 0.3005 0.01 0.0057
0 0.2812 0.4303 0.0257 0.0207
0 0.2188 0.4087 0.0064 0.0214
0 0.1587 0.4111 0.0214 0.0114
4 0.125 0.4832 0.0121 0.0121
1 0.262 0.4471 0.0036 0.0071
1 0.2548 0.5649 0.005 0.0093
6 0.7212 0.6875 0.025 0.035
4 0.3101 0.4567 0.0086 0.0121
4 0.3101 0.4447 0.0079 0.0114
4 0.3053 0.4856 0.0071 0.0129
0 0.3341 0.3293 0.0029 0.0043
0 0.3005 0.2524 0.0043 0.0079
0 0.4135 0.2716 0.0236 0.0114
0 0.4447 0.2572 0.0143 0.0086
4 0.6034 0.3486 0.0129 0.005
4 0.6082 0.3558 0.0107 0.005
4 0.625 0.3654 0.0114 0.0057
4 0.6298 0.3582 0.0057 0.0064
4 0.6082 0.3317 0.0071 0.0071
4 0.6082 0.3606 0.0121 0.0043
4 0.6082 0.363 0.0121 0.005
6 0.8966 0.7909 0.0386 0.0414
4 0.4808 0.6514 0.01 0.0207
4 0.5096 0.6683 0.015 0.0179
4 0.5288 0.6466 0.0171 0.0157
4 0.5481 0.6298 0.0157 0.0171
4 0.5649 0.613 0.0157 0.0164
4 0.5817 0.5962 0.0143 0.015
4 0.6082 0.5721 0.0129 0.015
4 0.6274 0.5505 0.0093 0.0121
4 0.5168 0.6154 0.0171 0.0179
4 0.5361 0.5986 0.015 0.0157
4 0.5553 0.5793 0.0143 0.0157
4 0.6058 0.5337 0.0143 0.015
5 0.0288 0.4567 0.0093 0.0143
0 0.125 0.4591 0.0057 0.0071
