4 0.0817 0.3798 0.0821 0.0371
4 0.2764 0.3726 0.0879 0.0371
10 0.2837 0.3341 0.025 0.0379
8 0.238 0.3942 0.0471 0.0229
1 0.5385 0.4279 0.0093 0.0157
10 0.4519 0.3149 0.0129 0.0321
4 0.5361 0.3245 0.035 0.0643
4 0.5817 0.3558 0.0357 0.0771
4 0.5817 0.2812 0.0257 0.0514
4 0.6178 0.2764 0.0321 0.0586
2 0.6731 0.5168 0.0107 0.0157
2 0.6827 0.5144 0.01 0.0157
10 0.6707 0.5168 0.0357 0.0107
4 0.6635 0.3125 0.0371 0.0629
4 0.7067 0.3101 0.0357 0.0586
4 0.7452 0.3077 0.0364 0.0607
4 0.7812 0.3029 0.035 0.0571
4 0.7668 0.2404 0.0379 0.0579
1 0.6106 0.7212 0.0107 0.0121
2 0.7476 0.7981 0.0136 0.0157
10 0.7452 0.7981 0.0214 0.035
4 0.8125 0.6755 0.0914 0.0379
6 0.9399 0.6466 0.1171 0.0443
4 0.8221 0.5889 0.0893 0.0436
4 0.9327 0.5793 0.095 0.045
6 0.8534 0.5168 0.14 0.0664
10 0.8942 0.4591 0.0386 0.0171
2 0.9014 0.4567 0.0164 0.015
4 0.9038 0.3558 0.0814 0.0557
6 0.4327 0.3726 0.0986 0.0443
