4 0.4014 0.6034 0.0436 0.0471
4 0.3702 0.5913 0.0457 0.0457
4 0.4062 0.5433 0.0364 0.0379
4 0.4351 0.5505 0.0386 0.0379
4 0.4591 0.5096 0.0307 0.0307
4 0.4375 0.5 0.0329 0.0293
4 0.4808 0.4832 0.0286 0.0271
4 0.5024 0.4495 0.0257 0.0257
5 0.4784 0.4471 0.025 0.0307
4 0.5192 0.4207 0.02 0.0243
4 0.4952 0.4231 0.0229 0.0193
4 0.5096 0.4038 0.0221 0.0193
4 0.5216 0.3918 0.0186 0.0186
4 0.601 0.4255 0.015 0.0186
2 0.5096 0.3558 0.0036 0.0057
2 0.5481 0.3197 0.0036 0.005
10 0.5096 0.3606 0.0036 0.0064
10 0.5481 0.3221 0.0036 0.005
0 0.5337 0.3365 0.005 0.0086
0 0.6827 0.1779 0.0086 0.0121
0 0.6731 0.1899 0.0093 0.0143
0 0.6659 0.2043 0.0193 0.0143
0 0.6635 0.2188 0.0207 0.0093
0 0.6442 0.2212 0.0136 0.0143
4 0.6178 0.2404 0.0086 0.0043
4 0.6683 0.274 0.0071 0.01
4 0.6683 0.238 0.0064 0.0057
4 0.6418 0.2404 0.0093 0.005
1 0.6058 0.25 0.0029 0.0064
1 0.5601 0.2885 0.0029 0.0071
0 0.5962 0.262 0.0107 0.0114
0 0.5865 0.274 0.0043 0.0079
0 0.5264 0.3365 0.0043 0.0086
2 0.5529 0.3053 0.0029 0.005
2 0.5577 0.3101 0.0036 0.005
2 0.5625 0.3125 0.0036 0.005
10 0.5529 0.3077 0.0036 0.0043
10 0.5625 0.3173 0.0029 0.0057
10 0.5577 0.3125 0.0036 0.0043
0 0.5673 0.3173 0.0036 0.0057
0 0.5433 0.3077 0.005 0.0079
0 0.4447 0.4423 0.0093 0.0129
