5 0.4423 0.6562 0.0465 0.0324
4 0.8822 0.6562 0.0412 0.0491
4 0.8438 0.4808 0.0418 0.0172
4 0.625 0.4567 0.0407 0.0183
4 0.9303 0.488 0.047 0.0193
4 0.6899 0.3822 0.013 0.0162
4 0.6731 0.375 0.013 0.0167
5 0.6851 0.3654 0.0141 0.0183
4 0.6683 0.3654 0.0104 0.0146
4 0.6635 0.3173 0.0099 0.011
4 0.6611 0.3005 0.0094 0.0089
4 0.6779 0.2837 0.0084 0.0089
4 0.4567 0.3197 0.0224 0.0104
4 0.4615 0.3149 0.0193 0.0057
2 0.6442 0.4183 0.0037 0.0078
2 0.5986 0.387 0.0037 0.0063
2 0.613 0.3197 0.0031 0.0057
2 0.6178 0.3077 0.0037 0.0042
10 0.6106 0.3221 0.0042 0.0063
10 0.5986 0.3894 0.0047 0.0063
10 0.6418 0.4207 0.0125 0.0084
10 0.6178 0.3101 0.0037 0.0031
5 0.6827 0.3413 0.0115 0.0172
4 0.6635 0.2668 0.0073 0.0073
4 0.6442 0.2548 0.0063 0.0063
4 0.6538 0.2572 0.0063 0.0057
4 0.6611 0.2524 0.0068 0.0063
4 0.6659 0.2476 0.0052 0.0063
4 0.6611 0.2356 0.0068 0.0057
4 0.649 0.2332 0.0063 0.0052
4 0.6587 0.2308 0.0047 0.0047
4 0.6514 0.2308 0.0052 0.0052
4 0.6514 0.2236 0.0052 0.0052
2 0.6226 0.2332 0.0021 0.0037
10 0.6226 0.2356 0.0026 0.0047
1 0.8389 0.4447 0.0063 0.0078
1 0.8822 0.4447 0.0037 0.0073
10 0.8365 0.4495 0.0151 0.0073
10 0.8798 0.4495 0.012 0.0073
10 0.5601 0.7476 0.011 0.0303
10 0.3534 0.637 0.0198 0.0141
10 0.3558 0.6298 0.0177 0.013
