4 0.3462 0.7644 0.0444 0.0371
4 0.5 0.774 0.0292 0.0162
4 0.4567 0.7404 0.0511 0.0511
10 0.75 0.7236 0.0146 0.0167
1 0.7981 0.7308 0.0146 0.0172
4 0.7885 0.6514 0.0532 0.0444
2 0.8606 0.6106 0.0089 0.0136
4 0.8726 0.5697 0.0402 0.0339
4 0.3534 0.5457 0.0308 0.035
4 0.4303 0.5144 0.036 0.0339
5 0.4471 0.5 0.035 0.0303
4 0.4712 0.4928 0.0297 0.0245
10 0.4928 0.4688 0.0125 0.0115
4 0.5264 0.4591 0.0329 0.0277
5 0.5433 0.4471 0.0266 0.024
4 0.9928 0.3726 0.0162 0.0146
4 0.9856 0.3149 0.0287 0.0151
4 0.976 0.2812 0.0303 0.0167
4 0.9856 0.2764 0.0245 0.0167
6 0.7812 0.3101 0.0506 0.0292
4 0.7837 0.2933 0.0292 0.0151
4 0.8173 0.3077 0.0266 0.013
4 0.0577 0.4327 0.0266 0.0266
4 0.1202 0.4135 0.0245 0.0251
4 0.0817 0.4014 0.0324 0.0177
4 0.0409 0.4135 0.0412 0.023
4 0.0096 0.4038 0.0177 0.0172
4 0.2043 0.2981 0.0282 0.0162
5 0.1995 0.2909 0.0235 0.0162
4 0.1707 0.274 0.0287 0.0162
4 0.1442 0.2572 0.0256 0.0146
4 0.1418 0.25 0.0219 0.0099
9 0.0793 0.2668 0.0151 0.0146
5 0.0697 0.2572 0.0141 0.013
4 0.0264 0.2596 0.0188 0.0151
4 0.0168 0.2476 0.0146 0.0136
4 0.0481 0.238 0.0172 0.0136
4 0.0288 0.2236 0.0162 0.0078
