7 0.149 0.5841 0.0164 0.0064
10 0.1418 0.6202 0.01 0.0029
10 0.1442 0.5986 0.01 0.0036
10 0.1418 0.6034 0.01 0.0029
3 0.1466 0.6082 0.01 0.0014
3 0.1514 0.5986 0.0079 0.0014
3 0.137 0.625 0.0079 0.0014
3 0.1466 0.625 0.0086 0.0014
3 0.1466 0.6298 0.0114 0.0021
3 0.1418 0.6394 0.01 0.0021
10 0.4423 0.8005 0.0086 0.0079
10 0.4567 0.8125 0.0079 0.0079
10 0.4519 0.8077 0.0079 0.0079
10 0.4471 0.8029 0.0071 0.0064
1 0.1611 0.7692 0.0071 0.0029
1 0.875 0.5577 0.0057 0.0029
1 0.9014 0.6298 0.0064 0.0043
1 0.9087 0.6274 0.0057 0.0043
1 0.9279 0.5457 0.0064 0.0057
1 0.6154 0.5793 0.0043 0.0043
1 0.625 0.5865 0.0043 0.0029
5 0.6851 0.4784 0.015 0.025
4 0.6971 0.476 0.0129 0.0221
4 0.7404 0.476 0.015 0.0207
4 0.6971 0.4327 0.0121 0.0236
4 0.7356 0.4303 0.0143 0.0236
4 0.7524 0.4303 0.015 0.0243
4 0.7716 0.476 0.0143 0.0229
5 0.7668 0.4303 0.0229 0.025
4 0.7788 0.4279 0.0143 0.02
4 0.7933 0.4279 0.015 0.0193
4 0.8197 0.4279 0.0164 0.0221
4 0.863 0.4255 0.0157 0.0229
4 0.8798 0.4255 0.0164 0.0214
4 0.8534 0.476 0.0164 0.0214
4 0.8726 0.476 0.0164 0.0229
5 0.8894 0.476 0.0157 0.0214
4 0.9038 0.4712 0.0179 0.0221
4 0.9976 0.4688 0.0093 0.0229
4 0.9856 0.2885 0.0243 0.0107
4 0.9615 0.2885 0.025 0.0114
4 0.9351 0.2909 0.0236 0.01
4 0.9087 0.2909 0.0236 0.0114
5 0.8822 0.2909 0.0221 0.0114
4 0.8558 0.2933 0.0229 0.01
4 0.8293 0.2933 0.0221 0.01
4 0.8029 0.2933 0.0214 0.01
4 0.7788 0.2957 0.0221 0.0114
4 0.7212 0.2957 0.0236 0.0107
4 0.7524 0.2957 0.0207 0.01
4 0.6947 0.2981 0.0221 0.0107
4 0.6659 0.2981 0.0221 0.0107
4 0.6442 0.2981 0.02 0.0107
4 0.6178 0.3005 0.0229 0.0093
4 0.5913 0.3005 0.0179 0.01
6 0.5673 0.2981 0.0279 0.0171
4 0.5385 0.3005 0.0207 0.0107
4 0.5144 0.3029 0.0207 0.01
4 0.4904 0.3029 0.0207 0.01
4 0.4639 0.3029 0.0207 0.0107
6 0.4375 0.3029 0.0214 0.0129
10 0.0697 0.149 0.0064 0.0036
4 0.0625 0.1779 0.0229 0.01
4 0.0505 0.2091 0.0221 0.0093
4 0.0481 0.226 0.0207 0.0107
4 0.101 0.2188 0.0107 0.0186
4 0.1082 0.2356 0.01 0.0186
4 0.1178 0.2356 0.0093 0.0193
4 0.2356 0.2212 0.0207 0.01
1 0.274 0.2212 0.0036 0.005
4 0.2356 0.2115 0.02 0.01
4 0.238 0.2043 0.0207 0.0086
4 0.2404 0.1947 0.0207 0.0093
4 0.2428 0.1875 0.0179 0.0093
4 0.2764 0.1827 0.0186 0.01
10 0.2524 0.1683 0.0064 0.01
4 0.2764 0.1635 0.0186 0.01
4 0.2788 0.1562 0.0193 0.0093
5 0.2764 0.238 0.0171 0.0093
4 0.351 0.2668 0.02 0.0086
4 0.351 0.2596 0.0214 0.0107
4 0.3534 0.25 0.0186 0.0086
4 0.3894 0.2572 0.0193 0.01
4 0.3894 0.2476 0.0179 0.0093
4 0.3894 0.1587 0.0086 0.0143
4 0.387 0.1394 0.0186 0.0086
4 0.5192 0.2404 0.0129 0.015
4 0.5649 0.2548 0.0086 0.0171
4 0.5769 0.2308 0.0207 0.0107
4 0.5769 0.2139 0.0193 0.0107
4 0.5745 0.1875 0.0186 0.01
4 0.5745 0.1731 0.0186 0.0107
4 0.5673 0.1466 0.0186 0.01
10 0.5625 0.137 0.0064 0.0043
10 0.5697 0.1346 0.0064 0.0043
4 0.7139 0.1346 0.0179 0.0107
4 0.7188 0.1562 0.0193 0.0114
4 0.7236 0.1755 0.0186 0.01
4 0.726 0.1827 0.0171 0.0093
4 0.7308 0.1995 0.02 0.01
4 0.7308 0.2067 0.0214 0.01
4 0.7356 0.2139 0.0207 0.0093
4 0.7356 0.2212 0.0207 0.01
4 0.863 0.1322 0.0186 0.0107
4 0.875 0.1587 0.0193 0.01
5 0.8798 0.1635 0.02 0.0107
4 0.887 0.1971 0.0207 0.0143
4 0.887 0.2043 0.0193 0.0136
4 0.9038 0.2452 0.0129 0.0171
