1 0.4856 0.762 0.0085 0.031
1 0.5072 0.7692 0.009 0.0215
1 0.5168 0.7812 0.0115 0.0175
1 0.5264 0.7812 0.0145 0.025
1 0.488 0.7476 0.005 0.0165
1 0.488 0.7332 0.0085 0.024
2 0.4519 0.738 0.0135 0.014
1 0.4928 0.6923 0.0125 0.0265
1 0.4976 0.6875 0.007 0.0145
4 0.4423 0.6683 0.0815 0.0435
4 0.4543 0.6202 0.075 0.037
1 0.4423 0.5889 0.01 0.0235
2 0.4159 0.5625 0.011 0.0175
1 0.4663 0.5625 0.009 0.023
1 0.4615 0.5553 0.0075 0.0205
1 0.4543 0.5433 0.0075 0.024
1 0.4736 0.5361 0.0085 0.0205
1 0.476 0.5264 0.0095 0.0235
1 0.4303 0.512 0.0105 0.019
1 0.4543 0.512 0.0075 0.0195
2 0.4591 0.5024 0.0095 0.0205
10 0.4591 0.5096 0.01 0.0165
1 0.4231 0.4784 0.0085 0.0185
1 0.4327 0.4904 0.009 0.0195
3 0.4351 0.4952 0.0125 0.0195
2 0.4591 0.4904 0.0085 0.0135
3 0.4615 0.4928 0.0105 0.0155
2 0.4736 0.4928 0.0055 0.0115
1 0.4784 0.4928 0.007 0.018
1 0.4591 0.4712 0.007 0.02
10 0.4784 0.5024 0.0115 0.0155
3 0.476 0.5096 0.0125 0.016
7 0.4303 0.5096 0.0165 0.0215
1 0.4688 0.4615 0.008 0.0195
7 0.4663 0.4543 0.018 0.011
1 0.4471 0.4423 0.0065 0.019
2 0.4567 0.4447 0.01 0.013
1 0.4207 0.4351 0.007 0.0185
1 0.4303 0.4327 0.0055 0.0185
2 0.4279 0.4303 0.004 0.008
1 0.4351 0.4303 0.005 0.0185
2 0.4519 0.4279 0.009 0.0115
2 0.4615 0.4279 0.0075 0.0135
2 0.4663 0.4351 0.006 0.0155
1 0.4159 0.4183 0.006 0.017
1 0.4207 0.4183 0.007 0.0165
1 0.4255 0.4087 0.0065 0.0175
1 0.4423 0.3918 0.0055 0.016
1 0.4062 0.399 0.0075 0.01
2 0.4111 0.3966 0.003 0.0065
1 0.4111 0.3918 0.006 0.0125
1 0.4111 0.3846 0.0045 0.012
2 0.4135 0.387 0.0035 0.007
1 0.3942 0.387 0.0035 0.016
1 0.4207 0.3798 0.006 0.016
1 0.4255 0.3702 0.0055 0.015
1 0.4279 0.363 0.004 0.015
2 0.4303 0.3606 0.0055 0.009
4 0.476 0.3365 0.016 0.0195
4 0.4519 0.3269 0.022 0.014
5 0.4159 0.3005 0.022 0.0135
5 0.4399 0.2909 0.021 0.0115
5 0.4231 0.2812 0.012 0.014
4 0.4207 0.2764 0.0175 0.0115
5 0.4038 0.2716 0.0145 0.0135
4 0.3918 0.2668 0.0135 0.0115
5 0.3822 0.2572 0.015 0.0135
1 0.3606 0.2644 0.0035 0.0085
5 0.3654 0.2596 0.0145 0.013
4 0.3678 0.25 0.015 0.0105
4 0.3654 0.274 0.015 0.011
4 0.3534 0.2668 0.0165 0.0105
2 0.5649 0.6755 0.0135 0.0255
10 0.5649 0.6803 0.014 0.0325
1 0.512 0.6274 0.007 0.016
1 0.5216 0.6226 0.011 0.0225
2 0.6418 0.6611 0.0155 0.0185
2 0.5986 0.5913 0.0105 0.021
2 0.6106 0.5841 0.0085 0.019
1 0.5529 0.5697 0.011 0.023
2 0.5361 0.5337 0.0105 0.0145
2 0.5264 0.524 0.0085 0.0165
2 0.524 0.5192 0.0095 0.0135
2 0.5168 0.5096 0.0095 0.0165
10 0.4183 0.351 0.006 0.0115
4 0.4952 0.3486 0.024 0.019
1 0.4976 0.3606 0.003 0.011
1 0.5024 0.3606 0.004 0.0115
4 0.5192 0.3462 0.0265 0.0195
1 0.5288 0.3341 0.005 0.0145
2 0.5312 0.3365 0.004 0.008
2 0.5409 0.3389 0.005 0.008
5 0.0409 0.3462 0.0425 0.02
6 0.0865 0.3341 0.062 0.0315
5 0.3894 0.3269 0.022 0.0195
1 0.5433 0.3293 0.003 0.011
2 0.5505 0.3341 0.0035 0.0065
2 0.5673 0.3389 0.0055 0.0135
10 0.5673 0.3413 0.0105 0.009
2 0.5673 0.3341 0.0035 0.011
3 0.5649 0.3389 0.01 0.008
1 0.5913 0.3389 0.004 0.015
1 0.5962 0.3341 0.004 0.012
1 0.6082 0.3341 0.0045 0.012
1 0.6106 0.3317 0.003 0.0125
1 0.613 0.3317 0.0035 0.0105
6 0.5986 0.3293 0.0305 0.019
3 0.5889 0.5529 0.0135 0.022
10 0.738 0.6923 0.0265 0.03
4 0.9615 0.5697 0.079 0.048
4 0.8654 0.5168 0.067 0.039
1 0.7981 0.5144 0.011 0.0225
5 0.7981 0.4784 0.056 0.036
4 0.7404 0.4519 0.0545 0.032
5 0.6899 0.4231 0.0375 0.0335
5 0.6514 0.4014 0.042 0.033
4 0.6226 0.4087 0.0395 0.024
1 0.6058 0.3894 0.008 0.0155
1 0.6082 0.387 0.0055 0.0165
1 0.5865 0.363 0.0055 0.014
1 0.5913 0.363 0.004 0.0115
7 0.6178 0.3822 0.0205 0.02
1 0.6058 0.3678 0.0055 0.0165
2 0.6154 0.3606 0.006 0.0085
1 0.6154 0.3438 0.0055 0.0145
4 0.6178 0.3389 0.031 0.0165
1 0.5769 0.3317 0.004 0.012
3 0.5769 0.3317 0.0095 0.008
1 0.6538 0.3389 0.004 0.0135
1 0.6635 0.3341 0.005 0.014
1 0.6538 0.3293 0.0035 0.0145
6 0.6923 0.3413 0.0455 0.0285
1 0.6827 0.3245 0.0045 0.0135
2 0.726 0.3173 0.0035 0.012
10 0.7236 0.3197 0.0105 0.0085
1 0.7356 0.3173 0.007 0.0125
2 0.7404 0.3269 0.0035 0.0115
10 0.738 0.3293 0.0125 0.0085
1 0.7452 0.3269 0.003 0.012
1 0.7524 0.3245 0.0035 0.0095
1 0.7548 0.3221 0.004 0.0125
1 0.7596 0.3173 0.0035 0.013
1 0.762 0.3173 0.0055 0.012
4 0.7332 0.2885 0.0305 0.0145
4 0.7452 0.2668 0.0255 0.0115
1 0.7476 0.2548 0.005 0.0105
2 0.8197 0.7644 0.0185 0.0235
2 0.8221 0.7644 0.0125 0.006
2 0.8269 0.7861 0.0165 0.0165
2 0.9231 0.8534 0.0245 0.0275
1 0.9423 0.8534 0.027 0.0255
0 0.2163 0.1683 0.075 0.0315
