4 0.3822 0.7981 0.1507 0.1579
4 0.0697 0.762 0.1379 0.11
4 0.1202 0.7019 0.1693 0.1021
4 0.2404 0.6274 0.1379 0.0743
4 0.5745 0.6779 0.0793 0.0986
4 0.3894 0.5793 0.1114 0.0521
4 0.3726 0.5505 0.1107 0.0414
4 0.4231 0.5096 0.0971 0.0393
4 0.5577 0.5769 0.0764 0.0793
4 0.6346 0.5673 0.0571 0.0564
4 0.8077 0.5721 0.0686 0.0607
4 0.8654 0.5337 0.0993 0.0414
4 0.8654 0.5144 0.1029 0.0421
4 0.851 0.4952 0.0964 0.0336
4 0.8293 0.4856 0.1007 0.04
4 0.8341 0.4663 0.0979 0.0336
4 0.6587 0.5096 0.0457 0.0493
5 0.5938 0.5216 0.0457 0.0586
4 0.601 0.488 0.0464 0.0386
4 0.6226 0.4495 0.0314 0.0379
4 0.6611 0.4447 0.0329 0.0336
4 0.5337 0.4688 0.0429 0.0429
4 0.6298 0.4014 0.0286 0.0221
4 0.637 0.3654 0.0236 0.0221
4 0.5457 0.4471 0.0329 0.0264
4 0.5553 0.4255 0.0293 0.0271
5 0.5673 0.4062 0.0236 0.0321
4 0.5769 0.387 0.0236 0.0257
1 0.5938 0.387 0.0086 0.015
1 0.6034 0.387 0.0093 0.0179
4 0.7981 0.4351 0.0779 0.025
4 0.7885 0.4279 0.0686 0.0271
4 0.7692 0.4014 0.0643 0.0236
4 0.7548 0.3942 0.0579 0.0221
4 0.7452 0.3774 0.0457 0.0207
4 0.7332 0.3654 0.0407 0.0207
4 0.7212 0.363 0.04 0.0214
4 0.6635 0.3558 0.0221 0.0143
4 0.5938 0.351 0.0193 0.0193
4 0.6442 0.3462 0.0164 0.0136
5 0.7596 0.8293 0.0957 0.0929
