6 0.0553 0.7236 0.1071 0.1164
6 0.0697 0.7572 0.09 0.05
6 0.1514 0.6923 0.1 0.0993
4 0.2332 0.637 0.0593 0.0521
4 0.2788 0.5841 0.0493 0.06
5 0.2981 0.7236 0.0457 0.0486
4 0.3317 0.7404 0.0543 0.0586
4 0.5192 0.7572 0.05 0.0514
4 0.4207 0.6298 0.0464 0.0536
9 0.4014 0.5913 0.0486 0.055
5 0.5168 0.4519 0.0371 0.0414
5 0.5457 0.4736 0.0386 0.0429
4 0.625 0.4976 0.0464 0.0507
10 0.6707 0.5168 0.0136 0.0179
2 0.6707 0.5168 0.0114 0.0129
4 0.6106 0.3341 0.0464 0.0486
4 0.6418 0.3486 0.0443 0.0464
6 0.8005 0.3173 0.1029 0.0729
6 0.8053 0.2476 0.1121 0.055
