5 0.1971 0.5553 0.0343 0.0421
4 0.1731 0.4495 0.0229 0.0171
5 0.1851 0.3966 0.0186 0.0171
5 0.2163 0.387 0.0171 0.0157
5 0.226 0.3486 0.0164 0.0179
5 0.262 0.3654 0.0143 0.015
5 0.2837 0.3197 0.0093 0.01
5 0.3005 0.3101 0.0079 0.0107
6 0.2788 0.3654 0.0186 0.0293
6 0.2067 0.3462 0.0221 0.0229
6 0.2957 0.3726 0.0179 0.0207
4 0.2332 0.3221 0.01 0.0086
4 0.274 0.3389 0.0107 0.0107
4 0.2885 0.3125 0.0071 0.0079
4 0.2476 0.3053 0.0079 0.0064
4 0.3173 0.3029 0.0071 0.0086
4 0.2933 0.3005 0.0064 0.0079
4 0.3101 0.2909 0.0071 0.0057
4 0.3029 0.2885 0.0057 0.0057
4 0.2596 0.2957 0.0079 0.0071
4 0.2644 0.2909 0.0064 0.0064
4 0.3125 0.2837 0.005 0.0071
4 0.3245 0.2788 0.0057 0.0071
4 0.3245 0.2716 0.0057 0.005
6 0.274 0.2764 0.0093 0.0107
6 0.2837 0.274 0.0086 0.0093
6 0.2885 0.2668 0.0093 0.0107
6 0.3053 0.2764 0.0071 0.01
4 0.3197 0.2644 0.0043 0.005
4 0.3101 0.2692 0.0043 0.005
4 0.3005 0.2644 0.0057 0.0057
4 0.3173 0.2572 0.005 0.005
6 0.2981 0.25 0.0057 0.0086
6 0.3029 0.25 0.0043 0.0071
4 0.3005 0.2596 0.0043 0.005
4 0.2909 0.2572 0.0036 0.0043
6 0.2957 0.262 0.0064 0.0086
4 0.3029 0.262 0.005 0.0057
4 0.3077 0.2548 0.0043 0.005
0 0.3221 0.2428 0.0314 0.0179
9 0.5649 0.7188 0.0436 0.0786
4 0.7933 0.7476 0.0593 0.0393
4 0.6538 0.6346 0.0271 0.0336
4 0.637 0.6082 0.0257 0.03
4 0.625 0.5841 0.0421 0.0221
4 0.6034 0.5649 0.0236 0.0264
4 0.5745 0.5529 0.0264 0.0257
4 0.5889 0.5481 0.0214 0.025
6 0.5048 0.5144 0.0321 0.0371
4 0.5433 0.4976 0.0179 0.02
4 0.5337 0.4856 0.0164 0.02
4 0.524 0.476 0.0171 0.0171
4 0.5144 0.4639 0.0171 0.0186
4 0.4399 0.4255 0.0136 0.0121
5 0.488 0.4327 0.0157 0.0171
4 0.4808 0.4255 0.0114 0.0114
4 0.4712 0.4159 0.015 0.0129
4 0.4688 0.4087 0.0107 0.0121
6 0.4279 0.4014 0.0164 0.02
9 0.3966 0.3606 0.0143 0.0171
6 0.3798 0.3341 0.0121 0.0186
6 0.3894 0.3365 0.0129 0.015
4 0.3846 0.363 0.01 0.0107
4 0.387 0.351 0.0079 0.0079
4 0.4014 0.3918 0.0129 0.0136
1 0.5481 0.4712 0.0064 0.0121
1 0.4447 0.3534 0.0043 0.0071
1 0.4688 0.3822 0.0029 0.0093
1 0.4712 0.3822 0.0036 0.0086
1 0.4111 0.3269 0.0036 0.0071
4 0.4543 0.3918 0.0121 0.0129
4 0.4399 0.387 0.0114 0.0121
4 0.4471 0.387 0.0086 0.01
4 0.4447 0.3822 0.01 0.0093
4 0.4375 0.3774 0.01 0.0107
4 0.4327 0.3678 0.0093 0.0107
4 0.3678 0.3197 0.0064 0.0064
6 0.3846 0.3053 0.01 0.0107
4 0.3654 0.3029 0.0071 0.0086
0 0.3702 0.2788 0.0371 0.035
1 0.012 0.4808 0.005 0.0114
1 0.0072 0.4808 0.0036 0.0114
1 0.0817 0.4111 0.0057 0.0093
1 0.0962 0.4231 0.0036 0.0086
1 0.0986 0.4231 0.0036 0.0093
1 0.101 0.4135 0.005 0.01
1 0.0865 0.4087 0.0064 0.01
1 0.0889 0.4038 0.0057 0.0093
1 0.1058 0.4159 0.0036 0.0071
1 0.1178 0.399 0.0043 0.01
1 0.1202 0.4087 0.0043 0.0093
1 0.149 0.3678 0.0043 0.0079
1 0.1611 0.363 0.0036 0.0057
1 0.2163 0.3101 0.0029 0.0057
1 0.2067 0.3173 0.0029 0.0057
1 0.1947 0.3221 0.0029 0.0057
1 0.2019 0.3173 0.0029 0.005
1 0.1755 0.351 0.0043 0.0064
