10 0.2019 0.2572 0.0071 0.0164
10 0.2212 0.2476 0.0079 0.0143
10 0.2428 0.2548 0.0086 0.02
4 0.3173 0.2404 0.0186 0.0329
4 0.3125 0.1875 0.0179 0.0236
4 0.3101 0.1466 0.015 0.0186
4 0.0144 0.3269 0.025 0.0207
4 0.3558 0.4688 0.0307 0.0507
4 0.4567 0.8317 0.05 0.0907
4 0.4447 0.726 0.0464 0.0943
4 0.4255 0.6106 0.0371 0.065
5 0.3654 0.5361 0.0336 0.0571
5 0.4062 0.5048 0.0307 0.05
4 0.4423 0.4062 0.0314 0.0486
5 0.5072 0.3245 0.0371 0.0329
1 0.5721 0.3125 0.0071 0.0164
1 0.5649 0.3245 0.0043 0.0121
1 0.5529 0.3558 0.0057 0.0207
1 0.5433 0.3558 0.0057 0.02
1 0.5144 0.1731 0.0036 0.0107
4 0.375 0.2812 0.0207 0.0271
10 0.5601 0.2332 0.015 0.0129
10 0.5505 0.226 0.0121 0.01
10 0.5457 0.1971 0.0164 0.0114
4 0.6154 0.262 0.045 0.0207
1 0.6394 0.4111 0.005 0.0186
1 0.762 0.3365 0.0107 0.0243
4 0.8462 0.1803 0.0214 0.0143
1 0.8245 0.4327 0.0121 0.0229
2 0.2404 0.2476 0.0093 0.0107
2 0.2236 0.2452 0.0071 0.0107
2 0.2019 0.2524 0.0093 0.01
2 0.5457 0.1995 0.0121 0.0114
2 0.5625 0.2308 0.0086 0.0121
2 0.5481 0.2236 0.0093 0.0107
