1 0.1779 0.4351 0.0093 0.0186
1 0.1779 0.4279 0.0114 0.0186
10 0.0144 0.4135 0.0136 0.0207
10 0.0288 0.4111 0.0157 0.0229
10 0.0433 0.4111 0.01 0.0207
1 0.3413 0.363 0.005 0.0136
1 0.351 0.363 0.0043 0.0136
1 0.3606 0.363 0.0036 0.0129
1 0.3606 0.3582 0.0029 0.0129
1 0.3149 0.3654 0.005 0.01
2 0.2404 0.6058 0.0136 0.0164
2 0.2548 0.613 0.0143 0.0107
1 0.3966 0.4087 0.0107 0.0179
1 0.5457 0.3654 0.0079 0.0207
1 0.5649 0.4014 0.0057 0.0193
1 0.5769 0.4038 0.0071 0.0186
2 0.4087 0.3726 0.005 0.0086
2 0.4231 0.3606 0.0064 0.015
2 0.4543 0.3702 0.0057 0.0129
2 0.4663 0.3702 0.0064 0.0143
2 0.4928 0.3606 0.005 0.0143
1 0.5865 0.3269 0.005 0.0171
1 0.5793 0.3269 0.0043 0.0129
10 0.5769 0.363 0.0164 0.0171
10 0.5938 0.3438 0.0157 0.0107
10 0.6202 0.3462 0.0186 0.0136
10 0.6106 0.3317 0.0157 0.01
10 0.6178 0.3606 0.0157 0.0121
10 0.6346 0.3413 0.0143 0.0107
10 0.6418 0.3245 0.0143 0.0093
10 0.6442 0.3341 0.0164 0.0114
10 0.6394 0.3101 0.0164 0.0114
10 0.6418 0.3149 0.0136 0.0107
10 0.6082 0.3269 0.0171 0.0107
10 0.5889 0.3558 0.0179 0.0129
10 0.5817 0.3606 0.0121 0.0143
10 0.5841 0.3413 0.0157 0.0121
10 0.5673 0.3245 0.0157 0.0107
10 0.5745 0.3269 0.015 0.0107
10 0.5673 0.3149 0.0157 0.0093
1 0.7163 0.4832 0.0086 0.0207
4 0.7764 0.4784 0.0407 0.0414
4 0.7572 0.3942 0.0443 0.035
4 0.7812 0.2524 0.0243 0.0264
10 0.6587 0.2957 0.0157 0.0107
1 0.8245 0.2885 0.0064 0.0136
1 0.8221 0.2861 0.0071 0.0143
4 0.8125 0.2043 0.0214 0.0186
4 0.7788 0.1899 0.0229 0.0186
4 0.774 0.1731 0.02 0.0179
4 0.8173 0.1466 0.0207 0.0136
10 0.8077 0.2163 0.0071 0.0107
2 0.8077 0.2139 0.005 0.0064
4 0.8894 0.1587 0.0186 0.01
4 0.8822 0.1322 0.015 0.0086
4 0.9207 0.1466 0.0129 0.0107
5 0.976 0.1731 0.02 0.0143
4 0.9279 0.2163 0.0271 0.0164
4 0.8606 0.2644 0.0264 0.025
4 0.9808 0.2837 0.0407 0.0214
