6 0.4447 0.524 0.0043 0.0036
6 0.4375 0.5481 0.0086 0.0121
6 0.4519 0.5192 0.0029 0.0029
4 0.4447 0.5192 0.0021 0.0014
4 0.4495 0.5288 0.0021 0.0029
4 0.4495 0.5481 0.0036 0.0043
4 0.4375 0.5697 0.0079 0.0057
4 0.4087 0.5673 0.0071 0.0064
4 0.3942 0.5865 0.01 0.0086
4 0.488 0.5337 0.0036 0.0029
6 0.3678 0.6466 0.0364 0.0493
4 0.3462 0.6514 0.0186 0.0171
4 0.3197 0.6755 0.0257 0.0207
4 0.3462 0.6971 0.025 0.0243
4 0.3077 0.7284 0.0343 0.0343
4 0.2837 0.7091 0.0329 0.0293
4 0.2692 0.6947 0.0321 0.0229
2 0.2548 0.7115 0.0093 0.0171
10 0.2548 0.7139 0.0114 0.0186
4 0.1562 0.7909 0.065 0.0329
4 0.2933 0.8462 0.0779 0.0407
4 0.1514 0.851 0.08 0.0429
4 0.024 0.7909 0.0457 0.0329
6 0.0216 0.7548 0.0414 0.0364
