4 0.4207 0.7139 0.0715 0.0418
5 0.4471 0.6562 0.0585 0.035
5 0.4591 0.5889 0.0637 0.0308
5 0.4856 0.5168 0.0454 0.0235
4 0.5024 0.4904 0.0496 0.0224
5 0.5 0.3894 0.0297 0.0183
4 0.4856 0.4351 0.0271 0.0204
4 0.613 0.3125 0.0297 0.0115
4 0.5312 0.2981 0.0277 0.0146
4 0.7764 0.3341 0.0324 0.013
4 0.762 0.3942 0.0193 0.0204
4 0.8317 0.3293 0.0313 0.0115
4 0.9712 0.3413 0.0386 0.013
4 0.6538 0.2692 0.0099 0.0151
4 0.6659 0.274 0.0078 0.0115
4 0.7668 0.3245 0.0282 0.011
4 0.6514 0.25 0.0078 0.0094
4 0.6635 0.2548 0.0084 0.0136
6 0.6635 0.2332 0.0073 0.0125
1 0.5024 0.6971 0.0078 0.0204
1 0.5144 0.6779 0.0068 0.0204
1 0.512 0.6659 0.0063 0.0167
10 0.5096 0.476 0.0084 0.0094
10 0.5192 0.4784 0.0047 0.0078
2 0.8101 0.3077 0.0042 0.0073
2 0.8341 0.3101 0.0031 0.0063
2 0.8462 0.3077 0.0042 0.0068
10 0.8077 0.3101 0.012 0.0052
10 0.8317 0.3149 0.0089 0.0057
10 0.8438 0.3101 0.0104 0.0052
10 0.9327 0.3149 0.0089 0.0057
2 0.9327 0.3101 0.0042 0.0078
2 0.8558 0.3894 0.0042 0.0073
2 0.8678 0.3894 0.0042 0.0068
2 0.8389 0.3918 0.0042 0.0068
10 0.8365 0.3966 0.0073 0.0094
10 0.2861 0.7548 0.0266 0.013
10 0.3846 0.5841 0.0204 0.0115
10 0.4303 0.4952 0.0188 0.011
3 0.3774 0.6202 0.0172 0.013
0 0.4471 0.3846 0.012 0.0104
4 0.4856 0.2356 0.0146 0.0073
4 0.488 0.2332 0.012 0.0063
