4 0.488 0.488 0.0093 0.015
4 0.4904 0.5288 0.0143 0.0214
4 0.5048 0.488 0.0107 0.0171
4 0.5072 0.5144 0.0114 0.0164
4 0.488 0.5841 0.0129 0.0229
4 0.512 0.5817 0.0129 0.0214
4 0.5 0.4375 0.0086 0.0129
4 0.5 0.4183 0.0079 0.0136
4 0.4976 0.3894 0.0079 0.01
4 0.488 0.3341 0.0064 0.0071
4 0.4736 0.3149 0.0064 0.0064
4 0.4639 0.3293 0.0057 0.0064
4 0.4952 0.3029 0.005 0.005
4 0.4952 0.2933 0.0043 0.0057
4 0.476 0.3053 0.0043 0.0064
4 0.4663 0.3005 0.005 0.0057
0 0.5312 0.3077 0.0164 0.0371
0 0.6082 0.3101 0.12 0.0379
9 0.476 0.2716 0.01 0.015
0 0.4808 0.2452 0.0186 0.0507
9 0.4952 0.2308 0.0057 0.0136
4 0.5072 0.262 0.0043 0.005
5 0.4543 0.2861 0.0079 0.0057
5 0.476 0.2957 0.005 0.0057
5 0.4856 0.3077 0.005 0.0079
5 0.488 0.3798 0.0079 0.0114
4 0.4976 0.3582 0.0071 0.0107
5 0.5096 0.4087 0.0093 0.0143
5 0.5096 0.6226 0.0136 0.0321
5 0.4856 0.6514 0.0157 0.0321
9 0.512 0.6851 0.025 0.0864
6 0.5096 0.5505 0.015 0.0371
9 0.613 0.613 0.0286 0.0686
9 0.5865 0.4976 0.0207 0.0407
9 0.6058 0.5 0.0229 0.0436
9 0.625 0.5 0.0207 0.0393
5 0.4856 0.7764 0.0164 0.01
6 0.5337 0.6082 0.0186 0.04
11 0.5529 0.7043 0.0471 0.0514
4 0.863 0.4375 0.0221 0.0093
4 0.9784 0.5601 0.0207 0.0164
4 0.8966 0.4856 0.0171 0.0164
4 0.8702 0.4639 0.0114 0.0129
4 0.9351 0.524 0.0186 0.0171
