5 0.5913 0.851 0.2535 0.0475
5 0.6418 0.6538 0.2155 0.1345
4 0.6202 0.5745 0.219 0.084
4 0.5986 0.5072 0.164 0.068
4 0.5913 0.4519 0.153 0.067
4 0.613 0.4062 0.1435 0.062
4 0.6178 0.3077 0.1025 0.048
3 0.5312 0.2764 0.0345 0.0185
3 0.524 0.2957 0.0285 0.016
3 0.5529 0.3005 0.025 0.023
4 0.601 0.2812 0.0985 0.0405
4 0.5986 0.2308 0.0775 0.031
4 0.6058 0.2188 0.076 0.028
5 0.6034 0.2043 0.077 0.032
4 0.6683 0.1899 0.0295 0.0275
5 0.5962 0.1635 0.064 0.0265
4 0.5938 0.1514 0.049 0.0185
4 0.5986 0.1442 0.049 0.016
4 0.5938 0.1346 0.043 0.0165
4 0.7067 0.149 0.0255 0.0225
10 0.6442 0.1587 0.0075 0.013
2 0.6442 0.1538 0.0065 0.015
1 0.8221 0.4159 0.027 0.055
1 0.8173 0.4014 0.031 0.05
10 0.9495 0.3894 0.036 0.0415
10 0.9303 0.3678 0.045 0.033
7 0.9062 0.3582 0.0785 0.0405
8 0.7909 0.2885 0.0435 0.056
3 0.8101 0.2596 0.0295 0.0195
4 0.75 0.2043 0.0655 0.0285
4 0.75 0.1899 0.0705 0.0235
4 0.7716 0.1827 0.0635 0.0225
4 0.7933 0.1803 0.057 0.0195
4 0.7885 0.1707 0.054 0.0165
