1 0.1683 0.8558 0.0271 0.0407
1 0.4399 0.5673 0.0157 0.0514
1 0.4615 0.5697 0.0229 0.0521
1 0.5 0.4279 0.0143 0.0271
1 0.5216 0.3966 0.01 0.0229
1 0.524 0.363 0.005 0.0171
6 0.2019 0.3221 0.0236 0.0229
6 0.5577 0.3942 0.0329 0.0364
1 0.5192 0.4255 0.0143 0.0264
2 0.5553 0.3389 0.0036 0.0071
2 0.5577 0.3389 0.0036 0.0079
2 0.5601 0.351 0.005 0.0093
2 0.5697 0.3534 0.0057 0.0114
2 0.5721 0.3486 0.005 0.0086
2 0.5625 0.363 0.0057 0.015
2 0.5529 0.363 0.0071 0.0093
2 0.5144 0.4471 0.0186 0.0257
2 0.6106 0.5745 0.0136 0.0214
2 0.6106 0.5769 0.0243 0.0479
10 0.6058 0.5913 0.0286 0.0457
10 0.5168 0.4519 0.015 0.0279
3 0.5625 0.3654 0.0079 0.0129
10 0.5505 0.3654 0.0079 0.0086
10 0.5697 0.3582 0.0064 0.0107
10 0.5601 0.3534 0.0071 0.0079
10 0.5721 0.351 0.0064 0.0093
10 0.5529 0.3413 0.0043 0.0064
10 0.5577 0.3413 0.005 0.0057
1 0.5264 0.3702 0.0043 0.0121
7 0.5481 0.3702 0.0157 0.0136
4 0.5793 0.3462 0.0129 0.0121
4 0.5721 0.3389 0.0136 0.01
4 0.5697 0.3365 0.0129 0.01
2 0.4014 0.3269 0.0057 0.0086
4 0.5889 0.3293 0.01 0.0093
4 0.6106 0.3462 0.015 0.0107
4 0.6298 0.3822 0.0214 0.02
4 0.6466 0.3534 0.0214 0.015
4 0.6274 0.3654 0.0186 0.0164
4 0.6322 0.3365 0.0136 0.0093
4 0.6106 0.3365 0.0136 0.01
4 0.6755 0.3702 0.0214 0.0171
4 0.6659 0.3558 0.0164 0.0129
4 0.7019 0.3894 0.03 0.025
4 0.6827 0.4183 0.0364 0.0307
4 0.6442 0.3245 0.0079 0.0064
4 0.637 0.3293 0.0093 0.0079
4 0.6611 0.3389 0.015 0.01
4 0.6562 0.3341 0.0114 0.0079
4 0.6947 0.351 0.0164 0.0121
4 0.6923 0.3438 0.0157 0.01
4 0.6034 0.3125 0.0057 0.0057
4 0.5913 0.3101 0.005 0.0057
4 0.5986 0.3125 0.0043 0.0036
4 0.6851 0.3197 0.0093 0.0064
4 0.7212 0.363 0.02 0.0157
4 0.726 0.3582 0.0207 0.0121
4 0.7548 0.4351 0.0464 0.0321
4 0.7837 0.387 0.0321 0.0193
4 0.7788 0.363 0.0243 0.0157
4 0.7236 0.3486 0.015 0.01
4 0.8486 0.3798 0.0314 0.02
1 0.9375 0.3822 0.0079 0.0164
1 0.7308 0.3317 0.0036 0.0079
9 0.7452 0.351 0.0379 0.0243
4 0.7957 0.3798 0.0343 0.0193
10 0.8702 0.3774 0.01 0.0107
2 0.8678 0.3726 0.0093 0.0114
1 0.7091 0.3245 0.0029 0.0086
1 0.7019 0.3221 0.0036 0.0064
4 0.8654 0.6346 0.1393 0.1136
4 0.887 0.476 0.07 0.05
4 0.9663 0.5264 0.0707 0.0643
5 0.9183 0.5505 0.12 0.0993
4 0.9808 0.4519 0.0393 0.0307
