2 0.3486 0.6707 0.0125 0.014
4 0.351 0.6707 0.0665 0.0415
4 0.488 0.6538 0.0605 0.041
4 0.4904 0.625 0.0575 0.038
2 0.488 0.6538 0.0125 0.0145
2 0.4904 0.6274 0.012 0.014
1 0.4231 0.5697 0.0065 0.0175
2 0.5 0.5793 0.0085 0.015
7 0.5024 0.5841 0.0275 0.017
4 0.6995 0.5697 0.0445 0.0255
2 0.6995 0.5192 0.007 0.0135
10 0.6995 0.5216 0.0105 0.0105
4 0.75 0.524 0.034 0.02
4 0.7861 0.488 0.0275 0.0165
4 0.8558 0.4904 0.0275 0.016
1 0.8029 0.4736 0.004 0.012
2 0.8101 0.476 0.0045 0.006
1 0.8077 0.4736 0.004 0.0095
10 0.8053 0.4688 0.0095 0.0075
5 0.9231 0.4663 0.022 0.0165
4 0.988 0.4327 0.025 0.0095
2 0.9375 0.4087 0.004 0.005
2 0.9399 0.4111 0.0045 0.0055
10 0.9375 0.4111 0.007 0.0065
6 0.9832 0.4159 0.027 0.011
4 0.8005 0.4183 0.011 0.009
5 0.0192 0.4688 0.019 0.024
0 0.0529 0.4327 0.0235 0.0115
4 0.0577 0.4135 0.025 0.008
4 0.0529 0.3798 0.012 0.0045
5 0.0433 0.375 0.005 0.0055
1 0.0361 0.375 0.002 0.0045
4 0.0072 0.399 0.014 0.007
4 0.0096 0.3966 0.0165 0.0065
6 0.0144 0.387 0.0185 0.0085
4 0.0168 0.387 0.019 0.006
1 0.0288 0.3822 0.002 0.004
1 0.0264 0.3822 0.0025 0.006
0 0.0264 0.3702 0.0135 0.008
4 0.0216 0.3774 0.016 0.005
0 0.0312 0.3774 0.0025 0.004
