4 0.0673 0.7428 0.0329 0.0429
4 0.399 0.6226 0.04 0.0343
4 0.4519 0.6587 0.0357 0.0329
4 0.5288 0.726 0.0393 0.0357
4 0.3798 0.5889 0.0271 0.0264
4 0.399 0.5793 0.0271 0.0243
4 0.4591 0.625 0.0321 0.0236
5 0.3798 0.3798 0.0221 0.0129
4 0.7308 0.4688 0.0257 0.0136
4 0.7644 0.4615 0.0243 0.0143
4 0.7284 0.3846 0.0186 0.0121
4 0.762 0.3966 0.0193 0.0129
4 0.6851 0.3798 0.0214 0.0107
4 0.6947 0.3702 0.0214 0.0107
4 0.6346 0.375 0.02 0.0114
4 0.637 0.3389 0.01 0.01
4 0.7812 0.3365 0.0157 0.0114
4 0.7981 0.3317 0.0171 0.0093
4 0.8173 0.3293 0.0207 0.0114
4 0.8558 0.3269 0.0207 0.0079
4 0.8125 0.3486 0.0136 0.0107
4 0.6923 0.3486 0.0207 0.0114
4 0.7428 0.3438 0.0207 0.0086
4 0.8077 0.4062 0.0286 0.015
4 0.3462 0.3534 0.0221 0.0121
4 0.2837 0.3654 0.0229 0.0114
4 0.2091 0.3822 0.025 0.0157
4 0.0505 0.4111 0.03 0.0121
4 0.0769 0.3966 0.0271 0.0121
4 0.2933 0.6298 0.0307 0.0279
4 0.3125 0.6875 0.0443 0.0307
4 0.3846 0.6587 0.0407 0.03
6 0.3534 0.6827 0.0507 0.0479
4 0.3726 0.7019 0.0407 0.0293
4 0.3966 0.7139 0.04 0.0321
4 0.4279 0.738 0.0364 0.0329
4 0.4423 0.7644 0.0464 0.0336
4 0.2716 0.7644 0.05 0.0329
5 0.4279 0.5721 0.0257 0.0286
5 0.4639 0.5505 0.0264 0.025
4 0.4856 0.5409 0.0271 0.02
4 0.4904 0.5264 0.0271 0.0193
4 0.512 0.5288 0.0264 0.0221
5 0.524 0.5192 0.0236 0.0221
5 0.5409 0.512 0.0271 0.0229
4 0.5553 0.512 0.0264 0.0193
4 0.5673 0.5048 0.0257 0.0229
4 0.5817 0.4976 0.03 0.0214
5 0.5962 0.4928 0.0243 0.0214
5 0.613 0.488 0.0229 0.0229
4 0.625 0.4832 0.0243 0.0193
5 0.6611 0.4639 0.0257 0.02
4 0.6731 0.4615 0.025 0.0186
4 0.6827 0.4567 0.025 0.0236
4 0.6947 0.4543 0.0264 0.0193
4 0.7188 0.4399 0.0257 0.0157
4 0.7308 0.4375 0.0236 0.0186
4 0.7404 0.4327 0.02 0.0193
4 0.75 0.4183 0.0221 0.0129
4 0.7428 0.4135 0.0243 0.015
4 0.6851 0.3894 0.0229 0.0107
4 0.6538 0.3822 0.0221 0.0114
4 0.5553 0.3462 0.02 0.0129
4 0.5024 0.3534 0.0214 0.0079
4 0.1803 0.3942 0.0243 0.0114
4 0.2524 0.3726 0.0264 0.01
4 0.3197 0.3582 0.0193 0.0114
4 0.3365 0.375 0.0257 0.0107
6 0.2909 0.3798 0.0329 0.0157
6 0.3149 0.3486 0.0286 0.0221
4 0.1538 0.3918 0.0264 0.0129
4 0.1418 0.3894 0.0236 0.0136
4 0.2572 0.3654 0.0186 0.0114
5 0.3774 0.3462 0.02 0.0121
6 0.4231 0.3317 0.0229 0.0114
8 0.4399 0.3197 0.01 0.0086
4 0.1971 0.3798 0.0207 0.0136
4 0.4111 0.3726 0.0229 0.0107
4 0.4736 0.3582 0.02 0.0121
6 0.5745 0.3173 0.0214 0.0121
6 0.6635 0.3029 0.0207 0.0157
4 0.6779 0.363 0.0193 0.0093
4 0.6683 0.351 0.0214 0.0086
4 0.6683 0.3582 0.0179 0.0114
4 0.7188 0.3462 0.02 0.0086
4 0.8197 0.4014 0.0186 0.0136
4 0.8293 0.399 0.0236 0.0136
4 0.8341 0.3966 0.025 0.0136
4 0.851 0.3894 0.0186 0.0129
5 0.8438 0.3918 0.0229 0.015
5 0.8558 0.387 0.0193 0.0157
4 0.8654 0.3822 0.02 0.0143
4 0.8678 0.3798 0.0179 0.0136
4 0.7308 0.4904 0.0257 0.0193
5 0.726 0.4976 0.0271 0.0179
5 0.7019 0.4808 0.025 0.0221
4 0.7885 0.3534 0.0179 0.0121
4 0.8101 0.3606 0.0207 0.0143
1 0.7837 0.4399 0.005 0.0093
1 0.7788 0.4375 0.005 0.01
1 0.8269 0.4279 0.0043 0.0114
4 0.8438 0.4279 0.0193 0.0121
4 0.8534 0.4231 0.0236 0.0121
4 0.8654 0.4183 0.0193 0.0121
4 0.8654 0.4135 0.0179 0.015
5 0.8269 0.5529 0.0407 0.0264
10 0.9255 0.5817 0.0157 0.0121
3 0.8101 0.512 0.0086 0.0107
4 0.476 0.6154 0.0293 0.0264
4 0.4976 0.6082 0.0264 0.0214
8 0.4832 0.6827 0.0314 0.0379
2 0.5769 0.7596 0.01 0.0143
10 0.613 0.7764 0.0157 0.0114
1 0.2524 0.6274 0.0071 0.0129
1 0.2572 0.6226 0.0079 0.015
1 0.2356 0.6226 0.0093 0.0136
1 0.2404 0.6202 0.0093 0.0171
1 0.2428 0.7788 0.0093 0.0079
1 0.149 0.5361 0.0079 0.0136
1 0.1562 0.5312 0.0057 0.0107
1 0.1659 0.5144 0.0057 0.0114
1 0.2043 0.4231 0.0057 0.0079
1 0.1851 0.4351 0.0064 0.01
1 0.2452 0.4159 0.0043 0.0086
1 0.137 0.4543 0.0043 0.0107
1 0.1322 0.4519 0.0043 0.0107
1 0.1346 0.4423 0.005 0.01
1 0.1274 0.4447 0.0064 0.0121
1 0.1034 0.387 0.005 0.01
1 0.0986 0.3846 0.0043 0.0107
1 0.0913 0.387 0.005 0.0079
4 0.0721 0.375 0.0271 0.0129
1 0.024 0.3702 0.0036 0.0086
1 0.0216 0.3702 0.0057 0.0086
1 0.0144 0.3702 0.0043 0.0079
1 0.0168 0.363 0.0057 0.0079
1 0.012 0.363 0.0043 0.0086
1 0.4351 0.375 0.005 0.0093
1 0.4279 0.375 0.0043 0.01
2 0.4279 0.3798 0.005 0.0071
2 0.4327 0.3798 0.005 0.0064
4 0.887 0.238 0.0136 0.0093
