4 0.4159 0.7861 0.0836 0.125
4 0.4615 0.6394 0.0621 0.1086
4 0.5529 0.7212 0.07 0.1264
4 0.4832 0.5529 0.0464 0.0743
4 0.7909 0.5529 0.06 0.0657
4 0.8197 0.6611 0.0743 0.0907
4 0.9014 0.637 0.0771 0.0821
4 0.875 0.7957 0.1057 0.1364
4 0.9591 0.7957 0.0857 0.1343
4 0.9543 0.3942 0.0929 0.0643
4 0.8293 0.3798 0.0707 0.0464
4 0.5529 0.3726 0.035 0.0393
4 0.5601 0.4159 0.0493 0.0464
5 0.5986 0.3197 0.0336 0.0321
6 0.6394 0.3798 0.0507 0.0729
2 0.6154 0.4327 0.015 0.0207
3 0.6154 0.4423 0.015 0.015
4 0.6442 0.3534 0.0336 0.035
4 0.5601 0.3005 0.0457 0.0243
1 0.887 0.3245 0.0064 0.015
3 0.8894 0.3293 0.0086 0.0157
1 0.8678 0.3029 0.0157 0.0207
2 0.8798 0.274 0.01 0.015
2 0.9351 0.2812 0.0071 0.0129
2 0.9519 0.2764 0.0064 0.0129
2 0.9832 0.2788 0.0064 0.015
2 0.9808 0.2764 0.0057 0.0136
10 0.976 0.2837 0.0143 0.0136
10 0.9495 0.2812 0.01 0.0121
10 0.9327 0.2837 0.0121 0.0129
3 0.8774 0.274 0.01 0.01
2 0.8846 0.2284 0.0079 0.0114
10 0.8846 0.2332 0.0143 0.0086
4 0.9784 0.2476 0.0443 0.02
5 0.9495 0.2067 0.0343 0.0186
4 0.8606 0.2163 0.0407 0.0164
4 0.8173 0.2404 0.0186 0.0171
4 0.7837 0.2428 0.0186 0.02
4 0.7788 0.262 0.045 0.0179
6 0.75 0.238 0.0371 0.0393
4 0.7188 0.2332 0.0257 0.0236
4 0.6899 0.2356 0.0243 0.0157
7 0.6875 0.2524 0.0236 0.0207
2 0.5553 0.2452 0.0071 0.0107
10 0.5553 0.25 0.0093 0.0086
9 0.6514 0.2115 0.0964 0.0236
0 0.6274 0.149 0.0571 0.0429
4 0.0817 0.274 0.0429 0.0136
4 0.1154 0.2812 0.0421 0.0121
4 0.1058 0.2909 0.0436 0.0157
4 0.1587 0.274 0.0429 0.0143
4 0.1803 0.2861 0.0436 0.0164
4 0.2308 0.2837 0.0436 0.0157
4 0.2764 0.2668 0.0379 0.0164
4 0.2933 0.2837 0.0407 0.0171
4 0.3558 0.2861 0.0414 0.02
5 0.4279 0.274 0.0429 0.02
1 0.4928 0.4519 0.0107 0.0221
1 0.4519 0.4688 0.0157 0.0271
1 0.5385 0.25 0.005 0.0114
1 0.5433 0.2476 0.0057 0.01
2 0.5865 0.2115 0.005 0.0079
10 0.5865 0.2139 0.0043 0.0071
3 0.0817 0.4856 0.0257 0.0121
3 0.0745 0.4736 0.0264 0.015
3 0.0625 0.4615 0.0329 0.0143
3 0.0481 0.4471 0.0343 0.0193
3 0.0337 0.4183 0.0343 0.0186
3 0.0288 0.4038 0.0307 0.0164
3 0.024 0.387 0.0257 0.0129
3 0.024 0.3774 0.0207 0.01
3 0.024 0.3678 0.0193 0.0093
0 0.0264 0.3389 0.02 0.0364
5 0.0433 0.5889 0.085 0.06
4 0.0312 0.5577 0.0557 0.035
4 0.0216 0.5337 0.0364 0.0336
1 0.1635 0.5625 0.02 0.0279
4 0.976 0.6611 0.0486 0.0864
