5 0.5577 0.649 0.1665 0.116
5 0.6538 0.7933 0.145 0.1645
5 0.4904 0.7572 0.2105 0.113
5 0.4062 0.8534 0.233 0.0435
3 0.25 0.7644 0.075 0.0465
3 0.9712 0.649 0.058 0.039
3 0.9135 0.5481 0.0615 0.0365
1 0.9135 0.4159 0.037 0.0425
1 0.9111 0.3918 0.034 0.044
1 0.863 0.3269 0.03 0.043
1 0.6587 0.4639 0.0265 0.041
1 0.7332 0.4375 0.03 0.0445
10 0.4303 0.6178 0.032 0.0715
2 0.3486 0.5841 0.022 0.0325
2 0.4062 0.5793 0.029 0.032
1 0.3101 0.4519 0.018 0.047
1 0.2764 0.3918 0.0225 0.043
1 0.3005 0.375 0.0225 0.042
1 0.375 0.3894 0.017 0.046
1 0.4495 0.3942 0.019 0.0385
1 0.4736 0.3894 0.019 0.0455
1 0.488 0.4231 0.0225 0.0475
1 0.5 0.4351 0.01 0.027
1 0.4904 0.4062 0.0165 0.047
1 0.1346 0.399 0.0215 0.048
1 0.1082 0.4111 0.028 0.047
