5 0.6226 0.8486 0.088 0.0535
4 0.9038 0.7716 0.1085 0.0815
4 0.7764 0.6779 0.08 0.039
10 0.7596 0.6178 0.023 0.0225
4 0.6851 0.7212 0.044 0.0585
4 0.5216 0.7788 0.1045 0.07
4 0.4135 0.6779 0.0765 0.0445
4 0.3966 0.6514 0.084 0.039
3 0.6923 0.5697 0.0125 0.019
6 0.6154 0.6346 0.095 0.0695
10 0.226 0.637 0.0285 0.0195
2 0.226 0.6322 0.015 0.025
6 0.2788 0.5841 0.1035 0.06
1 0.4038 0.4952 0.006 0.0185
4 0.9471 0.4351 0.034 0.016
4 0.8462 0.4207 0.026 0.017
4 0.8197 0.4087 0.0225 0.013
4 0.6562 0.4111 0.0315 0.0145
4 0.6971 0.3966 0.031 0.0155
4 0.6346 0.3894 0.027 0.0135
4 0.5264 0.4495 0.041 0.0175
1 0.4062 0.4207 0.005 0.013
4 0.4135 0.4327 0.016 0.0155
1 0.5096 0.3798 0.004 0.0105
4 0.3702 0.4183 0.0205 0.016
6 0.3606 0.399 0.0305 0.022
6 0.2188 0.3389 0.0295 0.0125
6 0.2115 0.3365 0.0295 0.0115
0 0.2236 0.2524 0.0155 0.0065
0 0.1611 0.2524 0.0135 0.009
0 0.2812 0.2548 0.013 0.009
0 0.3654 0.2524 0.009 0.0055
