1 0.4832 0.5144 0.0064 0.0136
4 0.6034 0.5096 0.0171 0.0164
4 0.6058 0.4856 0.0157 0.015
4 0.613 0.4519 0.0129 0.0107
4 0.6202 0.4183 0.0093 0.0071
4 0.5865 0.4207 0.0121 0.0121
4 0.6226 0.3942 0.0093 0.0064
4 0.6394 0.3774 0.0064 0.005
4 0.6346 0.3606 0.0043 0.005
1 0.4567 0.5913 0.0079 0.0293
5 0.5649 0.3918 0.0086 0.0086
4 0.5721 0.3846 0.0079 0.0064
4 0.5505 0.3197 0.0057 0.0043
4 0.6346 0.3486 0.005 0.0029
4 0.6418 0.3534 0.005 0.0036
5 0.6298 0.3726 0.0064 0.0071
4 0.6442 0.3486 0.0057 0.0043
4 0.6442 0.3438 0.005 0.0036
4 0.6346 0.3438 0.005 0.0036
4 0.6394 0.3413 0.0043 0.0029
4 0.6082 0.3389 0.005 0.0029
10 0.6442 0.3678 0.0029 0.0043
10 0.6611 0.3726 0.0021 0.0036
10 0.6659 0.4038 0.0029 0.005
10 0.6611 0.3678 0.0021 0.0043
10 0.625 0.4351 0.0029 0.0071
10 0.6827 0.4736 0.005 0.0086
1 0.6755 0.4736 0.0043 0.0114
10 0.6875 0.5361 0.0043 0.0121
10 0.6803 0.5361 0.005 0.0129
10 0.6947 0.5962 0.0057 0.0136
3 0.6971 0.6875 0.0057 0.02
3 0.7067 0.6899 0.0086 0.0221
3 0.7188 0.6875 0.0079 0.02
4 0.7356 0.7957 0.0479 0.0657
4 0.7019 0.6346 0.0186 0.0307
4 0.7043 0.512 0.0307 0.035
4 0.7139 0.3245 0.0064 0.0036
4 0.9712 0.5962 0.0407 0.0214
4 0.7644 0.6875 0.0536 0.0686
2 0.6971 0.6803 0.0079 0.0171
2 0.7067 0.6803 0.0057 0.0186
2 0.7188 0.6803 0.0071 0.0171
2 0.6803 0.5312 0.0043 0.0093
2 0.6875 0.5312 0.0043 0.0093
2 0.6947 0.5913 0.0043 0.0071
2 0.6851 0.4712 0.0036 0.0079
2 0.6659 0.4014 0.0036 0.0043
2 0.6442 0.3678 0.0021 0.0029
2 0.6635 0.3654 0.0021 0.0007
2 0.6635 0.3702 0.0021 0.0014
2 0.625 0.4327 0.0029 0.0057
