4 0.6082 0.8558 0.245 0.04
4 0.637 0.7163 0.217 0.1125
4 0.6562 0.6346 0.1955 0.1
4 0.649 0.5096 0.1105 0.057
4 0.6659 0.4784 0.112 0.054
4 0.6514 0.4495 0.0905 0.039
4 0.6635 0.4375 0.113 0.042
4 0.6683 0.4183 0.0995 0.032
4 0.6731 0.4014 0.078 0.03
4 0.6611 0.3798 0.0685 0.0325
4 0.6731 0.3726 0.076 0.0295
4 0.6731 0.3606 0.0775 0.027
4 0.6707 0.351 0.0575 0.0235
4 0.6779 0.3365 0.06 0.0215
4 0.6827 0.3293 0.053 0.019
4 0.6779 0.3245 0.059 0.02
4 0.6779 0.3173 0.055 0.0225
4 0.6827 0.3149 0.0505 0.0195
4 0.6851 0.3101 0.047 0.016
4 0.6851 0.3053 0.0455 0.017
4 0.6827 0.3005 0.046 0.014
4 0.6803 0.2981 0.0465 0.0145
4 0.6875 0.2933 0.039 0.015
4 0.6827 0.2909 0.041 0.013
4 0.6803 0.2837 0.043 0.013
4 0.6827 0.2812 0.039 0.0145
4 0.6851 0.2788 0.038 0.0115
4 0.6851 0.2764 0.037 0.013
4 0.6803 0.274 0.037 0.0115
4 0.6899 0.274 0.0325 0.011
4 0.6034 0.2668 0.025 0.0145
4 0.5505 0.3053 0.0405 0.019
3 0.524 0.3077 0.017 0.014
3 0.5048 0.3101 0.0165 0.012
4 0.5048 0.3221 0.0505 0.0215
10 0.5024 0.3413 0.0235 0.016
10 0.4904 0.3438 0.024 0.0165
1 0.4904 0.3462 0.008 0.028
10 0.4856 0.3702 0.03 0.019
10 0.4904 0.3798 0.0135 0.019
10 0.4712 0.3966 0.0295 0.0215
10 0.4183 0.4399 0.015 0.021
3 0.4255 0.4447 0.011 0.022
1 0.4375 0.4591 0.0185 0.043
10 0.1082 0.6827 0.0415 0.0565
10 0.0938 0.6803 0.042 0.0525
4 0.524 0.375 0.0395 0.0365
5 0.5337 0.3413 0.036 0.035
5 0.9856 0.2837 0.0265 0.019
5 0.9663 0.2764 0.024 0.0125
2 0.9663 0.2548 0.005 0.008
3 0.9663 0.2572 0.01 0.0075
4 0.8534 0.226 0.0145 0.005
4 0.8173 0.2236 0.0155 0.0055
4 0.8077 0.2163 0.0105 0.0045
4 0.8365 0.226 0.0125 0.005
5 0.774 0.2091 0.009 0.0035
5 0.7644 0.2091 0.0075 0.0035
4 0.7572 0.2091 0.004 0.0025
4 0.7572 0.2115 0.004 0.004
4 0.8438 0.2644 0.027 0.015
