1 0.1154 0.3413 0.0164 0.0193
1 0.113 0.6178 0.0193 0.0107
1 0.1058 0.6274 0.02 0.0107
1 0.113 0.637 0.0214 0.0086
1 0.2524 0.6995 0.015 0.01
1 0.7404 0.6202 0.0179 0.0179
11 0.9495 0.2692 0.1036 0.07
1 0.4543 0.4688 0.01 0.0114
1 0.2452 0.476 0.0171 0.0136
1 0.2428 0.4904 0.0143 0.0136
1 0.2572 0.488 0.0143 0.0114
1 0.2764 0.476 0.015 0.0129
1 0.274 0.488 0.0121 0.0114
1 0.2909 0.4856 0.0143 0.0114
1 0.3053 0.476 0.0136 0.0114
1 0.3221 0.476 0.0136 0.0129
1 0.3053 0.488 0.0129 0.0129
1 0.3197 0.488 0.0129 0.0107
1 0.3029 0.5024 0.015 0.01
1 0.3197 0.5 0.015 0.0121
1 0.2837 0.5096 0.0179 0.0129
1 0.2837 0.5168 0.015 0.0129
1 0.3029 0.5096 0.0143 0.0129
1 0.3197 0.5096 0.0136 0.01
1 0.3029 0.524 0.0157 0.0114
1 0.3197 0.5216 0.0136 0.01
1 0.2812 0.5385 0.0164 0.0114
1 0.3029 0.5385 0.015 0.0114
1 0.3197 0.5385 0.0121 0.0107
1 0.3197 0.5481 0.0121 0.01
1 0.3173 0.5601 0.0121 0.0114
1 0.3005 0.5577 0.0157 0.01
1 0.2981 0.5697 0.015 0.0107
1 0.3173 0.5697 0.0143 0.0093
1 0.2764 0.5841 0.015 0.0086
1 0.2644 0.601 0.0143 0.0129
1 0.2764 0.6058 0.02 0.01
1 0.2957 0.5865 0.0157 0.0086
1 0.3173 0.5865 0.0129 0.0093
1 0.3149 0.601 0.0129 0.0107
1 0.2933 0.6322 0.015 0.0079
1 0.3149 0.6346 0.0143 0.0093
1 0.2692 0.6587 0.0143 0.0071
1 0.2909 0.6635 0.0136 0.0079
1 0.3149 0.6611 0.015 0.0079
1 0.3365 0.6635 0.015 0.0079
1 0.3365 0.6346 0.0129 0.0079
1 0.363 0.6635 0.0121 0.0107
1 0.387 0.6659 0.0107 0.0079
1 0.4639 0.6995 0.0129 0.015
1 0.4519 0.6779 0.0093 0.0171
1 0.4062 0.6683 0.01 0.0086
1 0.4327 0.6611 0.0121 0.0079
1 0.4736 0.6298 0.0114 0.0143
1 0.4495 0.6346 0.0186 0.0114
1 0.3389 0.601 0.0114 0.0079
1 0.4087 0.637 0.01 0.0086
1 0.3894 0.6346 0.0114 0.0079
1 0.363 0.6322 0.0143 0.0079
1 0.3413 0.5889 0.0107 0.0079
1 0.3654 0.5986 0.0114 0.0071
1 0.387 0.601 0.0107 0.0079
1 0.4087 0.5986 0.01 0.0071
1 0.4351 0.637 0.0114 0.0079
1 0.4351 0.6082 0.0136 0.0086
1 0.4351 0.5913 0.0071 0.0079
1 0.4375 0.5817 0.0114 0.01
1 0.4111 0.5841 0.01 0.0114
1 0.3894 0.5865 0.0079 0.01
1 0.3678 0.5841 0.01 0.0093
1 0.3438 0.5745 0.015 0.0093
1 0.3438 0.5601 0.0121 0.0129
1 0.3678 0.5721 0.01 0.0086
1 0.3894 0.5721 0.0114 0.0114
1 0.4135 0.5697 0.0071 0.01
1 0.4375 0.5721 0.0093 0.0086
1 0.4591 0.5553 0.0114 0.0114
1 0.4591 0.4808 0.0093 0.0129
1 0.4615 0.4952 0.01 0.0114
1 0.4591 0.5312 0.01 0.0114
1 0.4375 0.5553 0.0093 0.0143
1 0.4135 0.5553 0.0107 0.0114
1 0.4375 0.5433 0.0071 0.0086
1 0.4375 0.5337 0.0086 0.01
1 0.4351 0.524 0.0129 0.0086
1 0.4375 0.512 0.0093 0.0107
1 0.4375 0.5048 0.0107 0.0107
1 0.4375 0.4976 0.0086 0.0121
1 0.4375 0.4904 0.0107 0.0129
1 0.4375 0.4784 0.0093 0.0129
1 0.3894 0.5577 0.0093 0.01
1 0.3654 0.5577 0.01 0.0086
1 0.3438 0.5481 0.0114 0.0086
1 0.3654 0.5481 0.0114 0.0079
1 0.3918 0.5457 0.01 0.0086
1 0.4135 0.5457 0.01 0.0107
1 0.4135 0.5361 0.0086 0.0086
1 0.4135 0.524 0.0093 0.0107
1 0.3894 0.5361 0.0114 0.0093
1 0.3462 0.5361 0.0121 0.0107
1 0.3654 0.5361 0.0136 0.0107
1 0.3894 0.5264 0.0129 0.0086
1 0.3678 0.524 0.0121 0.0079
1 0.3462 0.5264 0.0114 0.0086
1 0.3462 0.5168 0.0121 0.0093
1 0.3678 0.5144 0.0114 0.01
1 0.3894 0.5168 0.0114 0.01
1 0.4135 0.5144 0.0107 0.0129
1 0.3486 0.4784 0.0129 0.0129
1 0.3486 0.4976 0.0129 0.0129
1 0.3486 0.5072 0.0086 0.01
1 0.3702 0.4784 0.01 0.015
1 0.3702 0.4856 0.01 0.0107
1 0.3918 0.4784 0.0107 0.0136
1 0.3942 0.4856 0.0086 0.01
1 0.4159 0.4784 0.0079 0.0129
1 0.4159 0.4856 0.01 0.0093
1 0.4135 0.4952 0.01 0.0114
1 0.4135 0.5048 0.0093 0.0107
1 0.3918 0.5048 0.0121 0.0107
1 0.3918 0.4928 0.0114 0.0121
1 0.3678 0.5048 0.01 0.0114
1 0.3702 0.4952 0.0114 0.0121
