4 0.0721 0.2188 0.0479 0.0521
4 0.1082 0.2716 0.0521 0.0557
4 0.1442 0.2308 0.0529 0.0486
4 0.0938 0.7524 0.0986 0.1
4 0.4423 0.4856 0.0793 0.0721
4 0.7115 0.5577 0.0757 0.0736
4 0.6274 0.2933 0.0671 0.0564
4 0.9014 0.4519 0.0743 0.0743
4 0.4712 0.4087 0.0714 0.0614
4 0.5889 0.1827 0.0507 0.0657
4 0.762 0.1923 0.0443 0.0443
4 0.7909 0.3293 0.065 0.0593
4 0.8558 0.3462 0.065 0.0629
4 0.8678 0.2668 0.0657 0.0579
4 0.9255 0.274 0.0614 0.0543
4 0.9351 0.2139 0.0636 0.0557
5 0.6995 0.3365 0.0686 0.0614
5 0.9808 0.2139 0.0407 0.0664
9 0.9856 0.1538 0.0336 0.0571
9 0.7476 0.1635 0.1329 0.0743
9 0.9639 0.6514 0.0693 0.2686
4 0.9712 0.3173 0.0586 0.0593
4 0.851 0.1394 0.0457 0.0271
4 0.1899 0.8269 0.1057 0.095
4 0.6154 0.8438 0.0879 0.0643
8 0.8293 0.8341 0.0386 0.0629
2 0.8389 0.8197 0.0157 0.0279
2 0.5072 0.2476 0.0079 0.0179
2 0.0409 0.5577 0.0329 0.015
2 0.1322 0.4087 0.01 0.0071
3 0.5048 0.2548 0.0179 0.0186
11 0.137 0.4087 0.0129 0.0179
10 0.0409 0.5577 0.025 0.0357
1 0.4736 0.2332 0.0107 0.0186
1 0.4663 0.2212 0.0086 0.0243
1 0.4736 0.2236 0.0079 0.0121
1 0.4351 0.1466 0.01 0.0243
1 0.274 0.3077 0.0093 0.0143
1 0.1683 0.4183 0.0186 0.0214
1 0.1442 0.399 0.0186 0.0193
1 0.1611 0.4014 0.0193 0.0186
1 0.274 0.2981 0.01 0.0214
