4 0.8029 0.7428 0.2543 0.2164
4 0.2476 0.6779 0.3221 0.1564
4 0.6322 0.5577 0.1507 0.0771
4 0.1346 0.5553 0.0864 0.0821
4 0.1635 0.5216 0.0671 0.0564
4 0.1875 0.4928 0.0571 0.0393
4 0.1947 0.4784 0.0514 0.04
4 0.2019 0.4663 0.0436 0.0286
4 0.137 0.4591 0.0464 0.0336
4 0.2163 0.4471 0.0557 0.0264
4 0.2091 0.4183 0.0364 0.0157
0 0.2428 0.4255 0.0243 0.0264
0 0.2212 0.4014 0.0236 0.0143
4 0.5505 0.5385 0.1321 0.0707
4 0.5024 0.5024 0.1243 0.0514
4 0.4688 0.4952 0.1007 0.0443
4 0.4495 0.4784 0.0993 0.0357
4 0.4471 0.476 0.1029 0.0407
4 0.4327 0.4663 0.0893 0.0414
5 0.4087 0.4495 0.09 0.0471
4 0.3654 0.4375 0.0371 0.02
4 0.3486 0.4303 0.0386 0.0193
0 0.3029 0.4062 0.0864 0.0257
4 0.0553 0.6034 0.11 0.1036
4 0.7452 0.6346 0.2371 0.1114
