4 0.2716 0.7476 0.0517 0.0705
6 0.4471 0.7524 0.035 0.0595
2 0.1707 0.5841 0.012 0.0141
10 0.1707 0.5889 0.0151 0.0209
2 0.3413 0.4471 0.0084 0.0141
10 0.3413 0.4495 0.0084 0.0151
10 0.2764 0.399 0.011 0.013
10 0.3341 0.3894 0.0136 0.0115
3 0.3413 0.3774 0.013 0.0099
3 0.3389 0.375 0.013 0.0104
8 0.3798 0.3534 0.013 0.0172
10 0.3654 0.3341 0.0078 0.012
10 0.3702 0.3245 0.013 0.0104
2 0.375 0.3269 0.0042 0.0042
10 0.3774 0.3101 0.012 0.0078
10 0.4111 0.3365 0.0063 0.0094
2 0.4111 0.3317 0.0063 0.0094
7 0.4038 0.3053 0.0104 0.0151
2 0.4062 0.3077 0.0063 0.0084
7 0.3798 0.3005 0.0188 0.0099
8 0.3846 0.2933 0.0104 0.0136
1 0.3534 0.3005 0.0068 0.0104
1 0.3558 0.2957 0.0052 0.0057
1 0.3606 0.2861 0.0047 0.0073
1 0.4062 0.2764 0.0037 0.0099
1 0.4111 0.2788 0.0042 0.0104
4 0.3654 0.274 0.0198 0.011
2 0.3774 0.2764 0.0047 0.0084
10 0.3774 0.2788 0.0042 0.0084
0 0.3894 0.2861 0.012 0.0094
8 0.387 0.2812 0.013 0.0115
7 0.3822 0.2764 0.0078 0.013
2 0.4159 0.2861 0.0047 0.0094
2 0.4159 0.2788 0.0047 0.0078
2 0.387 0.2668 0.0052 0.0084
10 0.387 0.2692 0.0052 0.0073
10 0.4159 0.2812 0.0052 0.0073
10 0.4159 0.2885 0.0047 0.0078
1 0.3798 0.2692 0.0037 0.0084
1 0.3798 0.2668 0.0042 0.0089
8 0.3942 0.2572 0.0089 0.0115
3 0.4111 0.25 0.0073 0.0063
10 0.3822 0.25 0.0047 0.0068
10 0.387 0.2404 0.0063 0.0057
0 0.399 0.2236 0.0031 0.0068
2 0.4279 0.2452 0.0037 0.0078
2 0.4327 0.2356 0.0042 0.0063
10 0.4279 0.2476 0.0037 0.0068
10 0.4327 0.238 0.0042 0.0057
2 0.4207 0.2404 0.0042 0.0057
0 0.4159 0.2404 0.0073 0.0089
7 0.4183 0.2332 0.0094 0.0073
8 0.4375 0.2284 0.0078 0.0094
4 0.4519 0.2356 0.0115 0.0115
4 0.4471 0.3149 0.0162 0.0151
6 0.4639 0.2476 0.0183 0.0287
4 0.4976 0.2692 0.0125 0.0136
10 0.5216 0.2236 0.0037 0.0052
2 0.5216 0.2212 0.0037 0.0047
2 0.5216 0.3125 0.0047 0.0094
10 0.5216 0.3149 0.0042 0.0089
1 0.5337 0.3029 0.0031 0.0115
1 0.5361 0.3125 0.0042 0.0136
7 0.4736 0.3221 0.0219 0.0423
4 0.4255 0.3582 0.0193 0.0209
4 0.4231 0.4087 0.0204 0.0292
4 0.4423 0.4904 0.0224 0.0277
4 0.4159 0.6322 0.0329 0.0522
1 0.6346 0.738 0.0099 0.0219
1 0.625 0.6587 0.0115 0.0193
1 0.6274 0.6202 0.0104 0.0209
7 0.625 0.7452 0.0397 0.0266
1 0.9014 0.3197 0.0052 0.012
1 0.8942 0.3197 0.0052 0.011
1 0.8822 0.3438 0.0037 0.012
1 0.8678 0.3438 0.0052 0.0089
1 0.8726 0.3438 0.0052 0.011
9 0.8317 0.3293 0.0715 0.0282
6 0.7428 0.3245 0.0386 0.0162
1 0.6514 0.3293 0.0063 0.0125
10 0.6707 0.3005 0.0094 0.012
1 0.6514 0.2644 0.0047 0.0084
7 0.6346 0.2644 0.0162 0.0115
4 0.6418 0.3221 0.0277 0.013
4 0.6346 0.3125 0.0277 0.0141
8 0.6346 0.3077 0.0193 0.0125
8 0.6298 0.3005 0.0209 0.0146
4 0.6226 0.2885 0.0266 0.013
4 0.6202 0.2837 0.0235 0.0115
4 0.6178 0.2764 0.0219 0.013
4 0.5865 0.2644 0.0204 0.013
4 0.5889 0.3173 0.0271 0.0136
4 0.5817 0.3125 0.0271 0.013
4 0.5745 0.3053 0.0266 0.0162
4 0.5721 0.2909 0.0235 0.0115
4 0.5697 0.2885 0.0219 0.0125
4 0.5697 0.2788 0.0235 0.013
4 0.5625 0.2548 0.013 0.0089
10 0.5409 0.2476 0.0042 0.0068
2 0.5409 0.2452 0.0037 0.0068
4 0.5577 0.2356 0.0193 0.0089
4 0.5553 0.2308 0.0172 0.0078
4 0.6034 0.2404 0.0219 0.0115
4 0.5986 0.2356 0.0193 0.0084
0 0.625 0.2548 0.0219 0.0089
11 0.5577 0.226 0.0287 0.0099
