4 0.6635 0.8462 0.1564 0.06
4 0.0986 0.6923 0.1029 0.04
5 0.2596 0.625 0.1143 0.065
4 0.0529 0.4591 0.0736 0.0257
5 0.1683 0.4447 0.0607 0.025
4 0.25 0.4375 0.0529 0.0221
4 0.2212 0.4087 0.0479 0.0186
4 0.0288 0.4231 0.0571 0.0221
4 0.1082 0.4135 0.0514 0.02
4 0.2019 0.4062 0.0486 0.0193
4 0.2668 0.4014 0.0471 0.0171
1 0.3101 0.4014 0.0064 0.0157
4 0.3317 0.3966 0.0421 0.0164
5 0.3894 0.3894 0.0407 0.0193
5 0.4375 0.387 0.0343 0.0179
4 0.4856 0.3822 0.0357 0.0164
4 0.0144 0.3846 0.02 0.0157
4 0.0913 0.3774 0.0257 0.0143
5 0.0385 0.3798 0.0229 0.0207
4 0.1178 0.3726 0.015 0.0114
4 0.1466 0.375 0.0243 0.015
4 0.1827 0.3726 0.015 0.0136
5 0.2091 0.351 0.0236 0.0114
1 0.2284 0.3558 0.0057 0.0121
1 0.2284 0.3462 0.005 0.0129
1 0.2236 0.375 0.005 0.0114
1 0.1659 0.3534 0.0029 0.01
1 0.1683 0.351 0.0029 0.01
4 0.2476 0.3486 0.0136 0.0129
0 0.2788 0.3438 0.0171 0.0179
0 0.2957 0.3389 0.0157 0.0164
10 0.5361 0.375 0.0079 0.0136
1 0.5649 0.3702 0.005 0.0129
1 0.5601 0.3654 0.0043 0.0143
1 0.5649 0.363 0.0043 0.0143
10 0.5769 0.3606 0.0071 0.0121
4 0.7356 0.4423 0.0486 0.0229
4 0.7933 0.4207 0.0357 0.0186
0 0.7668 0.4087 0.0221 0.0179
0 0.7452 0.3918 0.0257 0.0164
0 0.8269 0.4062 0.0329 0.0264
0 0.851 0.3798 0.0371 0.02
9 0.5865 0.3389 0.0457 0.0257
0 0.5457 0.3245 0.025 0.0207
0 0.524 0.3173 0.0243 0.0207
0 0.4976 0.3101 0.0229 0.0143
0 0.4808 0.3077 0.015 0.0136
9 0.4447 0.3101 0.0343 0.0136
4 0.3702 0.3125 0.0229 0.0079
4 0.387 0.3077 0.0179 0.0071
4 0.3798 0.3029 0.02 0.0071
4 0.4279 0.3029 0.0179 0.0079
0 0.4135 0.2957 0.025 0.015
4 0.3678 0.2981 0.0207 0.0057
4 0.3582 0.2837 0.0171 0.005
4 0.3269 0.2909 0.0064 0.005
0 0.3317 0.2837 0.02 0.0114
0 0.3558 0.274 0.0193 0.0121
0 0.3846 0.2812 0.0257 0.0157
1 0.4231 0.4207 0.0093 0.02
0 0.649 0.3365 0.0314 0.0271
0 0.3582 0.4471 0.0193 0.0221
2 0.5745 0.3606 0.0057 0.01
2 0.5361 0.375 0.0057 0.0129
