4 0.3798 0.7067 0.0357 0.0714
8 0.4856 0.5793 0.03 0.055
4 0.399 0.5649 0.0329 0.0357
4 0.4303 0.4351 0.0214 0.0221
4 0.524 0.3438 0.0121 0.0157
5 0.3918 0.6202 0.0329 0.0679
1 0.2188 0.3245 0.0057 0.0093
1 0.2139 0.3221 0.0057 0.0093
0 0.5481 0.1803 0.0129 0.0121
0 0.5385 0.1971 0.005 0.0071
1 0.3654 0.274 0.0043 0.0036
4 0.5192 0.2212 0.0043 0.005
1 0.4904 0.2981 0.0036 0.0086
1 0.5168 0.274 0.0036 0.0079
1 0.5168 0.2981 0.0021 0.0086
1 0.5192 0.2957 0.0029 0.0064
10 0.5841 0.3101 0.0057 0.0093
10 0.5913 0.3125 0.005 0.0093
4 0.4495 0.3558 0.0157 0.0186
4 0.6827 0.3389 0.0157 0.0171
1 0.5769 0.7236 0.0121 0.0221
2 0.5072 0.6707 0.0129 0.0129
2 0.4303 0.625 0.0107 0.0143
10 0.4303 0.6346 0.0129 0.025
10 0.5072 0.6779 0.0121 0.03
