4 0.2284 0.8341 0.0379 0.025
5 0.2981 0.8606 0.0407 0.0257
4 0.4062 0.8606 0.0207 0.0293
1 0.4327 0.8654 0.0071 0.0071
1 0.4399 0.8293 0.0071 0.0057
1 0.4471 0.8293 0.0057 0.0064
1 0.4495 0.8341 0.0057 0.0064
4 0.4423 0.851 0.0421 0.0279
4 0.4207 0.8197 0.0257 0.0471
4 0.4567 0.8221 0.0364 0.0371
4 0.476 0.7572 0.0421 0.0264
4 0.4856 0.7091 0.0457 0.0286
4 0.4856 0.6899 0.0436 0.0293
4 0.5 0.6538 0.0386 0.0257
4 0.5024 0.6346 0.0386 0.0257
4 0.5144 0.6154 0.0421 0.03
1 0.4519 0.6106 0.0071 0.0093
1 0.4615 0.6154 0.0071 0.0064
4 0.5168 0.5385 0.0393 0.0236
4 0.5361 0.5216 0.04 0.0257
4 0.5192 0.4639 0.0421 0.0271
4 0.5168 0.4399 0.0336 0.025
4 0.5168 0.4183 0.035 0.0293
5 0.5216 0.3942 0.0336 0.0364
4 0.5216 0.3678 0.0307 0.0321
1 0.4976 0.3438 0.0071 0.01
1 0.5072 0.3317 0.0064 0.01
1 0.5024 0.3149 0.005 0.0114
1 0.5024 0.3077 0.0064 0.01
1 0.5192 0.2812 0.0086 0.015
1 0.5048 0.2476 0.0064 0.0164
1 0.5288 0.2524 0.0093 0.0114
1 0.5577 0.1418 0.0064 0.0129
4 0.4688 0.1875 0.0414 0.0236
4 0.4615 0.2091 0.0414 0.02
4 0.4591 0.2284 0.04 0.0221
4 0.4495 0.3317 0.0407 0.0221
4 0.4447 0.351 0.0407 0.0236
4 0.4375 0.3702 0.0414 0.0243
5 0.4351 0.3894 0.0386 0.0214
4 0.4207 0.4111 0.0407 0.0257
4 0.4183 0.4327 0.0414 0.0229
10 0.4255 0.4519 0.0207 0.0079
4 0.4087 0.476 0.0414 0.0214
4 0.4038 0.4976 0.0436 0.0243
4 0.4014 0.5168 0.0429 0.025
4 0.3918 0.5337 0.04 0.0229
4 0.3726 0.5889 0.0421 0.025
4 0.3678 0.6106 0.0407 0.0214
4 0.3606 0.6346 0.0464 0.0243
4 0.3582 0.6562 0.0429 0.0221
4 0.3534 0.6779 0.0471 0.0271
4 0.3462 0.7019 0.0436 0.0257
5 0.3389 0.7236 0.0457 0.0221
4 0.3341 0.7428 0.045 0.0207
4 0.3293 0.7668 0.0443 0.0243
0 0.3317 0.8005 0.0264 0.0336
