9 0.0841 0.5529 0.1379 0.0443
4 0.2043 0.5649 0.0493 0.02
10 0.2476 0.5673 0.0257 0.0121
2 0.2452 0.5673 0.0107 0.0143
4 0.2861 0.6082 0.0493 0.0236
4 0.3005 0.5769 0.05 0.0214
5 0.3486 0.613 0.0493 0.0257
4 0.3606 0.5841 0.0471 0.0214
1 0.8101 0.6611 0.01 0.0129
1 0.7981 0.637 0.0107 0.0129
1 0.774 0.6346 0.0086 0.0136
9 0.6659 0.5024 0.0236 0.0493
1 0.5505 0.3894 0.0057 0.0121
1 0.5529 0.3726 0.0071 0.0157
1 0.6106 0.5168 0.0093 0.0193
1 0.3125 0.4135 0.005 0.0129
1 0.3389 0.4087 0.0064 0.0121
1 0.3438 0.4183 0.005 0.0136
1 0.3582 0.4038 0.0064 0.0129
1 0.363 0.4038 0.005 0.0129
1 0.3654 0.3894 0.005 0.0136
