4 0.4808 0.4207 0.045 0.03
4 0.4159 0.4615 0.0507 0.0343
4 0.375 0.3918 0.04 0.0243
4 0.625 0.3606 0.0307 0.0207
4 0.6418 0.3197 0.0279 0.0164
4 0.6538 0.2981 0.0286 0.0136
4 0.3029 0.4135 0.0593 0.02
4 0.6178 0.3846 0.0379 0.0236
4 0.4375 0.3606 0.0336 0.0164
4 0.4183 0.3606 0.0307 0.0207
4 0.4014 0.3582 0.0257 0.0193
4 0.3606 0.387 0.0371 0.0207
4 0.3413 0.387 0.0371 0.0207
4 0.3245 0.3846 0.0371 0.0207
4 0.6899 0.3221 0.0221 0.0157
4 0.7067 0.3077 0.0193 0.0136
5 0.1779 0.4207 0.05 0.0314
1 0.6442 0.5481 0.0114 0.0236
1 0.2548 0.4447 0.0086 0.0193
1 0.25 0.4471 0.0093 0.0193
2 0.8269 0.6058 0.025 0.0264
2 0.8462 0.613 0.0207 0.0214
1 0.6394 0.5385 0.0114 0.0236
4 0.7212 0.8389 0.1686 0.0721
2 0.6779 0.6322 0.0179 0.0271
2 0.7476 0.7091 0.0207 0.0314
2 0.7404 0.6923 0.0221 0.0336
2 0.2332 0.4519 0.0107 0.0164
1 0.613 0.2981 0.0043 0.0107
4 0.3245 0.4038 0.0393 0.0193
0 0.4688 0.3462 0.0171 0.0143
0 0.4856 0.3389 0.0129 0.0129
0 0.5024 0.3341 0.0129 0.0114
0 0.5361 0.3173 0.0157 0.0093
2 0.7548 0.3486 0.0079 0.0107
10 0.7548 0.3534 0.0086 0.0121
10 0.2356 0.4567 0.0207 0.0171
10 0.6755 0.6346 0.0321 0.0243
3 0.7428 0.7163 0.0443 0.025
3 0.738 0.6995 0.0429 0.0336
3 0.9736 0.762 0.0571 0.03
2 0.988 0.762 0.0271 0.0271
4 0.625 0.2885 0.0186 0.0121
1 0.5144 0.3534 0.0057 0.0136
4 0.7115 0.2861 0.0421 0.02
0 0.7812 0.2716 0.0679 0.0471
4 0.7163 0.3197 0.0179 0.0136
0 0.2548 0.5337 0.02 0.0336
0 0.25 0.4904 0.0186 0.0293
