4 0.488 0.5577 0.0501 0.0765
4 0.4183 0.5385 0.0393 0.0808
4 0.3558 0.5409 0.0436 0.0851
1 0.3702 0.4591 0.0129 0.0215
1 0.4207 0.4255 0.0143 0.0222
1 0.4952 0.4471 0.0129 0.0215
1 0.6659 0.4447 0.0129 0.0215
1 0.6538 0.4447 0.01 0.0265
1 0.9808 0.6971 0.0129 0.0243
11 0.9399 0.6995 0.0815 0.0565
1 0.7957 0.5 0.0129 0.0215
1 0.8149 0.4928 0.0172 0.0193
1 0.6755 0.4904 0.0143 0.02
1 0.6827 0.5 0.0143 0.025
1 0.8101 0.5144 0.0136 0.0229
8 0.8173 0.5072 0.0401 0.0193
8 0.75 0.4375 0.0308 0.0343
5 0.0312 0.3894 0.0622 0.0351
5 0.0433 0.4543 0.0694 0.0358
5 0.1466 0.4639 0.0622 0.0365
6 0.2476 0.5216 0.0858 0.1323
4 0.1082 0.4014 0.0665 0.0343
1 0.1178 0.2885 0.0157 0.0229
1 0.3221 0.3125 0.0157 0.0258
1 0.2716 0.3894 0.0114 0.0165
1 0.3413 0.2909 0.01 0.0222
1 0.2596 0.238 0.0129 0.0222
10 0.1971 0.2476 0.0136 0.015
3 0.2115 0.25 0.0114 0.0165
5 0.4038 0.149 0.0322 0.0443
2 0.4135 0.3245 0.0093 0.0172
2 0.4183 0.3173 0.0093 0.0157
2 0.4207 0.3101 0.0079 0.0136
2 0.4567 0.4351 0.0129 0.0229
2 0.5433 0.4183 0.0143 0.0229
2 0.2861 0.3822 0.015 0.0157
2 0.8197 0.4688 0.0122 0.02
2 0.6394 0.4784 0.0129 0.0207
2 0.6178 0.4688 0.0114 0.0165
3 0.9159 0.4111 0.0107 0.025
5 0.7668 0.1971 0.0329 0.0443
10 0.8149 0.4712 0.0308 0.0143
8 0.6322 0.4736 0.0544 0.0236
3 0.4567 0.4375 0.0322 0.0165
3 0.5457 0.4279 0.0136 0.0258
1 0.4928 0.4038 0.0093 0.0236
1 0.4303 0.4087 0.0086 0.0243
4 0.4567 0.3413 0.0737 0.0329
4 0.6058 0.3894 0.0315 0.0572
4 0.7067 0.2764 0.0351 0.0472
4 0.6731 0.3486 0.0751 0.0315
4 0.7332 0.399 0.0372 0.0572
4 0.5649 0.3894 0.0358 0.0629
5 0.4255 0.387 0.0408 0.0536
5 0.4736 0.3918 0.0379 0.0579
4 0.5192 0.387 0.0336 0.0644
4 0.6514 0.399 0.0343 0.0572
4 0.6947 0.4014 0.0365 0.0651
