5 0.6899 0.6683 0.0393 0.02
6 0.7788 0.6178 0.0286 0.0329
5 0.7668 0.5889 0.0164 0.0207
5 0.8005 0.6226 0.0114 0.0129
5 0.7596 0.5385 0.0179 0.0279
6 0.75 0.5457 0.0343 0.0586
4 0.7284 0.5096 0.015 0.02
5 0.7188 0.4808 0.0121 0.02
5 0.7091 0.4615 0.0121 0.0221
1 0.7668 0.4495 0.0029 0.0064
5 0.6779 0.3918 0.0129 0.0193
5 0.6394 0.3245 0.0121 0.0186
5 0.5817 0.2692 0.01 0.0129
6 0.6418 0.3029 0.0214 0.0243
6 0.6803 0.3438 0.0179 0.0236
4 0.6611 0.363 0.0121 0.0129
6 0.7452 0.3582 0.02 0.03
9 0.5673 0.2452 0.0114 0.0207
4 0.5745 0.2428 0.0079 0.0086
10 0.4736 0.238 0.0043 0.0093
5 0.851 0.7572 0.0314 0.0421
