4 0.3269 0.2356 0.039 0.0185
5 0.3173 0.2524 0.0395 0.0255
4 0.3798 0.2332 0.041 0.0155
8 0.3774 0.2524 0.0315 0.013
2 0.3846 0.25 0.0105 0.0135
1 0.399 0.1899 0.005 0.0115
1 0.4111 0.1875 0.005 0.013
1 0.4231 0.1995 0.004 0.012
1 0.4207 0.1923 0.004 0.011
1 0.4207 0.1899 0.0035 0.013
1 0.4183 0.1923 0.003 0.0125
2 0.4327 0.1923 0.005 0.0125
2 0.4303 0.1923 0.003 0.006
1 0.4471 0.1899 0.0055 0.0135
1 0.4279 0.2043 0.0035 0.0115
1 0.4327 0.2091 0.0045 0.0135
1 0.4856 0.1875 0.0065 0.014
1 0.4567 0.2163 0.0055 0.016
1 0.4615 0.2212 0.0045 0.01
1 0.4712 0.2188 0.0035 0.0145
1 0.488 0.2115 0.005 0.0145
1 0.4952 0.2139 0.005 0.0165
1 0.4471 0.25 0.0055 0.017
1 0.4543 0.2524 0.0055 0.015
2 0.4639 0.2644 0.006 0.0155
2 0.4495 0.2692 0.0085 0.0135
1 0.4976 0.262 0.0055 0.018
1 0.5 0.2596 0.005 0.0165
1 0.5048 0.262 0.007 0.0165
4 0.4688 0.2428 0.0245 0.019
4 0.4784 0.2596 0.0205 0.022
4 0.4784 0.2861 0.0205 0.0225
2 0.5 0.2885 0.007 0.0195
3 0.4976 0.2909 0.0075 0.0165
1 0.4567 0.2957 0.0055 0.0175
1 0.4832 0.3221 0.0095 0.0205
5 0.4447 0.3005 0.0205 0.0365
1 0.4543 0.2909 0.006 0.016
1 0.4351 0.4183 0.0095 0.0245
1 0.4495 0.4159 0.0135 0.0215
2 0.4471 0.4135 0.0075 0.0145
10 0.4471 0.4231 0.008 0.0195
2 0.4111 0.4423 0.0125 0.0155
2 0.4279 0.4447 0.0105 0.0145
10 0.4303 0.4688 0.0115 0.029
1 0.4447 0.4856 0.0105 0.028
2 0.4639 0.4808 0.0065 0.014
2 0.4639 0.4784 0.0125 0.022
10 0.4639 0.4856 0.012 0.024
10 0.3966 0.5553 0.017 0.028
8 0.3582 0.5745 0.02 0.0315
10 0.3173 0.5697 0.0125 0.028
5 0.3029 0.6851 0.0955 0.1065
8 0.4159 0.649 0.0275 0.062
1 0.3894 0.6899 0.0115 0.026
1 0.351 0.7188 0.0205 0.028
1 0.3798 0.7452 0.016 0.026
4 0.4543 0.8149 0.0635 0.1245
4 0.5 0.2236 0.035 0.017
1 0.5 0.238 0.0055 0.015
1 0.5024 0.2428 0.005 0.0155
6 0.5649 0.2404 0.0385 0.019
6 0.5697 0.2332 0.052 0.025
4 0.6178 0.2332 0.041 0.0235
4 0.649 0.2284 0.037 0.016
4 0.6611 0.2188 0.044 0.016
4 0.625 0.2115 0.0485 0.0155
4 0.5601 0.2212 0.0435 0.016
4 0.5793 0.2163 0.0455 0.0115
5 0.637 0.1538 0.018 0.0145
3 0.6562 0.2981 0.0185 0.0145
3 0.5096 0.2909 0.006 0.018
1 0.5144 0.2909 0.0075 0.0175
1 0.5216 0.2788 0.005 0.016
1 0.5096 0.2692 0.0055 0.0155
1 0.512 0.2692 0.005 0.016
6 0.5216 0.2668 0.0145 0.029
1 0.5144 0.3197 0.0075 0.0205
1 0.5168 0.3125 0.0055 0.017
1 0.5144 0.3438 0.0065 0.017
1 0.5168 0.3558 0.0055 0.0195
1 0.5168 0.4135 0.01 0.0225
2 0.5793 0.4375 0.0095 0.015
5 0.5793 0.4014 0.0315 0.0475
4 0.6587 0.4062 0.039 0.0445
10 0.7139 0.399 0.0095 0.022
2 0.5577 0.4471 0.0145 0.02
8 0.5769 0.4447 0.0405 0.027
2 0.5264 0.5385 0.012 0.0225
3 0.524 0.5433 0.012 0.0305
2 0.6082 0.5505 0.0125 0.0225
2 0.6587 0.5529 0.0175 0.021
3 0.6587 0.5601 0.0265 0.013
5 0.6779 0.6034 0.0495 0.0845
1 0.5337 0.7284 0.0115 0.025
10 0.524 0.7476 0.016 0.041
6 0.637 0.7668 0.1025 0.144
8 0.7644 0.8365 0.0635 0.079
2 0.762 0.4207 0.0115 0.0195
2 0.7692 0.4207 0.012 0.02
3 0.7861 0.4351 0.0135 0.025
2 0.7957 0.4591 0.015 0.019
3 0.8005 0.4543 0.012 0.0265
4 0.8101 0.5433 0.101 0.046
1 0.8197 0.5601 0.019 0.027
4 0.851 0.6106 0.1155 0.0725
5 0.863 0.6851 0.1175 0.111
1 0.8173 0.7236 0.0245 0.027
10 0.9471 0.7861 0.058 0.039
3 0.9663 0.7476 0.0485 0.0575
3 0.9495 0.7163 0.046 0.0415
3 0.9231 0.6827 0.041 0.033
4 0.9567 0.5361 0.089 0.043
8 0.7091 0.7404 0.042 0.0945
