4 0.0264 0.7043 0.0529 0.1571
4 0.7115 0.8389 0.175 0.0757
4 0.1875 0.5721 0.0993 0.1586
5 0.0769 0.5288 0.1036 0.13
4 0.3438 0.738 0.0857 0.1907
4 0.6851 0.7524 0.1836 0.0864
5 0.6683 0.6635 0.185 0.0921
5 0.649 0.5337 0.12 0.0714
5 0.6322 0.4808 0.1357 0.0686
4 0.6514 0.5962 0.1521 0.0686
4 0.6226 0.4351 0.1179 0.0536
4 0.613 0.3966 0.1121 0.0514
6 0.6082 0.3558 0.0886 0.0507
6 0.5962 0.3173 0.0921 0.0564
4 0.4423 0.5769 0.0629 0.13
4 0.375 0.5649 0.0614 0.115
4 0.3894 0.4423 0.0529 0.0929
4 0.4087 0.3077 0.0393 0.0543
4 0.4207 0.2356 0.0329 0.0436
1 0.3918 0.2476 0.0107 0.0293
1 0.4519 0.262 0.0093 0.0257
1 0.5024 0.137 0.0107 0.0193
1 0.3221 0.4303 0.0129 0.0307
4 0.1394 0.4303 0.0821 0.0914
5 0.1995 0.3317 0.0743 0.08
4 0.2236 0.2692 0.0493 0.0571
4 0.2909 0.1442 0.0393 0.0364
4 0.2668 0.1707 0.0364 0.0436
5 0.2452 0.2067 0.0543 0.0764
