1 0.1971 0.4303 0.0207 0.0343
1 0.4279 0.4255 0.015 0.0343
1 0.6082 0.4087 0.0121 0.0343
2 0.4736 0.4375 0.0107 0.0179
2 0.488 0.4375 0.0129 0.0193
2 0.5144 0.4279 0.0179 0.0214
2 0.4736 0.4111 0.0179 0.0186
2 0.4928 0.4135 0.0114 0.0229
2 0.512 0.4135 0.0136 0.0186
2 0.476 0.4014 0.015 0.0143
2 0.5048 0.4111 0.0143 0.02
1 0.5288 0.3894 0.0107 0.0271
1 0.5361 0.387 0.0093 0.03
1 0.5288 0.3822 0.0107 0.0314
2 0.6034 0.3582 0.0179 0.0157
2 0.9038 0.1947 0.0114 0.0164
2 0.9087 0.1971 0.0129 0.0157
2 0.8245 0.1803 0.0086 0.0143
2 0.8438 0.1779 0.0064 0.0129
2 0.8365 0.1827 0.0071 0.0157
2 0.8293 0.1827 0.0064 0.0129
1 0.8101 0.6851 0.0293 0.0414
2 0.625 0.2115 0.0093 0.0107
2 0.6154 0.2091 0.0121 0.0093
2 0.613 0.2043 0.0079 0.0079
2 0.625 0.2067 0.01 0.0093
