6 0.2019 0.762 0.1289 0.0391
4 0.2764 0.6947 0.0908 0.0538
1 0.1587 0.7091 0.0162 0.0365
1 0.1635 0.7019 0.0177 0.0339
1 0.1707 0.6947 0.0219 0.0376
4 0.3269 0.5841 0.0762 0.0313
7 0.363 0.6442 0.0564 0.0376
4 0.4543 0.5649 0.0637 0.0324
6 0.6202 0.5481 0.0632 0.0433
6 0.6178 0.5144 0.0517 0.0391
7 0.4712 0.5072 0.0423 0.0261
10 0.3702 0.5048 0.0162 0.0141
10 0.3726 0.5048 0.0193 0.0146
2 0.3966 0.5024 0.0089 0.0157
6 0.4255 0.4856 0.1388 0.0428
6 0.4038 0.4712 0.0673 0.0271
6 0.4159 0.4736 0.0898 0.0303
6 0.4375 0.4351 0.0454 0.0214
10 0.4279 0.4231 0.0151 0.0104
4 0.4399 0.4183 0.0318 0.0146
10 0.4423 0.4038 0.0115 0.0073
10 0.4327 0.3966 0.0073 0.0099
4 0.4639 0.3966 0.0297 0.013
4 0.4663 0.375 0.0251 0.0094
4 0.4856 0.3678 0.024 0.0104
7 0.5601 0.4832 0.0162 0.023
2 0.5601 0.4784 0.0078 0.0094
6 0.5986 0.4519 0.0261 0.0329
8 0.5865 0.4207 0.0219 0.0157
4 0.5481 0.3558 0.0078 0.011
6 0.5168 0.363 0.0136 0.0162
1 0.4808 0.3558 0.0031 0.0057
1 0.488 0.3534 0.0026 0.0073
11 0.4952 0.3606 0.0141 0.0099
8 0.5 0.3558 0.0094 0.0089
4 0.4904 0.3438 0.0219 0.0089
5 0.4928 0.3413 0.0219 0.0089
8 0.5 0.3365 0.0115 0.0063
6 0.5673 0.3413 0.013 0.0183
10 0.5577 0.3341 0.0031 0.0052
2 0.5577 0.3317 0.0031 0.0068
2 0.5529 0.3245 0.0016 0.0037
10 0.5529 0.3269 0.0031 0.0042
4 0.5649 0.3317 0.0073 0.0078
6 0.5409 0.3173 0.0141 0.0151
6 0.5144 0.3197 0.048 0.012
5 0.5288 0.3149 0.0084 0.0068
4 0.5288 0.3101 0.0104 0.0052
4 0.512 0.3101 0.0052 0.0047
5 0.5192 0.3101 0.0052 0.0063
0 0.5649 0.2837 0.0162 0.0277
6 0.5625 0.3197 0.011 0.0146
6 0.5649 0.3149 0.0094 0.013
7 0.5697 0.3221 0.0042 0.0063
