7 0.4784 0.5 0.0264 0.0164
4 0.4255 0.7692 0.0243 0.0607
4 0.476 0.7596 0.0243 0.0586
10 0.4207 0.7019 0.0129 0.0229
10 0.4351 0.649 0.01 0.0164
10 0.4712 0.6442 0.0079 0.0171
10 0.4904 0.637 0.0086 0.0157
10 0.5096 0.637 0.0093 0.0164
10 0.5216 0.5793 0.0143 0.0136
10 0.5553 0.5697 0.0136 0.0136
10 0.6755 0.5096 0.0129 0.0121
10 0.6779 0.4904 0.0171 0.0114
10 0.4736 0.1899 0.0043 0.0071
3 0.7885 0.5577 0.015 0.0129
9 0.4615 0.2404 0.0136 0.03
5 0.613 0.2764 0.02 0.0121
4 0.4856 0.1611 0.0057 0.0057
4 0.5745 0.1611 0.0043 0.0057
4 0.5264 0.1514 0.0093 0.005
0 0.4832 0.1442 0.0136 0.0186
2 0.4207 0.6995 0.0071 0.015
2 0.4351 0.6466 0.0071 0.01
2 0.4712 0.6442 0.005 0.0114
2 0.4904 0.637 0.005 0.0121
2 0.5096 0.6346 0.005 0.0121
2 0.5529 0.5721 0.0043 0.0114
2 0.5577 0.5697 0.0043 0.0121
2 0.5216 0.5769 0.0057 0.01
2 0.6803 0.4904 0.005 0.0093
2 0.6755 0.5072 0.005 0.0093
2 0.7909 0.5553 0.0064 0.01
1 0.5793 0.5938 0.0057 0.01
1 0.5697 0.5986 0.0057 0.0114
1 0.3341 0.6202 0.0079 0.0136
