4 0.625 0.649 0.0943 0.0914
4 0.7572 0.5745 0.0657 0.0857
4 0.5072 0.5817 0.0929 0.0721
4 0.4279 0.6418 0.1114 0.0979
4 0.3173 0.5553 0.0971 0.0721
4 0.1971 0.5625 0.1014 0.0757
4 0.149 0.6803 0.155 0.1129
4 0.8966 0.5072 0.1 0.07
4 0.9183 0.6154 0.1129 0.0936
4 0.7332 0.387 0.0829 0.0407
4 0.3077 0.226 0.0443 0.0264
4 0.2308 0.1875 0.0386 0.0229
4 0.4471 0.5529 0.0957 0.07
4 0.4423 0.4183 0.0807 0.0493
4 0.4135 0.5168 0.0936 0.065
4 0.3702 0.4976 0.0793 0.0521
4 0.3293 0.476 0.0893 0.0579
4 0.2909 0.4495 0.0836 0.0479
4 0.25 0.4303 0.0979 0.0521
4 0.2885 0.3389 0.0536 0.0436
5 0.2163 0.4135 0.07 0.0443
4 0.1899 0.3966 0.075 0.0386
4 0.1683 0.3822 0.0779 0.045
4 0.1442 0.3654 0.0829 0.0436
4 0.125 0.351 0.0871 0.0371
5 0.0673 0.2284 0.0571 0.04
4 0.1731 0.1683 0.0314 0.02
4 0.6466 0.3029 0.0557 0.03
4 0.5144 0.2644 0.0514 0.0236
4 0.5745 0.2548 0.0486 0.0271
4 0.774 0.3173 0.0571 0.0364
4 0.7356 0.3606 0.07 0.0393
4 0.726 0.2644 0.035 0.025
4 0.7019 0.2524 0.0314 0.0257
4 0.8798 0.3125 0.0364 0.0307
4 0.2019 0.8101 0.1886 0.1314
4 0.2957 0.8413 0.1293 0.07
4 0.613 0.8365 0.13 0.0807
4 0.8245 0.8173 0.0879 0.1186
10 0.0312 0.726 0.0607 0.0564
3 0.1659 0.4808 0.0321 0.0307
5 0.0673 0.3221 0.07 0.045
4 0.0361 0.3005 0.0593 0.05
4 0.0216 0.2091 0.0357 0.0257
4 0.0264 0.1827 0.0357 0.0264
4 0.2067 0.2356 0.0343 0.025
4 0.2163 0.2163 0.0336 0.0264
4 0.2091 0.1466 0.0286 0.0214
4 0.3606 0.1923 0.0343 0.0214
4 0.4303 0.2115 0.04 0.0243
6 0.3726 0.2212 0.0586 0.0436
4 0.9111 0.3221 0.0314 0.0293
4 0.9736 0.363 0.0364 0.0364
5 0.9519 0.3245 0.0386 0.0329
4 0.9904 0.3822 0.0193 0.0314
1 0.8966 0.3654 0.0143 0.0229
1 0.9038 0.3654 0.0093 0.0207
4 0.6731 0.2861 0.045 0.03
6 0.5889 0.4808 0.1121 0.0779
1 0.613 0.5192 0.0129 0.0286
1 0.649 0.5168 0.0143 0.0357
1 0.6923 0.5024 0.0164 0.0286
4 0.5216 0.2885 0.0593 0.0343
4 0.5986 0.3341 0.0586 0.0443
7 0.2284 0.3245 0.0279 0.0229
1 0.1707 0.1418 0.0064 0.015
1 0.3053 0.1803 0.0079 0.0179
1 0.2933 0.1779 0.0071 0.0186
1 0.2812 0.1755 0.0079 0.0179
1 0.2861 0.1731 0.0064 0.0171
1 0.2764 0.1731 0.0071 0.0157
1 0.3029 0.1731 0.0071 0.0157
1 0.2837 0.3125 0.0114 0.03
1 0.2236 0.1587 0.0071 0.0164
4 0.2716 0.1635 0.0314 0.02
3 0.2596 0.1659 0.01 0.0143
4 0.3197 0.149 0.0414 0.0207
4 0.3029 0.1442 0.0343 0.0179
4 0.2909 0.1418 0.035 0.0164
4 0.2764 0.137 0.0371 0.015
1 0.3245 0.1827 0.0071 0.0171
1 0.3486 0.1923 0.0086 0.0214
11 0.7019 0.3029 0.03 0.02
3 0.8365 0.2861 0.02 0.015
3 0.8173 0.2812 0.0186 0.0136
10 0.863 0.2957 0.02 0.0143
4 0.9688 0.1827 0.0336 0.0207
