5 0.3822 0.7356 0.0364 0.0721
5 0.4447 0.6971 0.0321 0.0543
4 0.4231 0.5673 0.0257 0.0386
4 0.4688 0.5481 0.0243 0.0379
4 0.3966 0.4976 0.0214 0.0243
4 0.3534 0.5144 0.0257 0.0271
10 0.0529 0.7476 0.0314 0.0207
4 0.0409 0.7019 0.0271 0.0336
4 0.0337 0.6683 0.0293 0.0279
5 0.0168 0.6394 0.0307 0.0336
5 0.0529 0.3678 0.0264 0.0107
5 0.1298 0.351 0.0207 0.01
5 0.101 0.3582 0.0229 0.0107
9 0.4135 0.3894 0.0357 0.0514
9 0.5048 0.3822 0.0279 0.0521
4 0.4808 0.399 0.0164 0.0179
5 0.4471 0.3894 0.015 0.0171
5 0.524 0.3317 0.0129 0.015
6 0.5048 0.3245 0.0193 0.0257
6 0.4712 0.2981 0.0171 0.0221
4 0.4014 0.3413 0.0107 0.0107
4 0.4062 0.3101 0.01 0.0107
4 0.4135 0.2812 0.01 0.01
0 0.3197 0.2692 0.035 0.0143
4 0.5144 0.3053 0.01 0.0114
5 0.5288 0.3101 0.0114 0.0143
4 0.5192 0.2885 0.0079 0.0093
10 0.5 0.274 0.0057 0.0079
4 0.4976 0.2596 0.0093 0.01
4 0.512 0.2596 0.0079 0.01
6 0.4279 0.2548 0.015 0.0136
5 0.4712 0.2308 0.0121 0.0086
6 0.5312 0.6418 0.0564 0.0886
4 0.2933 0.5385 0.0186 0.0207
1 0.149 0.3918 0.0071 0.0093
4 0.4952 0.3558 0.0121 0.0136
9 0.3486 0.2716 0.0179 0.0186
4 0.3558 0.2812 0.0071 0.0064
4 0.3726 0.2837 0.01 0.0079
4 0.3365 0.2933 0.0121 0.0071
10 0.4183 0.2692 0.0043 0.0071
10 0.512 0.238 0.0079 0.0093
1 0.6226 0.5865 0.01 0.0157
1 0.5769 0.5889 0.0114 0.0157
4 0.5216 0.2764 0.0086 0.01
4 0.5288 0.262 0.0057 0.0093
4 0.5312 0.25 0.0071 0.0057
4 0.5457 0.25 0.0071 0.0064
4 0.5433 0.2548 0.0086 0.0064
6 0.5385 0.2668 0.0136 0.0214
4 0.5505 0.2428 0.0064 0.0086
4 0.5361 0.2428 0.0079 0.0107
5 0.5529 0.2308 0.0064 0.0071
5 0.5409 0.2356 0.0071 0.0086
5 0.5433 0.2236 0.0057 0.0057
5 0.5264 0.2284 0.0057 0.0079
5 0.4567 0.3029 0.0136 0.0157
4 0.4856 0.3077 0.0121 0.0114
