1 0.6202 0.7091 0.0329 0.075
1 0.5938 0.5913 0.0214 0.0557
1 0.5721 0.5938 0.02 0.0414
1 0.5962 0.5264 0.0193 0.0436
1 0.6562 0.4808 0.0171 0.0343
1 0.6346 0.4808 0.0143 0.0407
1 0.6178 0.4784 0.015 0.0314
1 0.726 0.4832 0.015 0.0414
4 0.7308 0.5673 0.0629 0.0664
4 0.5649 0.5072 0.0893 0.0457
4 0.6947 0.4567 0.0586 0.04
1 0.6611 0.4567 0.0129 0.0336
1 0.5553 0.3726 0.0057 0.0171
1 0.5625 0.3702 0.0071 0.0179
1 0.5697 0.3702 0.0079 0.0193
4 0.512 0.3317 0.035 0.0164
4 0.5505 0.3269 0.0143 0.0107
2 0.5673 0.3245 0.005 0.0079
4 0.5721 0.3197 0.0143 0.0093
0 0.6538 0.3774 0.0707 0.0371
10 0.0553 0.5192 0.0414 0.0329
1 0.5529 0.3413 0.0071 0.015
1 0.5481 0.3317 0.005 0.0114
3 0.5673 0.3269 0.0079 0.005
1 0.5745 0.3534 0.0064 0.0157
