9 0.4038 0.7043 0.0778 0.0491
4 0.7428 0.6971 0.0658 0.0339
5 0.7476 0.6562 0.0511 0.0344
4 0.6418 0.649 0.047 0.0245
4 0.6683 0.613 0.0287 0.0329
10 0.0168 0.524 0.0084 0.0136
2 0.0697 0.5409 0.0084 0.0089
2 0.0697 0.5385 0.0073 0.0068
10 0.0337 0.5312 0.0136 0.0125
7 0.0361 0.5264 0.0188 0.0104
10 0.0625 0.5385 0.012 0.0125
10 0.0865 0.5337 0.0073 0.0104
8 0.1082 0.5312 0.0209 0.0177
8 0.1707 0.5168 0.0198 0.0214
8 0.1755 0.5264 0.0172 0.0209
8 0.1875 0.5264 0.0183 0.0198
8 0.2019 0.5264 0.0193 0.0219
4 0.2163 0.4591 0.0188 0.0162
6 0.2332 0.4447 0.0256 0.0209
8 0.2356 0.5096 0.0115 0.0209
8 0.226 0.5072 0.012 0.0204
8 0.2091 0.5072 0.0162 0.0245
7 0.238 0.5312 0.0172 0.0183
7 0.2284 0.5312 0.012 0.0141
10 0.2091 0.5312 0.0115 0.0136
10 0.2163 0.5337 0.0099 0.0136
10 0.1562 0.5385 0.0104 0.0125
10 0.1635 0.5409 0.011 0.012
10 0.1659 0.5409 0.011 0.013
10 0.1707 0.5409 0.0104 0.0115
10 0.1779 0.5409 0.012 0.0115
10 0.1827 0.5409 0.012 0.0104
10 0.1923 0.5433 0.0104 0.012
10 0.1995 0.5433 0.0104 0.012
10 0.2043 0.5433 0.013 0.013
10 0.2163 0.5433 0.011 0.0136
10 0.2236 0.5409 0.0089 0.0136
3 0.1562 0.5793 0.0073 0.011
10 0.1635 0.5769 0.0115 0.0151
7 0.1731 0.5769 0.0172 0.0198
10 0.1851 0.5745 0.0125 0.0146
2 0.1466 0.613 0.0073 0.0136
2 0.1514 0.6154 0.0084 0.0078
2 0.1538 0.613 0.0063 0.0068
7 0.1514 0.6154 0.0193 0.0136
6 0.1755 0.5986 0.0772 0.0339
10 0.2548 0.524 0.0094 0.0084
4 0.3389 0.5529 0.0407 0.0177
5 0.387 0.5649 0.0371 0.0183
8 0.3894 0.5553 0.0256 0.0157
8 0.3293 0.5312 0.0224 0.0209
0 0.3438 0.5216 0.036 0.0245
8 0.4231 0.5986 0.0224 0.0292
4 0.4784 0.5865 0.0454 0.0209
10 0.5938 0.5986 0.0057 0.011
7 0.601 0.5986 0.011 0.0177
10 0.7909 0.5962 0.0104 0.0136
7 0.8005 0.6106 0.0303 0.0167
3 0.8486 0.5913 0.0167 0.0094
7 0.8726 0.6226 0.0329 0.0177
2 0.9111 0.5986 0.0094 0.0089
10 0.9495 0.601 0.0177 0.0151
7 0.9784 0.6346 0.0339 0.0172
