1 0.4303 0.6995 0.0385 0.079
1 0.6755 0.7404 0.0385 0.088
1 0.6562 0.738 0.0205 0.028
1 0.5938 0.7188 0.041 0.069
1 0.9327 0.7308 0.0705 0.0815
1 0.4639 0.738 0.0265 0.0505
1 0.4808 0.7476 0.0305 0.0875
1 0.3774 0.7404 0.0315 0.039
1 0.3774 0.7644 0.0405 0.0615
1 0.5337 0.7139 0.019 0.0305
1 0.5216 0.7308 0.0395 0.07
1 0.875 0.8654 0.0725 0.0225
3 0.8798 0.6731 0.0355 0.108
10 0.9038 0.7572 0.058 0.0865
2 0.4639 0.7308 0.0255 0.047
2 0.5312 0.6947 0.0285 0.032
2 0.5312 0.6875 0.039 0.07
3 0.4351 0.6538 0.046 0.087
3 0.8942 0.4303 0.068 0.09
