6 0.0144 0.2837 0.0107 0.0286
4 0.2332 0.3462 0.0129 0.0193
6 0.0216 0.5216 0.0157 0.0421
10 0.1106 0.5625 0.0036 0.0071
4 0.2957 0.4567 0.0093 0.0193
4 0.3438 0.5072 0.0086 0.0186
5 0.3606 0.4447 0.0079 0.015
5 0.3389 0.4423 0.0093 0.0193
5 0.3486 0.4423 0.0086 0.0157
4 0.3702 0.4423 0.0086 0.0179
10 0.3029 0.5361 0.0071 0.0079
10 0.3317 0.5385 0.0093 0.0057
10 0.3197 0.5385 0.0021 0.0071
10 0.3125 0.5385 0.0057 0.0064
10 0.3438 0.5385 0.0064 0.0071
10 0.363 0.5385 0.0064 0.0107
10 0.125 0.6298 0.005 0.0107
10 0.1322 0.601 0.0043 0.0079
4 0.1611 0.6034 0.0114 0.0193
4 0.1587 0.6274 0.01 0.0207
5 0.1466 0.6226 0.0107 0.0164
5 0.1394 0.5986 0.01 0.02
5 0.1683 0.625 0.0107 0.0214
4 0.1514 0.5986 0.0086 0.015
4 0.137 0.6226 0.01 0.0221
4 0.1514 0.6827 0.0107 0.0207
4 0.1731 0.6827 0.0093 0.02
5 0.1611 0.6827 0.0086 0.0221
5 0.1683 0.7091 0.0093 0.0171
5 0.1899 0.7091 0.0107 0.0193
5 0.2115 0.7115 0.0093 0.02
5 0.2236 0.7115 0.0086 0.0207
5 0.2356 0.7115 0.0086 0.0171
5 0.1827 0.6827 0.0071 0.0214
4 0.0072 0.6947 0.01 0.02
4 0.0337 0.7644 0.0143 0.02
4 0.024 0.7139 0.0143 0.0229
5 0.0385 0.6611 0.0136 0.0214
5 0.2596 0.7668 0.0079 0.0221
5 0.2933 0.7668 0.01 0.0229
4 0.2716 0.7644 0.0107 0.0229
4 0.3053 0.7692 0.0114 0.0214
4 0.3173 0.7692 0.01 0.0221
5 0.3389 0.7692 0.0093 0.0179
4 0.3678 0.7692 0.01 0.0221
4 0.3269 0.7692 0.01 0.0236
6 0.4062 0.3125 0.0086 0.0229
4 0.3798 0.4447 0.0086 0.0193
4 0.375 0.5072 0.01 0.0179
4 0.387 0.5096 0.0079 0.0179
4 0.399 0.4447 0.0086 0.02
4 0.4567 0.4543 0.0071 0.0171
4 0.4087 0.4447 0.0079 0.0164
5 0.4183 0.4471 0.0071 0.0193
5 0.4303 0.4471 0.0071 0.02
5 0.3966 0.4904 0.0071 0.0164
5 0.4471 0.4519 0.0057 0.0193
5 0.4856 0.5697 0.0086 0.0207
4 0.5072 0.5745 0.0086 0.0214
4 0.5168 0.5697 0.0093 0.0214
10 0.3894 0.5385 0.0071 0.0071
10 0.3774 0.5385 0.0057 0.0079
1 0.3918 0.5144 0.0036 0.0029
1 0.3918 0.5072 0.0036 0.0029
4 0.3798 0.7716 0.01 0.0221
4 0.3918 0.7716 0.0107 0.0207
4 0.4615 0.6923 0.0093 0.0207
4 0.4736 0.6923 0.0093 0.0229
4 0.4639 0.6394 0.0079 0.0179
4 0.5072 0.6947 0.0093 0.0207
10 0.4014 0.7692 0.0043 0.0107
10 0.4135 0.774 0.005 0.0086
10 0.4231 0.7764 0.0036 0.01
10 0.4159 0.7764 0.0043 0.01
10 0.4087 0.774 0.0043 0.0093
1 0.4231 0.7115 0.0043 0.0029
1 0.4519 0.6683 0.0029 0.0029
1 0.4495 0.6659 0.0021 0.0029
1 0.4375 0.649 0.0043 0.0021
1 0.4327 0.6514 0.0036 0.0036
4 0.4736 0.7188 0.0093 0.0229
4 0.4856 0.7188 0.01 0.0221
4 0.4952 0.7212 0.0093 0.0186
4 0.5072 0.7236 0.0086 0.0186
4 0.5168 0.7212 0.0086 0.0207
4 0.5385 0.6971 0.0079 0.0179
4 0.5385 0.726 0.0079 0.0214
5 0.5481 0.7236 0.0071 0.0207
5 0.5505 0.6971 0.0071 0.0221
5 0.5096 0.6154 0.0086 0.0179
5 0.5409 0.6154 0.0086 0.0193
5 0.5192 0.6154 0.0079 0.0164
4 0.5072 0.6394 0.0093 0.02
4 0.4663 0.613 0.0093 0.0207
4 0.4784 0.613 0.0079 0.0193
4 0.488 0.6154 0.0086 0.0207
5 0.488 0.637 0.0093 0.0193
4 0.4976 0.6394 0.0079 0.02
4 0.5288 0.6394 0.0079 0.0179
4 0.5288 0.6154 0.0079 0.0193
10 0.4567 0.6202 0.0036 0.0093
5 0.649 0.2885 0.0079 0.0157
5 0.625 0.4952 0.0179 0.0079
5 0.5577 0.5745 0.0064 0.015
5 0.5601 0.6971 0.0093 0.0214
5 0.5841 0.6418 0.0086 0.0207
4 0.5841 0.6178 0.0079 0.0207
4 0.5721 0.6418 0.0086 0.0221
4 0.5721 0.6971 0.0086 0.0214
4 0.5841 0.6971 0.0086 0.0171
4 0.5505 0.6418 0.0079 0.0193
4 0.5601 0.6418 0.0086 0.0207
4 0.5721 0.6178 0.0079 0.0186
4 0.6274 0.6034 0.0171 0.0064
4 0.6298 0.6779 0.0164 0.0064
4 0.6274 0.6995 0.0214 0.01
4 0.625 0.6683 0.0207 0.0093
5 0.6298 0.6466 0.0193 0.01
4 0.6274 0.6226 0.0193 0.0093
4 0.6274 0.5817 0.0193 0.0086
4 0.6274 0.5673 0.0243 0.01
4 0.6298 0.7212 0.02 0.0107
5 0.6298 0.7332 0.0214 0.0107
5 0.6298 0.7452 0.0229 0.0107
4 0.6298 0.7668 0.0221 0.01
4 0.6298 0.7572 0.0207 0.01
4 0.6298 0.7788 0.0193 0.0071
1 0.8438 0.2548 0.0036 0.005
4 0.7284 0.6154 0.015 0.0164
4 0.8029 0.6346 0.015 0.0157
4 0.726 0.5697 0.0186 0.0157
4 0.8029 0.6178 0.0136 0.015
4 0.8005 0.6034 0.0171 0.0143
4 0.8005 0.5913 0.0179 0.0157
4 0.7981 0.4351 0.0164 0.0129
4 0.7981 0.4495 0.0179 0.0143
4 0.8005 0.5312 0.0136 0.015
4 0.8029 0.5048 0.0143 0.0186
4 0.8005 0.488 0.0129 0.0136
4 0.8005 0.476 0.0136 0.0143
4 0.726 0.5144 0.0171 0.0157
4 0.7308 0.4856 0.015 0.0157
4 0.726 0.4736 0.015 0.0136
4 0.726 0.4615 0.0143 0.0121
4 0.7284 0.4495 0.015 0.01
4 0.7284 0.4207 0.0129 0.0121
4 0.7981 0.4087 0.0157 0.015
5 0.7957 0.4231 0.0164 0.0121
5 0.726 0.4087 0.0136 0.0129
5 0.7981 0.3966 0.0143 0.0136
4 0.726 0.399 0.0136 0.0121
1 0.8534 0.5337 0.005 0.0021
