5 0.1154 0.4688 0.035 0.0386
6 0.2308 0.3173 0.0193 0.0214
5 0.1947 0.2212 0.0236 0.0129
5 0.9014 0.5601 0.0464 0.0271
5 0.5168 0.2716 0.0243 0.0157
6 0.7139 0.3269 0.0257 0.0171
6 0.4255 0.3582 0.0221 0.0329
6 0.4399 0.2861 0.0179 0.0279
4 0.5841 0.4062 0.0221 0.025
4 0.4375 0.3293 0.0136 0.0171
4 0.6442 0.2981 0.0243 0.0121
4 0.6418 0.2909 0.025 0.0129
4 0.4976 0.226 0.0121 0.0114
4 0.4639 0.1731 0.0143 0.0086
4 0.2452 0.2067 0.0129 0.0121
4 0.2308 0.2043 0.0136 0.0114
4 0.1947 0.2067 0.0114 0.0093
4 0.3197 0.1755 0.0164 0.0093
4 0.3293 0.1635 0.0164 0.0079
4 0.3317 0.1635 0.0179 0.0079
4 0.3317 0.1587 0.0179 0.0079
4 0.3293 0.1562 0.0186 0.0086
4 0.3389 0.1394 0.0164 0.0079
4 0.4639 0.1322 0.005 0.0064
4 0.4712 0.1394 0.0086 0.0071
4 0.4688 0.1298 0.01 0.005
10 0.4688 0.5505 0.01 0.015
10 0.4471 0.4495 0.0071 0.0129
10 0.4567 0.4135 0.01 0.0121
2 0.4688 0.5481 0.0071 0.0136
2 0.4471 0.4495 0.0057 0.0086
2 0.4567 0.4135 0.0071 0.0093
