10 0.4808 0.137 0.0171 0.0186
10 0.4663 0.1923 0.0236 0.0114
10 0.4591 0.2019 0.025 0.0107
10 0.4736 0.3365 0.0121 0.0257
10 0.5457 0.4736 0.0343 0.0143
10 0.5096 0.4856 0.0336 0.0207
10 0.5433 0.5 0.0336 0.0121
10 0.5457 0.512 0.0307 0.0193
10 0.5481 0.5264 0.0264 0.0229
10 0.375 0.5072 0.0271 0.01
10 0.4976 0.6178 0.0357 0.0229
1 0.3654 0.7428 0.015 0.0214
1 0.3846 0.6154 0.0186 0.015
8 0.399 0.4423 0.0493 0.0307
4 0.3029 0.851 0.0564 0.0529
4 0.4591 0.8534 0.1 0.0436
4 0.4639 0.7981 0.0879 0.0557
4 0.4856 0.738 0.0864 0.0429
4 0.3413 0.7091 0.05 0.0929
4 0.5072 0.6514 0.0821 0.0429
4 0.5216 0.5553 0.0821 0.0414
8 0.5409 0.4327 0.0507 0.0321
6 0.5433 0.4087 0.0836 0.05
4 0.5529 0.3678 0.0686 0.0371
6 0.5601 0.3005 0.0786 0.0571
6 0.5745 0.2356 0.0714 0.0429
4 0.5865 0.2019 0.0571 0.0279
4 0.5865 0.1803 0.0593 0.0236
4 0.5913 0.1611 0.0557 0.0293
