10 0.1683 0.3654 0.0057 0.0079
1 0.1611 0.3966 0.0057 0.0064
5 0.2452 0.3966 0.0286 0.0129
10 0.1731 0.351 0.005 0.0086
10 0.1707 0.3534 0.0057 0.0071
4 0.2572 0.7212 0.03 0.0129
4 0.1322 0.8077 0.0314 0.015
4 0.1707 0.8077 0.0329 0.015
4 0.1611 0.8606 0.0343 0.015
4 0.2067 0.8606 0.0336 0.015
4 0.2356 0.8606 0.0279 0.015
4 0.2644 0.8606 0.0264 0.0129
6 0.0433 0.8606 0.0507 0.0214
4 0.0817 0.8606 0.03 0.0157
4 0.1226 0.8606 0.035 0.0157
4 0.4014 0.6875 0.03 0.0143
4 0.3029 0.7236 0.0286 0.0143
4 0.3341 0.7236 0.0293 0.0143
4 0.3678 0.7236 0.0286 0.0136
4 0.4014 0.726 0.0286 0.0143
4 0.4832 0.726 0.0279 0.0129
4 0.4519 0.726 0.0279 0.0136
4 0.4808 0.8125 0.0314 0.0136
4 0.351 0.8149 0.0286 0.0129
4 0.2981 0.8606 0.0329 0.0143
4 0.3317 0.8606 0.0321 0.0157
4 0.3678 0.8606 0.0314 0.0171
4 0.4062 0.863 0.03 0.0143
4 0.4471 0.863 0.0314 0.0157
4 0.4808 0.863 0.0279 0.015
4 0.5216 0.863 0.0314 0.015
4 0.5865 0.863 0.0329 0.0171
10 0.5385 0.7596 0.0086 0.0093
10 0.5337 0.762 0.0036 0.0107
4 0.7043 0.8678 0.0271 0.0136
4 0.7332 0.8197 0.0336 0.0164
4 0.7692 0.8197 0.0321 0.0157
4 0.7764 0.8678 0.0293 0.0136
4 0.8149 0.8678 0.0286 0.015
4 0.8534 0.8678 0.0279 0.0143
4 0.8942 0.8702 0.0279 0.0129
4 0.9375 0.8197 0.0329 0.0136
4 0.9784 0.8221 0.0336 0.0157
4 0.9712 0.8702 0.0293 0.0121
4 0.9014 0.7692 0.02 0.0321
4 0.9351 0.7716 0.0229 0.0321
4 0.9495 0.7716 0.0193 0.03
4 0.9663 0.7716 0.0221 0.0314
1 0.9279 0.7067 0.0093 0.0043
4 0.5361 0.5841 0.0086 0.0286
2 0.4519 0.3173 0.0036 0.0057
4 0.6514 0.6683 0.015 0.0307
2 0.75 0.7524 0.0043 0.0036
10 0.75 0.7548 0.0121 0.005
4 0.7428 0.8678 0.0329 0.0157
4 0.8413 0.738 0.0186 0.0336
10 0.9111 0.8317 0.0114 0.0093
2 0.9135 0.8317 0.0057 0.0043
1 0.1274 0.1851 0.0043 0.0064
1 0.1298 0.1851 0.0043 0.0064
