4 0.0793 0.851 0.1429 0.0486
4 0.4639 0.8077 0.0829 0.1336
4 0.3798 0.738 0.085 0.1357
4 0.1202 0.7812 0.1714 0.0793
4 0.1803 0.7067 0.1464 0.0714
4 0.2019 0.6514 0.1386 0.0657
4 0.238 0.5986 0.1386 0.0614
4 0.2596 0.5553 0.1164 0.0529
4 0.3101 0.4519 0.09 0.05
4 0.3341 0.4303 0.0729 0.0357
4 0.3606 0.3894 0.0807 0.04
1 0.399 0.3702 0.015 0.0286
1 0.4351 0.3462 0.01 0.0243
1 0.4399 0.4567 0.0136 0.035
4 0.5529 0.274 0.0193 0.0264
4 0.5505 0.3029 0.0243 0.035
4 0.5457 0.3245 0.0243 0.0336
4 0.5721 0.3462 0.0236 0.0414
4 0.5745 0.4135 0.0407 0.0529
4 0.5337 0.4062 0.0336 0.0493
4 0.4904 0.4062 0.0364 0.045
4 0.5264 0.4615 0.0379 0.0571
4 0.5048 0.3582 0.0336 0.0357
4 0.476 0.4615 0.0429 0.05
4 0.5096 0.5337 0.0429 0.0793
4 0.4856 0.6587 0.065 0.1257
4 0.4159 0.6202 0.055 0.1121
1 0.4712 0.5264 0.0171 0.0507
5 0.5625 0.6058 0.0614 0.1286
4 0.6394 0.2812 0.0429 0.0357
4 0.6995 0.2764 0.0243 0.0243
4 0.7236 0.3101 0.0357 0.0343
4 0.6875 0.4832 0.0564 0.0786
4 0.7885 0.4904 0.0521 0.0729
4 0.9303 0.6274 0.0679 0.0879
4 0.8774 0.7524 0.1129 0.16
1 0.738 0.5 0.0186 0.0321
3 0.6202 0.4904 0.0186 0.0193
2 0.6202 0.4784 0.015 0.0171
4 0.6538 0.1346 0.01 0.0114
4 0.6755 0.1298 0.0107 0.0079
4 0.6827 0.1346 0.0093 0.0093
4 0.6851 0.1587 0.0129 0.01
4 0.6923 0.1707 0.015 0.0143
10 0.6707 0.1707 0.0064 0.0071
10 0.6971 0.1923 0.0079 0.0114
2 0.6971 0.1851 0.0071 0.0093
2 0.6683 0.1659 0.0079 0.0079
4 0.6947 0.1346 0.0114 0.0121
6 0.6995 0.1514 0.0214 0.0171
4 0.726 0.1611 0.0207 0.0136
4 0.7115 0.1683 0.0157 0.0136
4 0.7212 0.1755 0.0293 0.0107
4 0.7548 0.1707 0.0279 0.0114
4 0.7764 0.1779 0.0343 0.0114
4 0.7452 0.1827 0.02 0.015
4 0.7692 0.1947 0.0307 0.0121
4 0.7885 0.2188 0.0229 0.0157
4 0.8005 0.2356 0.0243 0.0207
4 0.7308 0.1971 0.0136 0.0171
5 0.7404 0.2043 0.0186 0.0193
5 0.7139 0.1995 0.02 0.0214
4 0.7476 0.2212 0.0221 0.0179
4 0.7572 0.2404 0.0207 0.02
4 0.7716 0.2644 0.0293 0.0243
4 0.8245 0.262 0.0271 0.0236
4 0.7981 0.2644 0.0279 0.0243
3 0.7067 0.2452 0.0107 0.01
3 0.7188 0.2452 0.0064 0.01
2 0.7067 0.2404 0.0071 0.0107
2 0.7188 0.238 0.0057 0.0121
4 0.7332 0.2452 0.0193 0.0221
4 0.8029 0.1803 0.0143 0.0129
4 0.8173 0.1971 0.01 0.0143
1 0.8269 0.2043 0.0079 0.0171
1 0.8582 0.2812 0.01 0.0207
1 0.8894 0.2812 0.0121 0.025
4 0.8486 0.2284 0.0307 0.0207
4 0.9062 0.2548 0.055 0.0243
10 0.8029 0.2957 0.0114 0.0107
2 0.8029 0.2909 0.0079 0.0121
4 0.8293 0.3245 0.0414 0.0336
4 0.8558 0.3125 0.0343 0.0279
4 0.8822 0.3413 0.0529 0.0343
4 0.8534 0.3558 0.0464 0.0371
4 0.9135 0.363 0.0471 0.0493
4 0.8846 0.399 0.0621 0.0507
4 0.9543 0.4159 0.0614 0.0457
4 0.9183 0.4519 0.0614 0.0579
6 0.9639 0.5385 0.0714 0.1193
