4 0.0601 0.6947 0.12 0.1207
4 0.1202 0.5986 0.1721 0.1179
5 0.3486 0.5144 0.1279 0.1314
4 0.7837 0.7909 0.1243 0.1693
4 0.4784 0.613 0.1364 0.1564
4 0.625 0.5697 0.0957 0.1129
4 0.5673 0.4856 0.0979 0.1129
4 0.6755 0.4712 0.085 0.095
1 0.5312 0.4279 0.0186 0.0429
4 0.5096 0.351 0.1007 0.0921
4 0.6298 0.3918 0.0893 0.0936
4 0.5938 0.274 0.0679 0.0643
4 0.6851 0.3149 0.0657 0.0721
4 0.7332 0.3774 0.0764 0.075
4 0.7764 0.2885 0.0607 0.0564
4 0.7308 0.2476 0.0586 0.0693
4 0.8029 0.238 0.0443 0.0464
4 0.7812 0.1779 0.0393 0.0443
4 0.8269 0.1971 0.0486 0.0436
4 0.8822 0.4135 0.0843 0.0907
5 0.9111 0.3293 0.0514 0.0714
4 0.9159 0.2716 0.0543 0.06
4 0.9279 0.2332 0.04 0.0364
4 0.9351 0.1995 0.0436 0.0364
4 0.8582 0.149 0.0421 0.0393
4 0.8005 0.149 0.035 0.0357
4 0.649 0.2188 0.0557 0.0564
4 0.6322 0.1779 0.07 0.0343
4 0.6562 0.1659 0.065 0.03
4 0.6514 0.149 0.0593 0.0279
