9 0.2091 0.6082 0.0821 0.1471
9 0.2572 0.4062 0.085 0.1621
9 0.9303 0.4135 0.0821 0.1343
9 0.7476 0.7043 0.1071 0.0779
4 0.0361 0.4159 0.0621 0.0379
4 0.863 0.488 0.0429 0.0564
1 0.2308 0.375 0.0121 0.0207
1 0.4471 0.3269 0.01 0.02
1 0.0865 0.3245 0.01 0.0136
1 0.2067 0.3341 0.0107 0.0236
1 0.0697 0.3389 0.0121 0.0164
1 0.0577 0.3389 0.0157 0.0171
1 0.0577 0.3438 0.0086 0.0121
1 0.1635 0.3558 0.0079 0.015
1 0.0865 0.3486 0.0114 0.0179
11 0.1731 0.3582 0.0171 0.0157
10 0.1731 0.7572 0.0657 0.0179
10 0.1731 0.7428 0.0579 0.0221
10 0.1779 0.7236 0.0479 0.0243
9 0.2981 0.2572 0.0507 0.0736
1 0.2452 0.2284 0.01 0.015
1 0.5312 0.4928 0.0079 0.0136
1 0.4976 0.5337 0.0071 0.0157
1 0.4135 0.5529 0.0114 0.0157
1 0.4928 0.5288 0.0071 0.0136
1 0.5144 0.5312 0.0093 0.0157
1 0.5337 0.5337 0.0064 0.0157
1 0.5769 0.5361 0.0064 0.0121
1 0.6803 0.5 0.0086 0.0157
1 0.6851 0.5048 0.0093 0.0171
1 0.7043 0.4591 0.01 0.0164
1 0.7188 0.4351 0.0114 0.0157
1 0.7308 0.4543 0.0093 0.0157
1 0.726 0.4519 0.0071 0.0207
1 0.7885 0.3462 0.01 0.0136
1 0.5793 0.488 0.0114 0.0129
1 0.512 0.5144 0.0093 0.0171
1 0.5096 0.512 0.0071 0.0129
1 0.5288 0.524 0.01 0.0121
1 0.7284 0.4423 0.0086 0.0157
1 0.7524 0.387 0.0079 0.015
1 0.75 0.3942 0.0057 0.0064
11 0.7476 0.3966 0.0093 0.0114
10 0.5601 0.476 0.0279 0.0193
10 0.5697 0.4591 0.0279 0.0186
10 0.6154 0.4207 0.0293 0.0164
10 0.6514 0.4351 0.0257 0.0171
5 0.9495 0.3269 0.0293 0.0514
4 0.9663 0.274 0.025 0.0329
4 0.9736 0.2332 0.0279 0.0264
5 0.9375 0.2356 0.035 0.0329
1 0.4688 0.7115 0.0114 0.0107
1 0.4591 0.7043 0.0093 0.0086
