4 0.4183 0.7188 0.045 0.1
4 0.5457 0.7043 0.0436 0.0943
4 0.6082 0.7356 0.0543 0.105
4 0.5264 0.5865 0.0414 0.0757
4 0.4303 0.6058 0.0371 0.0693
4 0.1322 0.762 0.1214 0.07
4 0.1779 0.6635 0.0914 0.0436
4 0.1923 0.6154 0.08 0.035
4 0.2115 0.5817 0.0836 0.0379
4 0.2692 0.4904 0.0571 0.0271
4 0.2885 0.4639 0.065 0.03
4 0.4351 0.5144 0.0329 0.0536
4 0.4375 0.4543 0.0271 0.0443
4 0.512 0.4519 0.0264 0.0479
4 0.524 0.3942 0.0357 0.0371
4 0.4423 0.4087 0.0243 0.0386
1 0.2043 0.4303 0.0143 0.0236
1 0.2139 0.4279 0.0136 0.0207
4 0.3606 0.3293 0.05 0.0229
0 0.3077 0.4207 0.0629 0.0436
4 0.4904 0.2885 0.0193 0.0257
4 0.4784 0.238 0.0164 0.0186
1 0.5986 0.2716 0.0071 0.0157
4 0.5481 0.1635 0.01 0.0086
0 0.4567 0.2356 0.0086 0.0293
4 0.5192 0.1538 0.0093 0.0079
4 0.5216 0.1418 0.0086 0.0086
0 0.5625 0.1442 0.0136 0.0193
4 0.5337 0.1322 0.0114 0.01
2 0.4688 0.7644 0.0114 0.0243
10 0.4663 0.7812 0.0143 0.0264
2 0.3606 0.601 0.0107 0.0221
10 0.3606 0.6154 0.0121 0.0193
