10 0.8918 0.4832 0.0255 0.0225
10 0.899 0.4784 0.0175 0.0235
4 0.3822 0.8486 0.078 0.057
4 0.5721 0.7909 0.1095 0.165
4 0.3726 0.7043 0.064 0.118
4 0.75 0.6803 0.089 0.083
4 0.7043 0.6058 0.0795 0.0675
1 0.6442 0.5817 0.018 0.037
5 0.6322 0.524 0.0395 0.0485
4 0.6058 0.488 0.0475 0.0355
5 0.5361 0.524 0.0435 0.0485
4 0.5649 0.4663 0.0305 0.0275
4 0.5577 0.4327 0.0325 0.027
4 0.5769 0.4111 0.0495 0.0225
1 0.5505 0.4087 0.0055 0.02
1 0.5505 0.4038 0.0055 0.011
4 0.5553 0.4038 0.047 0.0235
1 0.524 0.4087 0.0055 0.018
4 0.5192 0.3894 0.022 0.0185
4 0.4952 0.3558 0.0125 0.013
4 0.4952 0.3486 0.015 0.012
4 0.4952 0.3389 0.011 0.0105
4 0.4928 0.3341 0.011 0.0115
4 0.4904 0.3317 0.011 0.009
4 0.4904 0.3221 0.01 0.01
4 0.4904 0.3197 0.0095 0.008
4 0.4904 0.3149 0.0085 0.0065
4 0.4856 0.3077 0.0085 0.007
4 0.4808 0.3077 0.0105 0.007
4 0.3798 0.601 0.053 0.0805
4 0.387 0.5312 0.042 0.0545
4 0.3846 0.4904 0.034 0.0415
4 0.4832 0.5024 0.04 0.054
4 0.4688 0.4639 0.0305 0.0345
4 0.4591 0.4375 0.0265 0.0285
5 0.3942 0.4279 0.022 0.034
4 0.3678 0.4014 0.049 0.0175
4 0.3678 0.3942 0.0395 0.018
4 0.4447 0.3918 0.02 0.0235
4 0.4399 0.3822 0.019 0.0185
4 0.3942 0.375 0.017 0.017
4 0.399 0.3654 0.017 0.0165
4 0.4038 0.3534 0.015 0.0135
4 0.4111 0.3462 0.0135 0.012
4 0.4135 0.3413 0.0125 0.011
4 0.399 0.3293 0.0225 0.008
4 0.4495 0.3654 0.0165 0.014
4 0.4399 0.3558 0.0145 0.0135
4 0.4591 0.3582 0.015 0.0125
4 0.4615 0.3438 0.012 0.011
4 0.4183 0.3365 0.011 0.011
4 0.4207 0.3317 0.012 0.0095
4 0.4135 0.3173 0.02 0.0075
4 0.4255 0.3245 0.0105 0.0105
4 0.4279 0.3221 0.0085 0.0085
4 0.4327 0.3125 0.0085 0.0075
1 0.4399 0.3149 0.0035 0.0085
4 0.4351 0.3101 0.007 0.0065
4 0.4663 0.3221 0.009 0.008
4 0.4663 0.3197 0.0095 0.007
4 0.4688 0.3149 0.009 0.007
5 0.4639 0.3077 0.01 0.008
1 0.4712 0.3053 0.002 0.0055
4 0.4567 0.3077 0.0085 0.0065
4 0.4639 0.3029 0.011 0.007
1 0.4471 0.3029 0.002 0.0055
5 0.4495 0.3005 0.0095 0.008
10 0.4423 0.3029 0.003 0.005
2 0.4423 0.3005 0.002 0.005
4 0.4423 0.3005 0.007 0.005
0 0.4615 0.2861 0.0555 0.019
