4 0.4303 0.7476 0.0586 0.0907
4 0.7163 0.2909 0.0279 0.0486
6 0.6947 0.5625 0.0593 0.075
10 0.3173 0.6731 0.0186 0.025
4 0.5096 0.5024 0.0329 0.0579
4 0.5601 0.3389 0.0293 0.045
4 0.5769 0.3005 0.0264 0.0429
4 0.5865 0.2596 0.0271 0.04
8 0.601 0.2957 0.0171 0.0271
2 0.601 0.2981 0.0086 0.0121
10 0.5481 0.1562 0.0057 0.0093
3 0.5913 0.1611 0.0114 0.0079
1 0.5817 0.1875 0.0043 0.0157
1 0.5865 0.1803 0.0064 0.0136
1 0.5433 0.149 0.0036 0.0093
7 0.5409 0.1538 0.0093 0.0071
4 0.613 0.1827 0.0214 0.0314
4 0.6178 0.1587 0.0221 0.0286
4 0.9736 0.8413 0.0507 0.0707
4 0.9087 0.3221 0.03 0.0593
4 0.8918 0.1587 0.0264 0.0464
