4 0.5769 0.8269 0.0595 0.0595
4 0.6058 0.7885 0.059 0.0535
5 0.6346 0.7548 0.055 0.0515
5 0.7764 0.8341 0.045 0.064
4 0.8221 0.7548 0.0495 0.0605
4 0.7163 0.738 0.0485 0.0545
4 0.5865 0.7091 0.0495 0.0525
6 0.6659 0.7236 0.0685 0.0585
5 0.6851 0.7067 0.0515 0.043
1 0.7644 0.7356 0.013 0.015
5 0.6995 0.6827 0.049 0.0455
5 0.7115 0.6635 0.0535 0.0435
4 0.7332 0.6466 0.0595 0.0345
4 0.8486 0.7043 0.051 0.044
10 0.8702 0.7212 0.013 0.025
1 0.9543 0.8654 0.018 0.011
1 0.9519 0.8726 0.015 0.007
4 0.9447 0.7476 0.0535 0.051
1 0.9087 0.7572 0.016 0.012
10 0.9014 0.7428 0.022 0.024
7 0.9303 0.7644 0.0295 0.0285
2 0.9303 0.7644 0.017 0.019
1 0.9207 0.762 0.017 0.0115
4 0.9808 0.5673 0.042 0.034
4 0.762 0.6226 0.0525 0.046
4 0.6707 0.5673 0.0475 0.0385
10 0.6995 0.5529 0.0145 0.0135
2 0.7019 0.5505 0.0105 0.011
1 0.6082 0.5361 0.008 0.014
1 0.5962 0.5312 0.006 0.0135
1 0.5433 0.5337 0.0075 0.0135
1 0.5457 0.5216 0.007 0.0145
1 0.5361 0.5192 0.008 0.0155
1 0.5385 0.5096 0.0055 0.014
1 0.512 0.488 0.007 0.0145
4 0.6058 0.524 0.042 0.0335
4 0.5601 0.4928 0.0385 0.0305
4 0.524 0.4712 0.0195 0.032
1 0.8029 0.4375 0.008 0.0135
1 0.7957 0.4351 0.008 0.013
1 0.7957 0.4207 0.0085 0.014
4 0.7212 0.4423 0.0405 0.025
4 0.6611 0.4519 0.041 0.026
10 0.6851 0.4327 0.0135 0.011
1 0.6851 0.4327 0.0085 0.0105
4 0.9135 0.3197 0.0315 0.019
4 0.8726 0.3053 0.034 0.0215
4 0.5024 0.4567 0.0185 0.0315
4 0.476 0.4375 0.0175 0.0305
4 0.5409 0.3966 0.029 0.018
5 0.4495 0.4207 0.024 0.028
4 0.4207 0.4062 0.029 0.0235
1 0.4014 0.4038 0.007 0.013
4 0.6707 0.2236 0.021 0.0105
4 0.4471 0.3245 0.025 0.0165
4 0.3918 0.3798 0.0175 0.0255
4 0.3678 0.3654 0.0155 0.025
4 0.3534 0.3582 0.0145 0.0205
1 0.4663 0.3173 0.0065 0.012
1 0.4351 0.3005 0.0045 0.0105
4 0.3702 0.3029 0.022 0.0135
6 0.3846 0.2885 0.0435 0.029
4 0.3293 0.3365 0.025 0.021
4 0.3101 0.3293 0.013 0.018
1 0.274 0.3293 0.0065 0.013
6 0.2764 0.3053 0.0265 0.025
4 0.2981 0.2861 0.0225 0.0155
4 0.2572 0.2957 0.02 0.0165
4 0.238 0.262 0.019 0.015
5 0.2692 0.2428 0.017 0.0125
6 0.2909 0.2356 0.0385 0.0295
5 0.0769 0.3462 0.02 0.022
9 0.0457 0.3317 0.037 0.036
4 0.0216 0.2957 0.032 0.014
4 0.0144 0.2837 0.026 0.013
4 0.2067 0.238 0.016 0.0125
4 0.2308 0.2236 0.0165 0.0105
4 0.3053 0.2139 0.02 0.0105
4 0.2933 0.2043 0.019 0.01
8 0.3486 0.1995 0.016 0.0115
4 0.3678 0.1947 0.017 0.0105
4 0.387 0.1875 0.017 0.01
4 0.4087 0.1827 0.016 0.009
1 0.4038 0.2236 0.004 0.01
1 0.399 0.2163 0.004 0.0085
1 0.4038 0.2163 0.004 0.009
4 0.1851 0.2115 0.015 0.011
4 0.1442 0.1995 0.0145 0.0115
4 0.149 0.1635 0.0125 0.009
5 0.1298 0.1635 0.012 0.0095
6 0.101 0.1587 0.024 0.0185
4 0.1058 0.1466 0.0105 0.007
6 0.1034 0.1394 0.021 0.0155
5 0.0673 0.149 0.013 0.012
4 0.0793 0.1394 0.01 0.0065
4 0.0361 0.1298 0.0085 0.0065
1 0.3029 0.226 0.0065 0.009
3 0.2356 0.1947 0.0045 0.006
3 0.2091 0.1851 0.005 0.0065
3 0.2139 0.1827 0.005 0.006
2 0.2356 0.1923 0.0035 0.0065
2 0.2091 0.1827 0.004 0.0075
2 0.2139 0.1803 0.0045 0.0065
5 0.7356 0.863 0.0325 0.026
