5 0.5312 0.6755 0.0493 0.06
4 0.5577 0.6923 0.0364 0.045
4 0.5793 0.7091 0.0421 0.05
6 0.601 0.7332 0.07 0.0871
4 0.6274 0.7476 0.0464 0.0514
4 0.6562 0.7572 0.0414 0.0493
4 0.6803 0.7692 0.0321 0.0257
4 0.7548 0.7716 0.0286 0.02
4 0.7428 0.6562 0.025 0.0621
1 0.7452 0.6058 0.01 0.0079
4 0.6562 0.5841 0.0579 0.0286
4 0.649 0.5553 0.0464 0.0221
4 0.6466 0.5288 0.0529 0.0243
5 0.6442 0.5 0.0529 0.0229
9 0.7356 0.5192 0.0257 0.055
4 0.7212 0.4159 0.0279 0.0529
4 0.6803 0.3606 0.0507 0.05
4 0.7091 0.2668 0.0236 0.0507
4 0.6827 0.2716 0.025 0.0529
4 0.6562 0.2692 0.0221 0.0493
4 0.6298 0.2716 0.0257 0.05
4 0.601 0.2716 0.0243 0.0521
4 0.5745 0.2716 0.0229 0.0486
4 0.5457 0.274 0.0236 0.0564
4 0.5192 0.2596 0.0271 0.0621
4 0.4952 0.2764 0.0229 0.0464
6 0.3798 0.3582 0.0593 0.0743
4 0.4856 0.601 0.0521 0.0329
4 0.4928 0.6274 0.05 0.0343
4 0.2428 0.4038 0.0343 0.0579
4 0.2885 0.2788 0.0364 0.0571
