4 0.2524 0.4183 0.0336 0.0514
4 0.2981 0.2933 0.0414 0.0236
4 0.2812 0.3389 0.0279 0.0429
4 0.3413 0.1731 0.0214 0.0121
4 0.3389 0.1875 0.0236 0.015
4 0.3365 0.1947 0.0243 0.0129
4 0.3341 0.2067 0.0264 0.0143
4 0.3221 0.2163 0.0286 0.0107
4 0.3221 0.2284 0.0279 0.0164
4 0.3149 0.2524 0.045 0.0214
4 0.3582 0.3389 0.0436 0.0271
4 0.4038 0.5938 0.0329 0.0764
4 0.4135 0.5168 0.0293 0.0564
4 0.4159 0.4495 0.0307 0.065
4 0.4111 0.3365 0.03 0.0671
5 0.4832 0.3053 0.0236 0.0443
4 0.4471 0.2644 0.0186 0.0286
4 0.4663 0.2356 0.0229 0.03
4 0.4231 0.137 0.015 0.0193
4 0.4231 0.1538 0.0136 0.0164
4 0.4231 0.1683 0.015 0.02
4 0.4207 0.1851 0.0136 0.0171
4 0.4231 0.2019 0.0186 0.0229
4 0.4207 0.2212 0.0143 0.02
4 0.4183 0.25 0.0186 0.0264
1 0.4736 0.2788 0.0071 0.0171
4 0.5889 0.5529 0.03 0.0579
4 0.5865 0.4784 0.0307 0.0536
4 0.5697 0.4327 0.03 0.0364
4 0.5553 0.3558 0.0236 0.0386
4 0.5649 0.3966 0.03 0.0357
1 0.5264 0.3582 0.0107 0.0193
4 0.5361 0.2909 0.0186 0.03
4 0.5216 0.1562 0.0386 0.0193
4 0.5168 0.1418 0.0407 0.0243
4 0.5361 0.2404 0.0464 0.0279
0 0.5865 0.3173 0.0536 0.0586
