4 0.2356 0.6466 0.079 0.0635
4 0.2933 0.6178 0.071 0.0495
5 0.3462 0.5841 0.0565 0.057
5 0.3774 0.5553 0.062 0.0465
5 0.4014 0.5216 0.0535 0.041
4 0.4183 0.5024 0.0555 0.035
4 0.4375 0.4856 0.051 0.03
4 0.4519 0.4688 0.052 0.0285
4 0.4663 0.4519 0.0505 0.0255
5 0.4808 0.4351 0.044 0.027
5 0.4904 0.4231 0.0375 0.022
5 0.5 0.4159 0.045 0.0235
4 0.5024 0.4062 0.0425 0.021
4 0.5216 0.399 0.0385 0.0185
4 0.5216 0.387 0.037 0.0155
4 0.5312 0.3798 0.0335 0.017
5 0.5361 0.3702 0.0305 0.015
4 0.5409 0.3606 0.0185 0.0155
5 0.5625 0.3462 0.0245 0.013
5 0.5889 0.3101 0.0135 0.0115
5 0.5962 0.3029 0.0175 0.011
5 0.6058 0.2933 0.0095 0.0075
4 0.6226 0.2812 0.0075 0.006
2 0.6346 0.262 0.002 0.003
10 0.6346 0.2644 0.002 0.003
2 0.637 0.2788 0.002 0.005
7 0.637 0.2788 0.0065 0.005
4 0.1562 0.3197 0.0195 0.0105
4 0.1466 0.3125 0.019 0.01
4 0.1803 0.3149 0.019 0.01
4 0.1851 0.3077 0.019 0.0085
4 0.2115 0.3077 0.0195 0.009
5 0.2428 0.3005 0.016 0.009
5 0.2548 0.2909 0.017 0.0075
5 0.6226 0.8558 0.16 0.041
6 0.6202 0.7668 0.16 0.107
5 0.5529 0.7163 0.1115 0.0765
4 0.5817 0.6659 0.1205 0.0485
5 0.5913 0.6178 0.095 0.0525
5 0.488 0.6226 0.0675 0.0675
4 0.5721 0.5529 0.0655 0.04
4 0.5697 0.5192 0.07 0.0345
5 0.6082 0.4471 0.025 0.0255
5 0.6106 0.4207 0.0335 0.023
4 0.6154 0.4038 0.035 0.0195
5 0.6202 0.3846 0.0315 0.018
5 0.6298 0.3582 0.0155 0.014
4 0.6346 0.3486 0.0245 0.0125
4 0.6346 0.3413 0.0255 0.0125
4 0.6346 0.3365 0.0245 0.0115
4 0.6442 0.3221 0.011 0.011
5 0.6442 0.3149 0.0185 0.0125
4 0.6538 0.3029 0.008 0.008
