9 0.4303 0.7404 0.0443 0.0814
4 0.3798 0.6827 0.0364 0.0629
4 0.3341 0.7644 0.0457 0.0364
4 0.5168 0.6058 0.0336 0.0686
6 0.5697 0.6106 0.0514 0.135
5 0.3438 0.5 0.0329 0.0536
6 0.3894 0.4904 0.0457 0.1079
5 0.5337 0.3413 0.0257 0.0471
5 0.5649 0.2957 0.0236 0.0429
6 0.4038 0.2668 0.0357 0.0657
6 0.3702 0.25 0.0271 0.0529
5 0.8798 0.5 0.0407 0.0471
5 0.8293 0.3798 0.0357 0.0393
5 0.7909 0.3726 0.0314 0.04
5 0.7668 0.3822 0.0243 0.0336
4 0.7115 0.3125 0.0236 0.0307
4 0.7837 0.2788 0.0236 0.025
5 0.7236 0.2524 0.0229 0.0279
4 0.6851 0.2476 0.0329 0.0243
