1 0.1827 0.1418 0.0125 0.0165
1 0.1971 0.137 0.0175 0.017
1 0.2091 0.1538 0.0185 0.014
4 0.3582 0.2692 0.032 0.061
5 0.4111 0.1346 0.0565 0.0185
5 0.4159 0.1562 0.052 0.0345
5 0.4231 0.1875 0.049 0.0315
6 0.4183 0.2139 0.063 0.0425
1 0.4784 0.2163 0.0075 0.016
4 0.4615 0.1875 0.0265 0.0635
5 0.4231 0.2644 0.053 0.0315
5 0.5505 0.2163 0.0275 0.0605
5 0.5529 0.2837 0.0435 0.058
4 0.4255 0.3101 0.0575 0.034
4 0.4327 0.3534 0.056 0.0285
4 0.5505 0.3413 0.044 0.0565
1 0.524 0.3846 0.007 0.013
1 0.5288 0.387 0.0055 0.0075
5 0.5529 0.4255 0.027 0.0565
5 0.5769 0.4303 0.0325 0.0545
1 0.4784 0.4712 0.007 0.0065
5 0.4495 0.4615 0.0655 0.028
1 0.4567 0.4976 0.01 0.008
5 0.4207 0.5625 0.052 0.023
1 0.3918 0.5865 0.0095 0.0075
1 0.4976 0.5361 0.005 0.0075
1 0.5264 0.476 0.0095 0.008
4 0.5385 0.1418 0.0285 0.031
6 0.6274 0.2524 0.07 0.044
1 0.6923 0.4447 0.0115 0.007
1 0.6923 0.4495 0.011 0.006
1 0.7115 0.4351 0.006 0.01
1 0.7332 0.4111 0.019 0.01
1 0.7548 0.4351 0.012 0.009
3 0.7596 0.4663 0.02 0.016
1 0.7188 0.4543 0.0115 0.006
1 0.7067 0.4567 0.0115 0.006
3 0.6827 0.4639 0.015 0.01
5 0.6106 0.524 0.052 0.0215
5 0.5841 0.5553 0.055 0.0265
1 0.6202 0.5769 0.0105 0.0085
1 0.6514 0.5745 0.0105 0.0085
1 0.7284 0.5769 0.0135 0.0085
1 0.774 0.5913 0.0105 0.0095
5 0.6587 0.5553 0.0545 0.025
5 0.6923 0.5889 0.058 0.0255
5 0.75 0.5577 0.0555 0.023
5 0.7981 0.5457 0.0315 0.0535
10 0.8438 0.5385 0.0105 0.0185
1 0.8317 0.5697 0.0135 0.0095
1 0.8341 0.5865 0.0075 0.004
1 0.851 0.5938 0.011 0.0095
1 0.8293 0.601 0.013 0.0085
5 0.75 0.6178 0.0545 0.027
3 0.8125 0.6466 0.012 0.021
1 0.8125 0.6466 0.0135 0.0125
5 0.762 0.6466 0.0795 0.0245
5 0.7091 0.6466 0.0315 0.062
10 0.7404 0.6971 0.011 0.0225
1 0.8389 0.7668 0.0185 0.013
3 0.863 0.7548 0.014 0.025
10 0.8413 0.7115 0.013 0.029
1 0.8413 0.7139 0.016 0.0135
10 0.8534 0.6683 0.0095 0.0245
10 0.6587 0.625 0.0145 0.008
7 0.6635 0.6466 0.018 0.032
5 0.6538 0.6875 0.053 0.0285
5 0.6562 0.7764 0.0405 0.057
5 0.6995 0.7764 0.0305 0.059
1 0.6779 0.7716 0.006 0.006
6 0.7356 0.774 0.0275 0.072
1 0.4784 0.5481 0.005 0.0065
1 0.4808 0.5288 0.005 0.008
3 0.5168 0.6538 0.008 0.023
2 0.5168 0.6562 0.0095 0.0105
6 0.5072 0.75 0.012 0.0345
1 0.5625 0.7909 0.0075 0.017
1 0.5986 0.8245 0.0075 0.0125
1 0.5361 0.8293 0.008 0.0175
1 0.8438 0.8269 0.012 0.0165
1 0.8365 0.8245 0.014 0.0115
10 0.8798 0.8462 0.023 0.0175
2 0.8798 0.8486 0.0155 0.0155
2 0.9159 0.8678 0.015 0.0165
1 0.8389 0.8462 0.013 0.0125
1 0.8438 0.8678 0.0095 0.0055
1 0.8341 0.8702 0.006 0.0075
1 0.8413 0.8606 0.012 0.01
1 0.5168 0.8293 0.009 0.0095
5 0.4808 0.8269 0.0655 0.032
5 0.4183 0.8293 0.0555 0.0345
7 0.3918 0.7981 0.038 0.02
6 0.3798 0.8438 0.0335 0.065
5 0.3534 0.851 0.029 0.051
10 0.399 0.738 0.009 0.025
10 0.387 0.7452 0.0115 0.026
10 0.3654 0.7356 0.008 0.0215
10 0.3534 0.7428 0.0085 0.021
10 0.3413 0.7404 0.0095 0.023
10 0.3293 0.738 0.009 0.029
10 0.3221 0.738 0.0105 0.0265
10 0.3101 0.7452 0.006 0.021
10 0.3077 0.7019 0.012 0.0235
10 0.2933 0.7163 0.0065 0.0195
10 0.2812 0.7139 0.014 0.0185
7 0.3197 0.6995 0.02 0.039
3 0.2981 0.7596 0.013 0.021
10 0.2837 0.7668 0.018 0.0145
7 0.2837 0.6971 0.0305 0.0165
10 0.2476 0.7308 0.019 0.01
10 0.2572 0.7163 0.011 0.013
7 0.2596 0.6995 0.0325 0.0205
1 0.2163 0.762 0.0065 0.007
7 0.2452 0.762 0.033 0.033
0 0.1995 0.7043 0.059 0.0305
1 0.3173 0.8341 0.011 0.0185
1 0.3101 0.8438 0.013 0.0205
1 0.3101 0.8654 0.0175 0.018
