4 0.024 0.5769 0.0307 0.0121
4 0.0649 0.5505 0.0229 0.0107
4 0.2163 0.6034 0.0271 0.0171
4 0.2452 0.5865 0.0186 0.0157
4 0.2067 0.5793 0.02 0.0143
4 0.2428 0.7188 0.0279 0.0293
4 0.6106 0.6418 0.0236 0.0236
4 0.7476 0.6827 0.0264 0.0279
4 0.7788 0.6707 0.0293 0.0293
4 0.7163 0.5385 0.0186 0.0171
4 0.6635 0.4712 0.015 0.0143
4 0.6082 0.4279 0.0136 0.0093
4 0.6514 0.4399 0.0121 0.0107
6 0.1611 0.5072 0.0329 0.0221
6 0.1779 0.5625 0.0243 0.0214
6 0.1611 0.5721 0.0414 0.035
4 0.2284 0.5889 0.0257 0.0207
4 0.2572 0.5793 0.0243 0.02
4 0.2308 0.5793 0.0207 0.0157
4 0.2236 0.5649 0.0286 0.0193
4 0.2428 0.5601 0.0243 0.0157
4 0.2692 0.5625 0.025 0.0186
4 0.274 0.5505 0.025 0.01
4 0.2332 0.5481 0.0207 0.0107
4 0.3486 0.5577 0.0286 0.0107
4 0.3606 0.5625 0.0264 0.0114
4 0.3534 0.5745 0.025 0.0114
4 0.2596 0.5457 0.02 0.0086
4 0.2644 0.5481 0.0271 0.0143
4 0.2837 0.7091 0.0479 0.0157
4 0.2909 0.6971 0.0386 0.0143
4 0.2933 0.6875 0.04 0.0164
4 0.2957 0.6779 0.0393 0.0157
4 0.3005 0.6659 0.0371 0.0164
4 0.2909 0.6611 0.0336 0.0136
4 0.2933 0.6514 0.0336 0.0136
4 0.2212 0.7572 0.03 0.0364
4 0.0312 0.5577 0.0164 0.0114
4 0.0192 0.5625 0.0171 0.0136
4 0.0457 0.5553 0.0186 0.0121
4 0.0288 0.5697 0.0179 0.0121
4 0.0409 0.5673 0.0157 0.0114
4 0.0048 0.5745 0.0093 0.0164
4 0.0072 0.5625 0.0114 0.0164
9 0.1442 0.3822 0.0221 0.0143
4 0.0769 0.3702 0.0086 0.0071
4 0.0481 0.3558 0.0057 0.005
6 0.5769 0.7091 0.0429 0.0607
6 0.7764 0.5264 0.0321 0.0364
6 0.726 0.4784 0.0214 0.0193
6 0.5649 0.3966 0.0136 0.0121
6 0.6346 0.4904 0.0193 0.0243
4 0.6394 0.5361 0.0179 0.0186
4 0.6971 0.4712 0.0129 0.0129
4 0.6298 0.4255 0.0121 0.0086
4 0.6154 0.4135 0.0107 0.0079
4 0.5938 0.4303 0.0114 0.0071
4 0.5553 0.4159 0.0107 0.0071
4 0.5385 0.399 0.0093 0.0064
4 0.5337 0.3846 0.0121 0.0086
4 0.5144 0.3918 0.0086 0.0057
4 0.4543 0.3822 0.0093 0.0057
4 0.4784 0.375 0.0079 0.0064
4 0.4663 0.3774 0.0071 0.005
10 0.5264 0.3966 0.0043 0.0057
10 0.5312 0.4062 0.005 0.0064
4 0.4255 0.3702 0.0079 0.005
4 0.4038 0.3654 0.0086 0.0043
4 0.4327 0.3678 0.0071 0.005
4 0.4014 0.363 0.0086 0.0043
6 0.4952 0.3846 0.0157 0.0107
9 0.5769 0.4135 0.0229 0.0221
9 0.6178 0.4591 0.0207 0.0314
5 0.3293 0.4327 0.0121 0.0093
5 0.6971 0.5457 0.0186 0.0214
10 0.6034 0.4351 0.0043 0.0071
10 0.4062 0.3606 0.0086 0.0057
4 0.3822 0.363 0.0064 0.0043
4 0.3942 0.3678 0.0079 0.0043
4 0.351 0.3606 0.0071 0.0043
4 0.351 0.3558 0.0071 0.0043
4 0.3606 0.3558 0.0086 0.005
4 0.3149 0.3534 0.0071 0.0043
6 0.3293 0.3534 0.0129 0.0086
6 0.2933 0.3486 0.0114 0.0064
6 0.274 0.3413 0.01 0.0064
5 0.3029 0.3486 0.0071 0.005
4 0.2837 0.3438 0.0057 0.0043
0 0.274 0.3293 0.0321 0.0193
0 0.5938 0.3125 0.1657 0.0507
