4 0.6659 0.4399 0.05 0.0614
4 0.6899 0.3341 0.0436 0.0479
4 0.6466 0.2933 0.045 0.0436
4 0.5361 0.4832 0.055 0.0643
4 0.5 0.601 0.0579 0.07
4 0.4639 0.7356 0.0743 0.0929
4 0.4279 0.6947 0.0736 0.0886
4 0.363 0.6971 0.0764 0.0893
4 0.3413 0.6538 0.0829 0.0914
4 0.4327 0.5433 0.065 0.0657
4 0.4519 0.5841 0.0636 0.0764
10 0.2163 0.5769 0.0279 0.0243
10 0.3125 0.5865 0.0257 0.03
10 0.2716 0.5889 0.0279 0.0321
10 0.2596 0.5817 0.0321 0.0329
10 0.4423 0.4615 0.0271 0.0286
2 0.2188 0.5673 0.0179 0.0214
2 0.3125 0.5817 0.0157 0.0271
2 0.2692 0.5841 0.0179 0.0179
2 0.2548 0.5769 0.0193 0.0186
2 0.4447 0.4591 0.0136 0.0164
