4 0.8966 0.8125 0.1543 0.0757
1 0.0481 0.7019 0.0164 0.0364
1 0.0337 0.7019 0.0136 0.0393
6 0.0288 0.6538 0.0514 0.0543
1 0.125 0.6635 0.0129 0.03
1 0.1418 0.6611 0.0157 0.0271
4 0.1587 0.6611 0.015 0.0279
4 0.149 0.6587 0.0093 0.0271
1 0.1779 0.6346 0.0071 0.03
1 0.1923 0.6394 0.0079 0.0264
1 0.1875 0.6298 0.0093 0.0264
1 0.2019 0.6298 0.0093 0.025
1 0.2284 0.6322 0.0093 0.0264
3 0.4423 0.5433 0.0043 0.0064
2 0.4423 0.5385 0.0043 0.0071
4 0.0817 0.7861 0.1271 0.0821
4 0.1827 0.6923 0.08 0.0471
6 0.3365 0.5938 0.0429 0.0293
6 0.3942 0.5841 0.0336 0.0279
6 0.4808 0.5865 0.0364 0.0493
4 0.5216 0.6274 0.0229 0.0243
4 0.524 0.5769 0.0164 0.0143
4 0.5529 0.5697 0.0143 0.0129
4 0.5312 0.5529 0.0114 0.0107
4 0.4423 0.5529 0.0157 0.0129
4 0.4688 0.5385 0.0114 0.0093
4 0.488 0.5361 0.0114 0.0086
4 0.5385 0.5385 0.01 0.01
4 0.5216 0.5337 0.0107 0.0086
4 0.5288 0.5264 0.0086 0.0064
4 0.5577 0.5192 0.0064 0.005
4 0.5457 0.512 0.005 0.0043
4 0.5481 0.5072 0.0043 0.005
4 0.4832 0.5288 0.0114 0.0093
6 0.5048 0.5216 0.0071 0.0079
4 0.4928 0.5216 0.0079 0.0057
4 0.4928 0.5168 0.0079 0.0057
4 0.5072 0.5144 0.0064 0.005
4 0.5024 0.512 0.0057 0.005
5 0.512 0.5096 0.0057 0.0057
5 0.5192 0.512 0.0057 0.005
4 0.524 0.5096 0.005 0.0036
4 0.5144 0.5072 0.005 0.0043
4 0.5144 0.5048 0.0036 0.0029
4 0.524 0.5048 0.005 0.0029
4 0.5288 0.5024 0.0043 0.0029
4 0.524 0.5048 0.0036 0.0036
4 0.524 0.5 0.005 0.0029
4 0.5264 0.5 0.0043 0.0021
5 0.5312 0.5024 0.0029 0.0036
4 0.5337 0.5 0.0036 0.0029
4 0.5288 0.4976 0.0029 0.0029
4 0.5361 0.4976 0.0029 0.0021
4 0.5361 0.4952 0.0029 0.0021
4 0.5529 0.4928 0.0021 0.0021
6 0.5505 0.4928 0.0021 0.0021
4 0.5505 0.4904 0.0014 0.0014
4 0.5577 0.4928 0.0021 0.0014
