4 0.1875 0.6923 0.0707 0.0357
9 0.1466 0.1755 0.0086 0.01
4 0.1803 0.1947 0.0086 0.0079
4 0.1707 0.2019 0.0079 0.0079
4 0.1394 0.1995 0.0121 0.0057
4 0.137 0.2067 0.0136 0.005
4 0.1394 0.2139 0.0114 0.0043
4 0.1394 0.2212 0.0093 0.0057
4 0.1394 0.2308 0.0064 0.0071
4 0.1731 0.2284 0.0086 0.0071
4 0.1731 0.2837 0.01 0.01
4 0.1779 0.2524 0.0079 0.01
4 0.1346 0.2764 0.0093 0.0093
4 0.0553 0.2812 0.0043 0.0057
4 0.0697 0.2812 0.0057 0.0057
4 0.1106 0.2909 0.0179 0.0064
4 0.113 0.2981 0.0221 0.0093
4 0.1106 0.3005 0.0221 0.0093
4 0.1106 0.3101 0.0221 0.0093
4 0.1034 0.3293 0.0257 0.0129
4 0.1058 0.3365 0.0243 0.0114
4 0.1034 0.3462 0.0293 0.0114
4 0.101 0.3534 0.0286 0.01
4 0.1034 0.3606 0.025 0.01
4 0.125 0.3702 0.0121 0.0121
4 0.1106 0.3149 0.0271 0.0114
1 0.0601 0.3293 0.0036 0.0079
1 0.0529 0.3269 0.0043 0.0086
1 0.0361 0.3654 0.005 0.0129
1 0.0312 0.3654 0.0057 0.01
1 0.0553 0.375 0.0036 0.0093
1 0.0505 0.3774 0.0043 0.01
1 0.0601 0.387 0.0057 0.0136
1 0.0529 0.387 0.0036 0.0093
10 0.0817 0.3438 0.01 0.0071
10 0.0817 0.351 0.0093 0.0064
5 0.1226 0.387 0.0264 0.0179
4 0.0625 0.4399 0.0379 0.0164
4 0.0793 0.4279 0.0214 0.0107
4 0.0769 0.4159 0.0207 0.0114
4 0.1106 0.4159 0.0221 0.0114
1 0.0505 0.4663 0.005 0.01
1 0.0433 0.4663 0.0064 0.015
1 0.012 0.6226 0.0043 0.0121
4 0.1538 0.6611 0.0671 0.0329
1 0.0361 0.8389 0.01 0.025
1 0.0745 0.863 0.0129 0.0214
5 0.2212 0.512 0.02 0.0307
1 0.2837 0.5433 0.0043 0.0143
4 0.1899 0.2981 0.0143 0.015
4 0.1899 0.2452 0.0114 0.0093
4 0.1875 0.226 0.0093 0.0093
4 0.2115 0.1635 0.0043 0.0043
4 0.2067 0.1514 0.0036 0.0057
4 0.2043 0.1442 0.0036 0.0043
4 0.2428 0.226 0.0071 0.0071
4 0.2572 0.2115 0.0057 0.0057
4 0.2548 0.2524 0.0093 0.0086
4 0.274 0.2957 0.0079 0.0071
4 0.2812 0.3029 0.0093 0.0086
4 0.2885 0.3197 0.0086 0.0107
4 0.2933 0.3293 0.0107 0.0114
4 0.3005 0.3438 0.0121 0.0121
4 0.3077 0.3582 0.0136 0.0143
4 0.3221 0.387 0.0164 0.015
4 0.3293 0.4038 0.0171 0.0157
4 0.3389 0.4183 0.0157 0.015
1 0.3726 0.3702 0.0029 0.0093
1 0.3774 0.375 0.0029 0.0086
1 0.3798 0.3798 0.0021 0.0079
1 0.3558 0.3654 0.0021 0.0079
1 0.3846 0.387 0.0021 0.0079
1 0.3894 0.3966 0.0029 0.0086
1 0.3582 0.3726 0.0029 0.0064
1 0.363 0.3774 0.0014 0.0071
1 0.363 0.3822 0.0021 0.0086
1 0.3678 0.3846 0.0021 0.0079
1 0.3726 0.3942 0.0029 0.0064
1 0.3774 0.3966 0.0021 0.0057
1 0.3798 0.4183 0.0029 0.0093
1 0.3798 0.4038 0.0021 0.0079
10 0.3606 0.4543 0.0079 0.0121
10 0.3486 0.476 0.0064 0.0129
10 0.351 0.488 0.0079 0.0129
10 0.363 0.5096 0.0079 0.0121
4 0.375 0.4904 0.0214 0.025
10 0.3125 0.5553 0.015 0.0114
10 0.3389 0.6058 0.0164 0.015
10 0.363 0.7885 0.0271 0.0221
4 0.3654 0.8534 0.0421 0.045
1 0.4591 0.7524 0.0064 0.015
4 0.3918 0.5649 0.0436 0.0279
1 0.476 0.5312 0.0036 0.0129
1 0.4688 0.5288 0.0036 0.0114
1 0.4375 0.512 0.005 0.0114
1 0.4327 0.5144 0.0043 0.0114
1 0.4615 0.5 0.0043 0.0107
1 0.4231 0.4543 0.005 0.0129
4 0.4351 0.4712 0.0229 0.0236
1 0.4014 0.4327 0.0036 0.0136
1 0.4543 0.4351 0.005 0.0136
1 0.4615 0.4495 0.0036 0.0114
1 0.4808 0.4519 0.005 0.0121
1 0.4712 0.4399 0.0071 0.01
1 0.4688 0.4279 0.005 0.0107
1 0.4808 0.4303 0.0036 0.0143
1 0.488 0.4327 0.0029 0.0093
1 0.488 0.4423 0.0029 0.0114
1 0.3918 0.3678 0.0036 0.0107
1 0.4014 0.3774 0.0036 0.01
1 0.4952 0.4351 0.0029 0.0107
1 0.5024 0.4303 0.0043 0.01
1 0.4952 0.4183 0.0021 0.0079
1 0.5024 0.4183 0.0036 0.0079
1 0.5144 0.4375 0.0043 0.0136
1 0.5072 0.4471 0.0036 0.01
1 0.5024 0.4519 0.0036 0.0107
1 0.5216 0.4495 0.0029 0.0143
1 0.524 0.4231 0.0036 0.0107
1 0.5385 0.4327 0.0036 0.0136
1 0.5337 0.4423 0.0036 0.0129
1 0.5505 0.4447 0.0029 0.0129
1 0.5409 0.4543 0.0036 0.0093
1 0.5144 0.524 0.0036 0.0107
1 0.476 0.4856 0.0029 0.01
10 0.5192 0.5745 0.0157 0.0107
4 0.4832 0.601 0.0514 0.0314
10 0.5505 0.6322 0.0179 0.0129
4 0.6154 0.6779 0.0314 0.0507
0 0.6538 0.6611 0.0379 0.0557
4 0.5913 0.5721 0.0486 0.0271
5 0.6202 0.5457 0.0386 0.0243
10 0.601 0.5312 0.0157 0.0093
10 0.5769 0.5337 0.0121 0.0164
1 0.6106 0.4856 0.0043 0.0114
1 0.6346 0.4399 0.0043 0.0086
4 0.6034 0.4447 0.0293 0.0193
4 0.6298 0.4567 0.035 0.0179
4 0.6827 0.649 0.0236 0.0407
1 0.7212 0.7452 0.005 0.0164
1 0.7091 0.7404 0.0064 0.0157
4 0.7668 0.6298 0.0221 0.0321
10 0.7356 0.6082 0.0129 0.02
10 0.7764 0.601 0.0157 0.0193
10 0.7861 0.5962 0.0121 0.0179
10 0.7957 0.5962 0.0114 0.0179
4 0.7548 0.5385 0.0514 0.0264
4 0.8101 0.524 0.0486 0.0236
10 0.8173 0.4952 0.0143 0.0121
1 0.7524 0.4543 0.0029 0.0093
1 0.7909 0.4423 0.0057 0.0114
10 0.7548 0.4904 0.0114 0.0121
10 0.8365 0.4712 0.0114 0.0136
4 0.9014 0.4712 0.05 0.02
4 0.875 0.5072 0.0436 0.0243
4 0.9519 0.488 0.04 0.0207
4 0.9615 0.4591 0.0471 0.0229
1 0.9495 0.4159 0.0036 0.01
4 0.9591 0.4062 0.0129 0.0121
2 0.8149 0.4928 0.0093 0.005
2 0.3606 0.4519 0.005 0.0064
2 0.3486 0.4736 0.005 0.0086
2 0.351 0.4856 0.0057 0.0064
2 0.3654 0.5048 0.005 0.0064
2 0.3125 0.5505 0.0064 0.0121
2 0.363 0.7837 0.0186 0.0136
2 0.3413 0.601 0.0071 0.01
2 0.601 0.5264 0.005 0.0107
2 0.5793 0.5288 0.0071 0.0107
2 0.5216 0.5697 0.0071 0.0136
2 0.5505 0.6298 0.0107 0.0107
