5 0.5 0.6875 0.0257 0.06
5 0.4567 0.6154 0.0243 0.0564
4 0.3101 0.6995 0.0321 0.0543
4 0.5385 0.5168 0.0221 0.0471
4 0.5 0.4976 0.0207 0.0357
4 0.3558 0.4591 0.0236 0.0329
4 0.3942 0.4183 0.02 0.0279
4 0.4976 0.3654 0.0193 0.0286
4 0.4351 0.3125 0.0171 0.0229
4 0.3774 0.3486 0.0207 0.0229
9 0.3462 0.7236 0.0414 0.0893
6 0.4159 0.2452 0.0214 0.0414
4 0.4014 0.226 0.0129 0.0129
6 0.0625 0.738 0.055 0.0829
4 0.0889 0.4832 0.0407 0.0214
6 0.0433 0.4856 0.0464 0.0271
6 0.2115 0.4038 0.0371 0.0493
9 0.1731 0.4183 0.0364 0.0443
9 0.2091 0.3413 0.0379 0.0514
9 0.2404 0.2837 0.0321 0.0457
6 0.274 0.2548 0.0179 0.0357
5 0.2524 0.2548 0.0114 0.0193
9 0.2043 0.2356 0.0671 0.0193
9 0.137 0.2332 0.0514 0.0171
4 0.3197 0.226 0.0186 0.0093
4 0.1803 0.2644 0.0136 0.0143
1 0.3438 0.2332 0.0043 0.01
1 0.3173 0.2548 0.0057 0.0093
1 0.3077 0.2644 0.0064 0.0086
1 0.3558 0.2812 0.0064 0.0107
1 0.3486 0.3125 0.0043 0.0079
1 0.3197 0.2933 0.0043 0.0086
1 0.3293 0.3293 0.0071 0.0093
1 0.3149 0.3822 0.0079 0.0129
1 0.3005 0.3534 0.005 0.0071
1 0.2644 0.4351 0.0086 0.0107
1 0.2668 0.4519 0.0064 0.0079
1 0.1923 0.6538 0.0071 0.015
1 0.6058 0.6178 0.0129 0.0129
1 0.649 0.613 0.0093 0.0143
1 0.7163 0.5889 0.0071 0.0114
1 0.7548 0.5938 0.0064 0.0129
1 0.7644 0.6058 0.0071 0.0136
1 0.7524 0.625 0.01 0.0129
1 0.6731 0.637 0.0071 0.01
1 0.6707 0.6442 0.0064 0.0107
1 0.6659 0.6514 0.0071 0.0114
1 0.6562 0.6538 0.0064 0.0136
1 0.7115 0.7308 0.01 0.0107
1 0.6971 0.7356 0.0071 0.0121
1 0.8077 0.7332 0.0079 0.0157
1 0.7933 0.6971 0.0107 0.0107
1 0.7788 0.6538 0.0086 0.0093
4 0.2572 0.2428 0.0129 0.0164
1 0.351 0.3125 0.0057 0.0129
1 0.1995 0.6562 0.0086 0.0129
1 0.7812 0.6562 0.0121 0.0107
1 0.7909 0.6923 0.0093 0.0114
1 0.7091 0.738 0.0064 0.0086
1 0.2572 0.3894 0.0079 0.0157
