4 0.4135 0.6779 0.0136 0.025
4 0.5264 0.6226 0.0129 0.0286
4 0.524 0.5288 0.0114 0.0257
4 0.4952 0.5457 0.0107 0.0257
4 0.5385 0.7596 0.0136 0.0314
9 0.4736 0.762 0.0171 0.0407
10 0.524 0.2236 0.0036 0.0071
10 0.5072 0.4111 0.0043 0.0107
2 0.5072 0.4111 0.0036 0.0036
4 0.988 0.4688 0.0171 0.0221
4 0.9038 0.5048 0.0121 0.0171
4 0.9135 0.5072 0.0107 0.0193
4 0.9255 0.4423 0.0114 0.0207
4 0.9591 0.4038 0.0136 0.0229
1 0.8269 0.5361 0.0036 0.0064
1 0.8221 0.5337 0.0043 0.0071
1 0.8221 0.5337 0.0036 0.0057
1 0.8293 0.5433 0.0036 0.0043
1 0.8245 0.5433 0.005 0.0057
1 0.8317 0.5385 0.0029 0.005
1 0.8317 0.5361 0.005 0.0057
1 0.8149 0.5601 0.0036 0.0043
1 0.887 0.4639 0.0043 0.0043
1 0.887 0.4495 0.0036 0.005
1 0.8846 0.4471 0.0021 0.005
1 0.8942 0.4567 0.0043 0.0064
1 0.9111 0.4279 0.005 0.0071
1 0.899 0.4519 0.0036 0.0043
1 0.8894 0.4519 0.005 0.0064
1 0.8894 0.4567 0.0036 0.0057
1 0.8798 0.4639 0.0036 0.005
1 0.8702 0.4784 0.0029 0.005
1 0.8245 0.5192 0.0036 0.0036
4 0.9904 0.2837 0.0129 0.0179
1 0.9615 0.3173 0.0043 0.0057
1 0.9543 0.351 0.0043 0.0057
1 0.9519 0.3438 0.0043 0.005
1 0.9495 0.3486 0.0029 0.0057
1 0.9736 0.274 0.005 0.0043
1 0.976 0.2668 0.005 0.0057
1 0.988 0.2356 0.0036 0.0079
1 0.9952 0.2284 0.0036 0.0064
1 0.9904 0.2236 0.005 0.0079
1 0.9832 0.25 0.0043 0.0043
1 0.9808 0.262 0.005 0.0079
1 0.9832 0.2572 0.0064 0.0079
1 0.9832 0.2524 0.0036 0.0071
