0 0.4159 0.4087 0.1525 0.101
4 0.488 0.4712 0.0105 0.009
4 0.4976 0.4784 0.0095 0.008
4 0.5216 0.5048 0.013 0.0095
4 0.5168 0.512 0.017 0.01
4 0.476 0.4928 0.0125 0.0095
4 0.3582 0.4808 0.0175 0.009
4 0.3534 0.4736 0.014 0.0085
4 0.3606 0.5024 0.0225 0.0105
4 0.3606 0.5096 0.023 0.011
4 0.3654 0.5385 0.024 0.012
4 0.363 0.5337 0.0255 0.0105
1 0.387 0.5433 0.004 0.01
1 0.3918 0.5409 0.004 0.0085
4 0.4567 0.5553 0.0195 0.0155
4 0.4928 0.5553 0.0165 0.0155
4 0.5096 0.6106 0.0185 0.0225
4 0.5745 0.6731 0.028 0.028
4 0.5745 0.7139 0.0295 0.0325
4 0.6202 0.6611 0.0245 0.0215
4 0.6274 0.6034 0.02 0.0175
4 0.6154 0.5889 0.016 0.017
4 0.6803 0.6538 0.024 0.019
4 0.4351 0.5745 0.0145 0.015
4 0.726 0.6971 0.028 0.0245
5 0.8029 0.7668 0.039 0.031
4 0.8438 0.8053 0.0455 0.035
4 0.6995 0.7572 0.04 0.034
2 0.7476 0.7404 0.01 0.0145
2 0.7596 0.738 0.0075 0.01
3 0.7476 0.7428 0.0105 0.015
3 0.7572 0.7404 0.01 0.0155
4 0.25 0.851 0.029 0.0445
5 0.0697 0.6779 0.0205 0.026
4 0.0168 0.8341 0.033 0.042
4 0.0433 0.7356 0.025 0.0285
