1 0.8365 0.7428 0.039 0.0595
1 0.8702 0.7308 0.0305 0.0485
10 0.899 0.7091 0.0755 0.0405
1 0.9423 0.6659 0.0305 0.053
1 0.9279 0.6635 0.016 0.023
1 0.8462 0.6562 0.032 0.053
1 0.8413 0.6418 0.028 0.0495
1 0.8245 0.6442 0.021 0.031
7 0.6899 0.7524 0.0545 0.117
2 0.6971 0.7572 0.038 0.045
3 0.8101 0.6106 0.0285 0.042
1 0.8149 0.6058 0.0275 0.043
1 0.8149 0.5649 0.022 0.044
1 0.75 0.5553 0.026 0.046
10 0.7115 0.5601 0.0435 0.0325
10 0.6899 0.5337 0.042 0.028
2 0.6947 0.5264 0.025 0.0305
1 0.7188 0.5144 0.017 0.0405
1 0.7043 0.5024 0.0165 0.043
1 0.7933 0.4856 0.03 0.0405
1 0.8606 0.4784 0.0195 0.0345
1 0.8413 0.4639 0.0195 0.035
1 0.7812 0.4591 0.0115 0.035
1 0.7404 0.4615 0.017 0.039
1 0.7476 0.4591 0.0165 0.036
1 0.6514 0.5072 0.0135 0.0425
10 0.6659 0.4928 0.038 0.0325
2 0.6659 0.4904 0.0195 0.038
10 0.5793 0.4928 0.0365 0.0255
2 0.5793 0.4904 0.0185 0.038
1 0.5769 0.4519 0.0145 0.0385
2 0.5986 0.4495 0.0165 0.0325
3 0.5962 0.4567 0.0145 0.028
4 0.6611 0.4495 0.056 0.066
1 0.6947 0.4255 0.0125 0.0335
1 0.6731 0.4111 0.0145 0.031
10 0.6803 0.4231 0.0135 0.029
1 0.7139 0.4183 0.016 0.028
2 0.601 0.7668 0.0175 0.03
11 0.601 0.7548 0.0245 0.0595
1 0.6034 0.7236 0.021 0.0515
1 0.5721 0.7163 0.0195 0.0495
10 0.5312 0.6779 0.025 0.065
10 0.5889 0.5409 0.041 0.0315
2 0.5913 0.5409 0.0225 0.039
1 0.4543 0.5601 0.024 0.0405
1 0.4207 0.5553 0.015 0.04
1 0.4062 0.5745 0.016 0.042
1 0.3942 0.5625 0.022 0.039
1 0.4135 0.5288 0.022 0.0415
3 0.3269 0.5216 0.0475 0.029
2 0.3245 0.5192 0.023 0.0385
1 0.262 0.5 0.018 0.0365
10 0.2524 0.5769 0.049 0.0335
2 0.25 0.5697 0.022 0.0355
2 0.2308 0.5721 0.016 0.0285
1 0.1803 0.5745 0.0235 0.0425
1 0.137 0.5793 0.026 0.0385
1 0.1202 0.5986 0.0335 0.0335
10 0.0986 0.5962 0.0575 0.032
1 0.113 0.5673 0.0355 0.0405
1 0.0913 0.5505 0.0235 0.036
1 0.2212 0.5048 0.0215 0.037
1 0.0433 0.524 0.0325 0.0385
1 0.0505 0.512 0.0345 0.035
1 0.024 0.4928 0.024 0.039
1 0.0361 0.4928 0.024 0.037
1 0.0505 0.4904 0.0255 0.0335
2 0.512 0.4447 0.017 0.023
1 0.5433 0.4303 0.0095 0.0325
1 0.5745 0.4231 0.0145 0.0305
1 0.5841 0.4062 0.015 0.0325
1 0.5841 0.387 0.012 0.0285
1 0.5553 0.3918 0.0115 0.0325
1 0.5962 0.3846 0.0115 0.0315
1 0.5457 0.3822 0.0115 0.029
1 0.5144 0.3774 0.0105 0.0255
1 0.5096 0.3702 0.0095 0.023
1 0.5096 0.363 0.0095 0.022
2 0.5 0.375 0.007 0.008
11 0.5 0.375 0.012 0.0195
1 0.4976 0.3654 0.009 0.022
1 0.4784 0.3486 0.011 0.0255
4 0.5409 0.3606 0.043 0.0435
5 0.6274 0.3678 0.044 0.053
1 0.6635 0.3582 0.0115 0.0285
1 0.6635 0.3462 0.0115 0.027
1 0.6562 0.3462 0.013 0.026
1 0.6779 0.3197 0.009 0.0185
1 0.6779 0.3173 0.0085 0.0195
5 0.649 0.3269 0.05 0.031
3 0.6034 0.3486 0.02 0.019
2 0.601 0.3413 0.0125 0.02
1 0.6082 0.3245 0.0085 0.0225
1 0.6226 0.3221 0.008 0.023
1 0.6178 0.3125 0.0095 0.0215
1 0.6058 0.3197 0.0075 0.0185
2 0.5986 0.3197 0.01 0.016
1 0.5913 0.3221 0.0095 0.025
1 0.5793 0.3221 0.0085 0.025
10 0.5433 0.3173 0.0205 0.014
1 0.5168 0.3317 0.01 0.027
1 0.4808 0.3173 0.0105 0.0215
1 0.5457 0.3005 0.0075 0.0215
1 0.5553 0.3029 0.008 0.0185
1 0.5337 0.2909 0.0085 0.0185
2 0.5481 0.2885 0.008 0.0145
2 0.5577 0.2885 0.008 0.0135
5 0.8942 0.3678 0.072 0.048
10 0.9832 0.3774 0.0165 0.0215
2 0.9784 0.3678 0.0155 0.021
1 0.988 0.3125 0.0125 0.0215
1 0.9976 0.3149 0.007 0.0215
1 0.9712 0.3101 0.013 0.025
1 0.9615 0.3077 0.011 0.0225
1 0.9495 0.2981 0.016 0.0245
1 0.9495 0.2909 0.011 0.0225
1 0.9615 0.2885 0.0095 0.0235
3 0.9688 0.2837 0.026 0.0155
2 0.8606 0.3125 0.0105 0.0115
1 0.8317 0.3149 0.01 0.019
5 0.6803 0.3077 0.037 0.0325
1 0.7115 0.3149 0.007 0.018
1 0.7043 0.3173 0.009 0.01
1 0.6779 0.3197 0.0075 0.018
1 0.6899 0.3125 0.009 0.019
5 0.6683 0.2909 0.0315 0.0335
1 0.7115 0.2572 0.007 0.0155
1 0.7212 0.2572 0.0055 0.015
0 0.6827 0.262 0.0305 0.0235
10 0.6226 0.2692 0.0075 0.015
1 0.6298 0.262 0.007 0.0135
4 0.363 0.399 0.04 0.036
10 0.3774 0.3726 0.014 0.023
10 0.387 0.3918 0.014 0.0225
3 0.3798 0.363 0.015 0.0215
5 0.2716 0.4255 0.083 0.0405
5 0.2837 0.4038 0.0805 0.037
1 0.3221 0.3702 0.011 0.026
1 0.3149 0.3678 0.013 0.028
1 0.3053 0.3654 0.0125 0.0285
1 0.3269 0.3606 0.0135 0.028
1 0.3413 0.3365 0.013 0.025
1 0.0312 0.4111 0.019 0.0275
2 0.0577 0.4087 0.0155 0.0235
5 0.4543 0.3005 0.042 0.0285
1 0.4207 0.2933 0.0085 0.0175
1 0.4279 0.2957 0.0065 0.0145
4 0.6659 0.1971 0.0215 0.01
9 0.6947 0.1755 0.0195 0.0185
6 0.6322 0.1875 0.0385 0.0155
4 0.6346 0.1803 0.0215 0.008
4 0.6322 0.1803 0.0185 0.0085
4 0.6082 0.1803 0.0195 0.0085
6 0.625 0.1755 0.0225 0.014
4 0.6803 0.1755 0.017 0.008
4 0.6731 0.1731 0.0175 0.0075
0 0.6466 0.1611 0.0635 0.0215
0 0.5938 0.1611 0.038 0.0285
1 0.5793 0.1827 0.0045 0.0105
5 0.4447 0.2524 0.0175 0.02
4 0.4808 0.2548 0.034 0.015
4 0.4231 0.2524 0.026 0.016
4 0.387 0.2572 0.02 0.016
5 0.3942 0.2452 0.0185 0.0175
4 0.4159 0.2452 0.0195 0.0175
1 0.4062 0.2428 0.0075 0.016
4 0.4038 0.2356 0.017 0.015
4 0.4111 0.226 0.017 0.017
5 0.4183 0.2188 0.012 0.016
4 0.4231 0.2163 0.012 0.011
4 0.4303 0.2091 0.014 0.0135
4 0.4519 0.2115 0.0105 0.0115
4 0.4327 0.2043 0.011 0.0115
5 0.4399 0.1995 0.012 0.013
0 0.4663 0.1707 0.056 0.058
5 0.363 0.1995 0.012 0.013
0 0.3822 0.1899 0.025 0.013
4 0.3462 0.2524 0.019 0.0155
5 0.351 0.2404 0.0155 0.0165
1 0.3462 0.2212 0.005 0.0095
1 0.3558 0.2163 0.006 0.0115
1 0.3245 0.2356 0.0065 0.0125
4 0.3293 0.2476 0.0175 0.0145
4 0.3101 0.2476 0.0205 0.015
5 0.2909 0.2548 0.029 0.0145
4 0.2885 0.25 0.0175 0.0125
0 0.2861 0.2356 0.0165 0.0155
