4 0.4904 0.5649 0.0188 0.0261
4 0.5264 0.5312 0.0146 0.0193
4 0.4423 0.7716 0.0282 0.0214
4 0.5216 0.4327 0.0094 0.012
4 0.4038 0.5385 0.0183 0.0188
5 0.3726 0.5433 0.0204 0.0308
4 0.3822 0.5288 0.0204 0.0162
4 0.3918 0.5144 0.0172 0.0193
4 0.4183 0.4808 0.0151 0.0151
5 0.4255 0.4663 0.013 0.0146
5 0.4327 0.4567 0.0099 0.0157
9 0.5072 0.4111 0.011 0.0188
9 0.5048 0.399 0.0094 0.0146
9 0.5312 0.3534 0.0057 0.0099
2 0.7356 0.6659 0.0068 0.011
2 0.7212 0.6659 0.0068 0.0084
2 0.7332 0.6346 0.0063 0.0057
2 0.7043 0.6154 0.0068 0.011
2 0.3077 0.7115 0.0094 0.0057
2 0.3389 0.6971 0.0094 0.0073
2 0.3822 0.5913 0.0047 0.0094
2 0.4375 0.5048 0.0042 0.0057
10 0.7212 0.6755 0.0094 0.0094
10 0.738 0.6779 0.0162 0.0146
10 0.7067 0.625 0.0125 0.012
10 0.3413 0.7115 0.013 0.0125
10 0.3077 0.7284 0.013 0.0162
10 0.3822 0.6034 0.0094 0.0078
3 0.7308 0.6418 0.0094 0.0094
0 0.5577 0.3149 0.011 0.0188
4 0.5601 0.3317 0.0031 0.0042
4 0.5577 0.3317 0.0021 0.0021
4 0.5601 0.3534 0.0052 0.0047
4 0.5433 0.3438 0.0037 0.0047
5 0.4784 0.4014 0.0068 0.0084
10 0.4375 0.512 0.0052 0.0078
4 0.4784 0.3774 0.0141 0.0047
4 0.4712 0.387 0.012 0.0068
4 0.4904 0.363 0.0084 0.0063
4 0.4928 0.3606 0.0115 0.0057
4 0.4784 0.375 0.0099 0.0042
4 0.4736 0.3822 0.0146 0.0052
0 0.274 0.6058 0.0188 0.0204
0 0.3389 0.5529 0.0172 0.0141
0 0.4207 0.4519 0.0094 0.0099
1 0.3341 0.5361 0.0063 0.0162
0 0.4327 0.4327 0.012 0.011
0 0.3702 0.5192 0.0089 0.0084
0 0.4038 0.4736 0.0084 0.012
0 0.4135 0.4639 0.0084 0.012
0 0.625 0.4231 0.0084 0.0078
0 0.6154 0.4111 0.0094 0.0084
