4 0.75 0.6106 0.0292 0.0297
4 0.5841 0.6442 0.0371 0.0318
5 0.5337 0.6418 0.0355 0.0418
4 0.5601 0.6202 0.0256 0.0261
4 0.5865 0.5986 0.0318 0.0266
4 0.6442 0.5433 0.0224 0.0256
4 0.6779 0.5096 0.0167 0.0177
5 0.6611 0.5264 0.0151 0.024
1 0.5913 0.5553 0.0047 0.0057
1 0.5938 0.5457 0.0026 0.0094
1 0.5986 0.5481 0.0057 0.0042
1 0.5 0.6178 0.0042 0.0141
1 0.5048 0.6154 0.0057 0.0183
9 0.7909 0.4808 0.0266 0.035
9 0.8005 0.4591 0.0172 0.0308
9 0.851 0.3918 0.011 0.0151
5 0.7668 0.4351 0.0099 0.0104
1 0.7764 0.4351 0.0037 0.0084
10 0.613 0.5457 0.0125 0.0084
0 0.6611 0.5024 0.0177 0.0198
1 0.6466 0.5192 0.0042 0.0084
10 0.6322 0.5337 0.012 0.0078
4 0.7668 0.4159 0.0172 0.0084
4 0.7716 0.4111 0.0193 0.0073
4 0.7812 0.399 0.0141 0.0073
4 0.774 0.4062 0.0177 0.0063
4 0.7981 0.4062 0.0089 0.0073
4 0.7812 0.3966 0.0125 0.0026
4 0.8053 0.3822 0.0104 0.0052
4 0.8005 0.3846 0.012 0.0073
5 0.8101 0.3678 0.0084 0.0057
4 0.8606 0.3726 0.0078 0.0063
2 0.8029 0.4111 0.0026 0.0031
10 0.8029 0.4135 0.0037 0.0042
4 0.8822 0.3606 0.0063 0.0047
4 0.9038 0.375 0.0052 0.0042
4 0.9038 0.3462 0.0047 0.0031
4 0.9111 0.3486 0.0042 0.0026
4 0.8942 0.3365 0.0052 0.0037
4 0.9062 0.3293 0.0042 0.0021
4 0.899 0.3293 0.0026 0.0016
0 0.9087 0.3173 0.0172 0.0136
