5 0.1923 0.3317 0.0114 0.0186
9 0.2308 0.2716 0.02 0.0257
6 0.2933 0.2548 0.0314 0.0307
9 0.3558 0.2957 0.0214 0.0243
5 0.363 0.2596 0.0164 0.0179
4 0.375 0.3486 0.0136 0.0143
2 0.3149 0.75 0.0043 0.0086
2 0.3173 0.75 0.0071 0.01
1 0.3894 0.762 0.0079 0.0071
1 0.6779 0.363 0.0043 0.0071
1 0.6755 0.3606 0.0043 0.0071
5 0.7572 0.2692 0.015 0.0193
4 0.7716 0.2692 0.0114 0.0143
6 0.7933 0.5288 0.0479 0.0443
4 0.6659 0.6755 0.0271 0.0321
4 0.6346 0.6827 0.0257 0.0314
4 0.9495 0.2885 0.0257 0.01
4 0.5625 0.5312 0.0221 0.0236
