4 0.6731 0.8389 0.048 0.0745
4 0.6683 0.762 0.0405 0.0605
5 0.6587 0.6202 0.041 0.073
4 0.6202 0.7067 0.0265 0.073
4 0.6611 0.6923 0.04 0.0785
4 0.6418 0.5409 0.032 0.068
4 0.6202 0.3942 0.032 0.0445
4 0.6106 0.3221 0.0375 0.051
4 0.6058 0.2524 0.04 0.0485
4 0.6082 0.2115 0.033 0.0485
5 0.2885 0.1466 0.0395 0.0365
5 0.2837 0.2067 0.0365 0.051
4 0.2716 0.3269 0.0365 0.052
4 0.2692 0.3894 0.0315 0.055
5 0.2524 0.4639 0.0415 0.067
4 0.2356 0.6274 0.0405 0.0685
4 0.2284 0.7115 0.0405 0.068
5 0.2188 0.8341 0.05 0.0815
4 0.4952 0.2284 0.0315 0.059
