4 0.0986 0.4303 0.0371 0.0146
4 0.1034 0.4231 0.0334 0.0099
4 0.4375 0.6394 0.0522 0.0344
4 0.6226 0.6298 0.0428 0.0355
4 0.7212 0.6034 0.0465 0.0261
4 0.7837 0.5865 0.0506 0.024
4 0.875 0.5577 0.047 0.0214
4 0.4327 0.4832 0.0177 0.0261
4 0.4111 0.476 0.0209 0.0245
4 0.4014 0.4591 0.0151 0.0214
5 0.4207 0.4543 0.0193 0.024
6 0.4111 0.4303 0.0183 0.0251
4 0.3894 0.4255 0.013 0.0177
4 0.4062 0.3822 0.0136 0.0146
4 0.3534 0.3486 0.0125 0.0125
4 0.3702 0.3462 0.0099 0.011
4 0.363 0.3221 0.0104 0.0099
4 0.3654 0.3101 0.0089 0.0099
4 0.351 0.2837 0.0094 0.0084
4 0.3293 0.2909 0.0078 0.0094
4 0.3365 0.2837 0.0078 0.0089
4 0.3438 0.274 0.0052 0.0068
4 0.3269 0.2548 0.0073 0.0068
4 0.3317 0.2668 0.0073 0.0068
4 0.3173 0.2524 0.0052 0.0068
4 0.3798 0.4038 0.0125 0.0157
2 0.5673 0.5986 0.0068 0.0089
2 0.6082 0.5553 0.0047 0.0089
2 0.6611 0.5577 0.0068 0.0099
2 0.3221 0.5168 0.0047 0.0089
2 0.3173 0.4231 0.0057 0.0073
2 0.2933 0.2788 0.0021 0.0047
10 0.3197 0.4279 0.0063 0.0078
10 0.2933 0.2812 0.0031 0.0042
10 0.3221 0.524 0.0078 0.0047
10 0.6058 0.5601 0.011 0.0068
10 0.5673 0.6034 0.013 0.0151
10 0.6611 0.5649 0.0104 0.0084
