4 0.4904 0.2548 0.0143 0.0193
4 0.4447 0.6923 0.0279 0.0507
4 0.5048 0.3654 0.0171 0.025
4 0.5505 0.4832 0.0236 0.0386
4 0.8462 0.6827 0.0386 0.0771
4 0.9159 0.6635 0.0414 0.0693
4 0.7596 0.4688 0.0271 0.035
4 0.8293 0.3894 0.0329 0.03
4 0.9062 0.3774 0.0279 0.0307
4 0.9495 0.3702 0.0286 0.035
4 0.9808 0.2933 0.0229 0.0243
4 0.7091 0.3317 0.0286 0.0193
4 0.649 0.399 0.0214 0.025
4 0.738 0.2909 0.0314 0.0193
4 0.7452 0.2788 0.0271 0.0164
10 0.9567 0.2837 0.0143 0.0157
6 0.512 0.274 0.0207 0.0414
6 0.5409 0.613 0.0393 0.0914
5 0.4952 0.3029 0.015 0.0243
1 0.6923 0.4327 0.0064 0.0129
1 0.6851 0.4663 0.0071 0.0107
1 0.6923 0.4639 0.0071 0.0114
1 0.6971 0.4639 0.0071 0.0121
1 0.3678 0.3462 0.0064 0.0136
1 0.3606 0.3534 0.0071 0.0121
