4 0.2332 0.5264 0.0386 0.02
4 0.274 0.4712 0.035 0.0164
4 0.2788 0.4591 0.0364 0.0129
4 0.2861 0.4447 0.04 0.0171
4 0.2837 0.4327 0.0329 0.0136
4 0.2933 0.4231 0.0307 0.0114
4 0.3221 0.3654 0.0257 0.0136
4 0.3077 0.3317 0.0136 0.0114
4 0.4856 0.5505 0.0186 0.0314
4 0.5625 0.3726 0.0121 0.015
4 0.5457 0.3413 0.0114 0.0121
4 0.5481 0.3317 0.0193 0.0114
9 0.3846 0.274 0.0164 0.0236
9 0.4904 0.2043 0.0107 0.015
6 0.5385 0.2428 0.0207 0.0121
6 0.5144 0.2332 0.01 0.0136
6 0.5096 0.1971 0.01 0.015
4 0.5553 0.2644 0.0157 0.0086
4 0.5553 0.262 0.0136 0.0079
4 0.5793 0.2452 0.0136 0.0071
4 0.5769 0.2428 0.0157 0.0064
4 0.5745 0.2404 0.015 0.0071
4 0.5697 0.2284 0.0129 0.0064
4 0.5673 0.2236 0.0136 0.0071
4 0.5625 0.2163 0.0136 0.0064
4 0.5697 0.2284 0.0121 0.0064
4 0.5865 0.2188 0.0064 0.0064
4 0.5962 0.2332 0.0057 0.0071
4 0.5793 0.2091 0.0064 0.0057
4 0.5409 0.1779 0.0086 0.005
4 0.5409 0.1731 0.0086 0.0057
1 0.4928 0.226 0.0029 0.0064
1 0.5072 0.226 0.0029 0.0079
4 0.5096 0.2428 0.0086 0.0079
4 0.4736 0.1803 0.0036 0.005
10 0.4976 0.25 0.0029 0.0057
10 0.4856 0.2692 0.0086 0.0057
1 0.4736 0.262 0.0043 0.0064
10 0.4904 0.2404 0.0029 0.0071
10 0.5745 0.3894 0.01 0.0079
10 0.5769 0.3702 0.0107 0.0079
10 0.601 0.4519 0.0129 0.0107
10 0.5865 0.3942 0.005 0.0114
6 0.5625 0.512 0.0179 0.03
10 0.6298 0.5505 0.0164 0.0121
10 0.6154 0.5168 0.0121 0.0121
10 0.6178 0.5096 0.0129 0.01
4 0.637 0.5745 0.0321 0.02
6 0.5048 0.488 0.0221 0.0386
6 0.4808 0.6995 0.0336 0.0771
10 0.5288 0.726 0.0071 0.0229
10 0.5312 0.8558 0.0114 0.0279
2 0.5312 0.8534 0.0079 0.0171
2 0.5288 0.7236 0.0064 0.0121
10 0.262 0.4062 0.0107 0.0086
10 0.262 0.4014 0.0079 0.0071
10 0.2668 0.3798 0.0107 0.0093
1 0.5553 0.3534 0.0064 0.0086
2 0.4856 0.2668 0.005 0.0064
6 0.4832 0.1755 0.0064 0.01
