0 0.6659 0.3317 0.0085 0.0055
0 0.6562 0.3389 0.0085 0.007
0 0.6514 0.3438 0.0165 0.0045
4 0.6466 0.351 0.004 0.003
4 0.6418 0.3702 0.0055 0.0045
4 0.6394 0.375 0.0055 0.005
4 0.6082 0.3726 0.006 0.005
4 0.5769 0.387 0.008 0.0055
4 0.6058 0.3798 0.0065 0.0055
4 0.625 0.3846 0.0065 0.0045
4 0.6322 0.3918 0.007 0.005
5 0.6755 0.399 0.0105 0.008
4 0.6707 0.387 0.0065 0.0065
4 0.5577 0.4135 0.013 0.0065
5 0.4399 0.4808 0.0195 0.019
4 0.4038 0.4784 0.0215 0.0155
1 0.4159 0.4639 0.0045 0.01
1 0.4183 0.4639 0.003 0.0095
2 0.4207 0.4639 0.003 0.005
4 0.3582 0.5361 0.031 0.0215
10 0.2644 0.5649 0.0125 0.013
2 0.2644 0.5625 0.009 0.0145
4 0.0938 0.7115 0.078 0.0575
8 0.649 0.4688 0.0165 0.012
1 0.6514 0.4567 0.0035 0.011
4 0.7212 0.4207 0.022 0.0095
4 0.7788 0.4231 0.0255 0.008
4 0.8149 0.4255 0.0235 0.0085
4 0.8438 0.4255 0.0255 0.008
4 0.8798 0.4279 0.028 0.009
4 0.9591 0.4399 0.0185 0.0085
6 0.9688 0.4183 0.0275 0.015
1 0.738 0.4591 0.004 0.0115
1 0.7909 0.4543 0.004 0.0085
1 0.8317 0.4423 0.0025 0.0095
1 0.8101 0.4928 0.0035 0.0085
2 0.8173 0.4615 0.008 0.0055
2 0.7981 0.4567 0.004 0.007
2 0.8005 0.4567 0.005 0.0065
2 0.8029 0.4591 0.005 0.0075
2 0.8173 0.4495 0.0025 0.0065
2 0.7933 0.4663 0.004 0.006
2 0.8582 0.6202 0.008 0.0105
1 0.8438 0.6058 0.01 0.0195
2 0.8221 0.524 0.0075 0.009
4 0.9784 0.5625 0.0455 0.019
4 0.9038 0.6346 0.0525 0.032
4 0.8173 0.5986 0.0555 0.0245
4 0.8125 0.5721 0.0485 0.0285
6 0.5312 0.3966 0.018 0.008
4 0.5457 0.3918 0.011 0.0055
4 0.5505 0.387 0.0085 0.0045
4 0.613 0.363 0.006 0.0065
4 0.5865 0.375 0.007 0.0065
4 0.6202 0.3582 0.0065 0.0035
4 0.6202 0.3558 0.005 0.0035
4 0.625 0.3534 0.0035 0.005
4 0.6274 0.351 0.0035 0.004
0 0.6346 0.3486 0.0095 0.0085
0 0.601 0.3678 0.008 0.0065
