4 0.0601 0.3726 0.0292 0.0188
4 0.1106 0.4038 0.0287 0.024
4 0.1322 0.4183 0.0251 0.024
6 0.1659 0.4327 0.0506 0.0391
10 0.2548 0.5072 0.012 0.011
10 0.2524 0.5505 0.012 0.0146
4 0.2837 0.4663 0.0418 0.0266
4 0.3486 0.4471 0.0355 0.0297
4 0.3245 0.4952 0.0402 0.0297
7 0.3582 0.4111 0.0324 0.0193
7 0.3365 0.4423 0.0198 0.0183
7 0.375 0.4495 0.0214 0.0224
4 0.387 0.4663 0.0376 0.0324
4 0.4038 0.476 0.0376 0.0297
4 0.4231 0.4856 0.0391 0.0329
4 0.4423 0.4952 0.0397 0.0339
4 0.4615 0.5048 0.0365 0.0339
5 0.488 0.512 0.0344 0.036
5 0.3822 0.5312 0.0412 0.0313
4 0.4639 0.5769 0.0496 0.0365
4 0.3389 0.5601 0.0402 0.0355
9 0.4111 0.5986 0.1127 0.0939
4 0.387 0.6683 0.0553 0.0511
4 0.512 0.5361 0.0412 0.0381
4 0.5337 0.5457 0.0407 0.0391
4 0.5649 0.5577 0.0391 0.0418
4 0.5457 0.6274 0.0553 0.0433
5 0.6226 0.5865 0.0428 0.0444
4 0.6707 0.6202 0.0376 0.0459
4 0.7043 0.6322 0.0386 0.0475
4 0.738 0.649 0.0391 0.0501
4 0.7716 0.6659 0.0428 0.0517
5 0.8077 0.6827 0.0376 0.0433
4 0.8438 0.7067 0.0465 0.0548
4 0.8798 0.7284 0.0412 0.0647
4 0.9183 0.7476 0.0444 0.0605
4 0.9567 0.7596 0.0371 0.0444
4 0.7764 0.7596 0.0741 0.0433
4 0.6466 0.6875 0.0632 0.0506
4 0.6154 0.7332 0.0647 0.0511
4 0.5096 0.6659 0.0569 0.0438
4 0.5096 0.7188 0.06 0.0506
6 0.512 0.3726 0.0423 0.0297
5 0.4495 0.3678 0.0251 0.0172
4 0.4856 0.2788 0.0251 0.0183
4 0.5096 0.2909 0.0245 0.0146
11 0.7067 0.2981 0.0136 0.0157
2 0.2548 0.5 0.0073 0.0099
2 0.2524 0.5433 0.0078 0.0099
