4 0.7716 0.3005 0.0421 0.0429
4 0.9519 0.3101 0.0493 0.0471
4 0.9447 0.2476 0.0393 0.04
1 0.4135 0.7188 0.01 0.0179
1 0.4135 0.6851 0.0121 0.0171
1 0.5865 0.738 0.0093 0.0221
1 0.5938 0.738 0.0114 0.02
1 0.6034 0.6611 0.0129 0.0193
1 0.613 0.6514 0.0114 0.0214
1 0.4207 0.6394 0.0121 0.0186
1 0.4303 0.5481 0.0107 0.0186
1 0.4375 0.5409 0.0093 0.0179
1 0.4808 0.2308 0.0071 0.0136
1 0.4856 0.2332 0.0064 0.0093
1 0.4976 0.238 0.0043 0.0129
1 0.4976 0.2356 0.0079 0.0171
1 0.5457 0.25 0.005 0.01
1 0.5553 0.2596 0.0086 0.01
1 0.4663 0.4183 0.0079 0.0214
1 0.4856 0.399 0.0064 0.0114
1 0.4712 0.2524 0.01 0.0086
1 0.4928 0.2837 0.005 0.015
1 0.4952 0.2837 0.0057 0.0121
2 0.6106 0.3245 0.0079 0.01
0 0.6178 0.4928 0.0364 0.0421
1 0.601 0.4087 0.0121 0.0129
1 0.5673 0.2909 0.0071 0.01
1 0.4255 0.5986 0.0107 0.0193
1 0.4303 0.5938 0.0071 0.02
