9 0.6635 0.1298 0.0065 0.0065
4 0.6707 0.1298 0.0055 0.005
4 0.6442 0.1851 0.009 0.007
4 0.6082 0.2212 0.0085 0.009
4 0.6058 0.2284 0.0115 0.01
4 0.6298 0.2188 0.0105 0.0105
1 0.6034 0.2115 0.0045 0.0095
4 0.6394 0.2091 0.009 0.0095
4 0.6442 0.2115 0.019 0.008
4 0.6466 0.2163 0.024 0.0085
4 0.6466 0.2163 0.0225 0.0075
4 0.649 0.2188 0.0195 0.0075
4 0.6466 0.2212 0.0215 0.008
4 0.6466 0.2236 0.0225 0.0085
4 0.6466 0.226 0.023 0.0075
4 0.6058 0.3149 0.035 0.017
4 0.6034 0.3245 0.034 0.0155
4 0.5986 0.3317 0.037 0.0145
5 0.6082 0.3341 0.034 0.0195
4 0.6058 0.3462 0.038 0.018
4 0.5962 0.3534 0.04 0.0135
4 0.5938 0.3606 0.043 0.016
4 0.5938 0.3678 0.0425 0.0175
1 0.7067 0.3558 0.007 0.0165
4 0.4375 0.488 0.031 0.0315
5 0.4952 0.5312 0.031 0.0375
4 0.375 0.5938 0.045 0.0545
4 0.3438 0.6538 0.0485 0.0615
4 0.4784 0.5938 0.038 0.0535
4 0.4639 0.6538 0.043 0.0585
4 0.4423 0.8558 0.096 0.0395
3 0.4952 0.8197 0.035 0.024
10 0.1635 0.4976 0.0115 0.0185
10 0.1779 0.488 0.0115 0.019
10 0.1923 0.4928 0.0115 0.013
3 0.1971 0.512 0.0215 0.009
7 0.1827 0.5841 0.042 0.0315
