5 0.0192 0.1394 0.0179 0.015
4 0.1731 0.2188 0.0414 0.02
4 0.149 0.2139 0.0286 0.0179
5 0.1178 0.2091 0.0379 0.0243
4 0.0865 0.2091 0.0329 0.0207
4 0.0457 0.2043 0.04 0.0186
4 0.0192 0.1995 0.0307 0.0193
4 0.1635 0.1971 0.0321 0.0157
4 0.1322 0.1923 0.0329 0.0164
4 0.1106 0.1923 0.0293 0.0164
4 0.0889 0.1899 0.025 0.0179
4 0.0649 0.1875 0.0271 0.0193
4 0.0409 0.1827 0.0243 0.0143
4 0.0192 0.1827 0.0264 0.0179
4 0.2019 0.2019 0.0293 0.0214
4 0.226 0.2019 0.0329 0.0157
4 0.2404 0.2236 0.0343 0.0207
4 0.2548 0.2043 0.0279 0.0186
4 0.2764 0.226 0.0286 0.0179
4 0.3221 0.2139 0.0214 0.0164
4 0.2957 0.2043 0.0271 0.0221
4 0.0913 0.1611 0.02 0.0136
5 0.1154 0.1587 0.0321 0.0229
4 0.1346 0.1659 0.0236 0.0179
4 0.1538 0.1659 0.0243 0.015
4 0.1755 0.1707 0.02 0.0143
4 0.1923 0.1683 0.0243 0.0207
4 0.2188 0.1707 0.0264 0.0193
4 0.2572 0.1779 0.0207 0.0171
4 0.2764 0.1803 0.0207 0.0179
5 0.2957 0.1779 0.0236 0.02
4 0.3197 0.1827 0.0271 0.0179
4 0.3582 0.1875 0.0243 0.0179
4 0.3798 0.1899 0.0186 0.0179
4 0.4014 0.1923 0.025 0.0207
5 0.4255 0.1899 0.0214 0.0236
4 0.4615 0.1971 0.0229 0.0193
4 0.3413 0.2139 0.0293 0.02
4 0.3245 0.2356 0.0329 0.02
4 0.375 0.2212 0.0264 0.0221
4 0.4087 0.2236 0.025 0.0193
4 0.4351 0.2236 0.0271 0.0221
4 0.4375 0.2476 0.0279 0.0221
5 0.4639 0.2476 0.0257 0.0307
5 0.4928 0.25 0.0293 0.0357
5 0.3822 0.238 0.0357 0.0307
4 0.4832 0.2308 0.0236 0.0193
4 0.4591 0.2284 0.0229 0.0221
4 0.4784 0.1851 0.0171 0.0171
4 0.4543 0.1827 0.0179 0.0171
4 0.4856 0.1707 0.0157 0.0171
5 0.4688 0.1731 0.025 0.0171
4 0.4519 0.1659 0.02 0.0171
4 0.4327 0.1779 0.0207 0.0114
4 0.4231 0.1635 0.0243 0.0136
4 0.3918 0.1755 0.0179 0.0136
4 0.399 0.1635 0.02 0.0121
4 0.3822 0.1587 0.0143 0.0179
4 0.3726 0.1755 0.0193 0.0129
4 0.3654 0.1587 0.0171 0.0164
4 0.3462 0.1587 0.0186 0.0136
4 0.351 0.1755 0.0221 0.0136
4 0.3341 0.1731 0.0171 0.015
5 0.3293 0.1514 0.0214 0.0164
4 0.3173 0.1683 0.0164 0.0107
5 0.3077 0.1514 0.0229 0.0179
4 0.3029 0.1659 0.0171 0.01
4 0.2885 0.1514 0.0164 0.0129
4 0.2716 0.149 0.0171 0.0157
4 0.2524 0.149 0.0207 0.0136
4 0.2212 0.1611 0.0207 0.015
4 0.2308 0.1466 0.0229 0.0129
4 0.2019 0.1418 0.0221 0.015
4 0.2019 0.1587 0.0236 0.01
5 0.1779 0.1394 0.0214 0.0179
4 0.1562 0.1394 0.0136 0.0129
4 0.1418 0.137 0.0207 0.0129
4 0.1538 0.1538 0.0207 0.0114
4 0.1298 0.1514 0.0236 0.0121
6 0.0264 0.2716 0.0514 0.0357
5 0.0697 0.25 0.0507 0.0336
4 0.1154 0.2572 0.0457 0.0236
4 0.1731 0.2692 0.0271 0.0229
6 0.2139 0.262 0.0671 0.0407
6 0.2139 0.2957 0.0707 0.045
4 0.2981 0.2788 0.0407 0.0264
6 0.3389 0.2933 0.0643 0.0643
6 0.387 0.3125 0.0479 0.0343
4 0.4087 0.2909 0.0329 0.0286
5 0.5409 0.2236 0.0229 0.0214
6 0.5577 0.2428 0.0293 0.03
6 0.5673 0.2812 0.0436 0.0421
1 0.5913 0.262 0.0064 0.0229
5 0.5817 0.2188 0.0371 0.0236
6 0.5865 0.149 0.0364 0.0207
6 0.5625 0.137 0.0321 0.0179
6 0.625 0.1394 0.05 0.0157
10 0.5385 0.1514 0.0157 0.0079
10 0.5312 0.1587 0.0136 0.0071
3 0.5192 0.1707 0.0057 0.0129
11 0.6034 0.1947 0.0407 0.0164
5 0.6707 0.1346 0.0129 0.0164
6 0.6995 0.1442 0.0164 0.0343
1 0.6803 0.1562 0.01 0.015
1 0.7043 0.1803 0.0064 0.0143
4 0.7188 0.1875 0.015 0.0193
6 0.7452 0.1971 0.0164 0.0307
1 0.7572 0.2019 0.0057 0.0121
1 0.6178 0.1635 0.0036 0.0107
1 0.6538 0.1683 0.0057 0.0107
4 0.6731 0.2163 0.0164 0.0236
1 0.6394 0.3029 0.0057 0.0136
1 0.6538 0.3053 0.01 0.0121
6 0.6659 0.2668 0.0264 0.0529
4 0.762 0.3149 0.0436 0.0264
4 0.7548 0.2957 0.045 0.0221
7 0.6659 0.3077 0.0371 0.0193
5 0.6587 0.3317 0.0264 0.0379
5 0.6659 0.375 0.0393 0.0657
11 0.6611 0.4135 0.0207 0.0921
4 0.7909 0.3822 0.04 0.0393
4 0.7644 0.4688 0.0464 0.0514
4 0.6995 0.4712 0.0379 0.0579
1 0.6538 0.5024 0.0157 0.03
1 0.6322 0.5096 0.015 0.0329
1 0.637 0.4952 0.0157 0.0236
10 0.75 0.524 0.0243 0.03
2 0.7548 0.5144 0.0129 0.0243
5 0.9399 0.5721 0.1029 0.0721
5 0.9399 0.7692 0.12 0.0793
4 0.4135 0.1827 0.0243 0.0171
