4 0.3918 0.8005 0.0393 0.105
4 0.2091 0.8053 0.0379 0.085
4 0.2452 0.6322 0.0343 0.0643
4 0.4038 0.5865 0.03 0.0643
4 0.3558 0.5745 0.0264 0.0621
4 0.4014 0.3942 0.0179 0.0371
4 0.4688 0.4231 0.0186 0.0321
4 0.5337 0.399 0.02 0.0321
4 0.3942 0.3389 0.0179 0.0321
4 0.3942 0.2716 0.0157 0.0286
4 0.3389 0.1779 0.0107 0.0157
4 0.2404 0.1683 0.0136 0.0143
4 0.2933 0.1635 0.0336 0.0171
4 0.3005 0.137 0.0243 0.0114
4 0.2981 0.1322 0.025 0.0114
4 0.25 0.1514 0.0093 0.0114
5 0.2548 0.1418 0.0121 0.015
4 0.3245 0.238 0.0143 0.0179
4 0.3101 0.3053 0.0171 0.0236
5 0.3029 0.3413 0.0186 0.0321
4 0.2885 0.4207 0.0221 0.0336
5 0.2404 0.1923 0.0236 0.0129
1 0.2668 0.2188 0.0043 0.0107
1 0.2284 0.3245 0.005 0.0136
10 0.3245 0.3197 0.0064 0.0121
2 0.3245 0.3149 0.0036 0.005
1 0.3221 0.363 0.0036 0.0107
10 0.274 0.6827 0.0236 0.0379
2 0.2764 0.6731 0.0121 0.0164
5 0.4303 0.3726 0.0164 0.0243
4 0.5168 0.3197 0.0164 0.0236
4 0.5 0.2524 0.0136 0.0186
4 0.4375 0.1587 0.01 0.0114
4 0.4736 0.1322 0.0093 0.0086
10 0.4639 0.1394 0.005 0.0079
10 0.4856 0.1731 0.0043 0.01
10 0.4808 0.226 0.0036 0.0086
10 0.476 0.2332 0.0043 0.0093
10 0.4856 0.1995 0.0057 0.01
10 0.4928 0.1995 0.0036 0.0086
10 0.6154 0.7861 0.0129 0.0357
4 0.5721 0.5529 0.0307 0.05
1 0.6154 0.3245 0.0057 0.0136
2 0.4639 0.1394 0.0043 0.0043
2 0.4856 0.1731 0.0036 0.0079
2 0.4856 0.1947 0.0029 0.0064
2 0.4928 0.1971 0.0036 0.005
2 0.4808 0.2236 0.0029 0.005
2 0.476 0.2284 0.0036 0.0086
2 0.6154 0.7764 0.0079 0.0136
4 0.6418 0.8101 0.0279 0.06
