4 0.9327 0.5024 0.1035 0.0775
4 0.8149 0.488 0.0895 0.074
4 0.7043 0.5481 0.1585 0.069
4 0.4135 0.5505 0.127 0.0685
4 0.2452 0.5385 0.1425 0.056
5 0.1106 0.5288 0.1315 0.0705
4 0.0793 0.4495 0.079 0.062
4 0.0361 0.4447 0.0645 0.07
4 0.149 0.4519 0.089 0.0555
6 0.2716 0.4495 0.075 0.0665
6 0.3918 0.4519 0.044 0.0645
5 0.4615 0.4471 0.043 0.068
5 0.512 0.4471 0.0485 0.075
4 0.5697 0.4471 0.0575 0.057
5 0.6322 0.4495 0.0525 0.0835
5 0.6827 0.4471 0.059 0.0775
1 0.7692 0.3149 0.0145 0.0255
2 0.8053 0.3654 0.013 0.0245
10 0.8053 0.3654 0.015 0.026
1 0.8149 0.3918 0.018 0.034
2 0.8293 0.4062 0.0205 0.0175
2 0.8245 0.4038 0.0185 0.0175
2 0.8486 0.4014 0.0195 0.0195
10 0.8702 0.4375 0.0345 0.029
1 0.6923 0.4038 0.017 0.0315
1 0.6322 0.4062 0.013 0.0315
6 0.6947 0.3822 0.038 0.043
10 0.5817 0.3726 0.009 0.0245
10 0.5625 0.3846 0.013 0.0235
10 0.5 0.3918 0.0345 0.024
10 0.5264 0.3678 0.0105 0.019
10 0.5192 0.3702 0.011 0.021
10 0.512 0.3726 0.009 0.0235
10 0.4712 0.3702 0.0205 0.0235
10 0.4495 0.3846 0.016 0.0235
10 0.4423 0.3798 0.0135 0.024
10 0.4111 0.3654 0.0175 0.025
4 0.3341 0.387 0.053 0.0435
4 0.2812 0.3822 0.0495 0.048
3 0.2957 0.3582 0.0275 0.0195
5 0.1875 0.3774 0.0865 0.0575
1 0.1274 0.3678 0.0195 0.034
3 0.1178 0.3654 0.0145 0.026
3 0.1082 0.363 0.012 0.0235
10 0.0649 0.3678 0.0235 0.0245
1 0.0481 0.3654 0.018 0.0295
6 0.0216 0.3654 0.0425 0.034
4 0.0673 0.2596 0.042 0.019
5 0.1058 0.2716 0.045 0.0235
5 0.1274 0.2644 0.053 0.0265
4 0.1466 0.238 0.0345 0.015
5 0.1611 0.2332 0.034 0.018
4 0.1755 0.2332 0.027 0.016
4 0.1899 0.2308 0.029 0.0145
4 0.2188 0.2308 0.026 0.0135
4 0.2212 0.2404 0.024 0.0175
5 0.2596 0.238 0.0365 0.0215
4 0.2692 0.2332 0.028 0.0145
5 0.2236 0.2188 0.038 0.02
5 0.2404 0.2163 0.026 0.017
4 0.2548 0.2163 0.0275 0.0135
4 0.262 0.2115 0.0245 0.013
4 0.274 0.2115 0.025 0.0115
4 0.2909 0.2067 0.0275 0.012
4 0.2981 0.2043 0.0245 0.012
4 0.2981 0.2019 0.0235 0.0105
5 0.3077 0.2019 0.0245 0.0145
2 0.3101 0.2115 0.005 0.012
10 0.3101 0.2139 0.0065 0.0095
5 0.2957 0.226 0.03 0.0175
4 0.3341 0.2115 0.0215 0.0105
11 0.3341 0.1923 0.04 0.02
0 0.387 0.1923 0.0645 0.0185
5 0.3486 0.2091 0.021 0.0125
5 0.4207 0.1755 0.016 0.0085
5 0.4423 0.1683 0.0105 0.0105
1 0.4639 0.1707 0.003 0.006
5 0.4736 0.1755 0.0135 0.0095
4 0.4111 0.1755 0.009 0.0085
5 0.4038 0.1803 0.0165 0.0095
0 0.3894 0.1731 0.033 0.012
1 0.3846 0.1899 0.003 0.0065
1 0.3822 0.1899 0.0035 0.0075
1 0.3918 0.1875 0.004 0.008
