4 0.2212 0.8173 0.1271 0.1193
4 0.4014 0.8269 0.0907 0.0986
5 0.4928 0.8269 0.0814 0.0986
4 0.7957 0.8101 0.1793 0.085
4 0.7885 0.7548 0.17 0.075
4 0.6755 0.6611 0.065 0.0779
4 0.5216 0.6466 0.0629 0.0686
4 0.4351 0.7163 0.0686 0.1057
4 0.3317 0.6418 0.0829 0.0779
4 0.3726 0.5817 0.0586 0.0536
4 0.4904 0.5312 0.0464 0.0514
4 0.5385 0.5433 0.0336 0.0521
5 0.4087 0.5288 0.0429 0.0564
4 0.4207 0.5 0.0493 0.0293
4 0.4375 0.4688 0.03 0.0329
4 0.512 0.4712 0.0343 0.0379
4 0.5481 0.4856 0.0264 0.0393
6 0.5529 0.4567 0.0293 0.0293
4 0.637 0.5216 0.0393 0.0393
4 0.6827 0.4976 0.0707 0.0329
4 0.6707 0.4856 0.07 0.0343
4 0.6562 0.4784 0.0729 0.0357
4 0.6683 0.4688 0.0679 0.0286
4 0.6418 0.4543 0.0443 0.0243
4 0.6178 0.4423 0.0314 0.0243
4 0.6587 0.4327 0.0543 0.0293
4 0.4736 0.4183 0.0336 0.0236
4 0.6514 0.4183 0.0514 0.0186
4 0.649 0.4111 0.0479 0.0193
4 0.6538 0.399 0.0543 0.0243
4 0.6562 0.3942 0.0421 0.0243
4 0.6394 0.387 0.0393 0.0171
4 0.613 0.375 0.0214 0.0207
4 0.613 0.3702 0.0171 0.0157
4 0.5385 0.4279 0.0257 0.0243
4 0.5457 0.4159 0.0279 0.0243
4 0.5409 0.4014 0.0214 0.0221
4 0.5673 0.399 0.0214 0.0186
5 0.5697 0.3894 0.0157 0.0207
4 0.5457 0.3894 0.0229 0.0171
4 0.5529 0.3774 0.0157 0.0214
4 0.5721 0.3558 0.0164 0.015
4 0.6058 0.3534 0.0164 0.0129
4 0.6178 0.3486 0.0171 0.0114
4 0.5096 0.3798 0.0243 0.0164
4 0.4519 0.4062 0.045 0.0171
6 0.4567 0.3918 0.0557 0.0236
4 0.4712 0.3894 0.0336 0.0214
4 0.5168 0.3702 0.0186 0.0179
4 0.5168 0.363 0.0164 0.015
4 0.524 0.3606 0.015 0.0114
5 0.5168 0.351 0.0243 0.0186
4 0.6058 0.2812 0.0057 0.0043
4 0.5962 0.2837 0.0057 0.0057
4 0.5889 0.3293 0.0107 0.0114
4 0.5913 0.3269 0.0079 0.0079
4 0.5865 0.3221 0.0114 0.0079
4 0.5553 0.3269 0.0071 0.0079
4 0.5577 0.3245 0.0093 0.0079
5 0.5601 0.3221 0.0093 0.0086
4 0.5649 0.3197 0.0071 0.0071
4 0.5697 0.3197 0.0086 0.0064
5 0.5673 0.3149 0.0107 0.01
0 0.6034 0.3125 0.0093 0.0279
0 0.5793 0.3053 0.0114 0.0164
0 0.5889 0.2909 0.0071 0.0114
