8 0.399 0.7885 0.0615 0.175
1 0.6659 0.8534 0.0405 0.046
2 0.7476 0.7091 0.0585 0.0325
6 0.9303 0.5649 0.143 0.1375
3 0.6707 0.6106 0.038 0.07
3 0.3486 0.625 0.0305 0.0845
10 0.3197 0.4423 0.0475 0.031
3 0.6611 0.4423 0.0295 0.0735
1 0.7091 0.4351 0.032 0.0385
1 0.8029 0.4736 0.0465 0.044
4 0.4423 0.3846 0.083 0.1725
1 0.6779 0.3846 0.034 0.0455
2 0.6538 0.3245 0.023 0.041
10 0.6514 0.3197 0.0255 0.0675
2 0.6755 0.2716 0.0385 0.0355
1 0.7476 0.2668 0.0425 0.046
10 0.3534 0.1562 0.0475 0.0395
10 0.6827 0.1394 0.046 0.028
