4 0.3365 0.7284 0.079 0.045
0 0.1322 0.3438 0.0885 0.0365
0 0.0817 0.3726 0.046 0.0185
0 0.0457 0.3966 0.032 0.023
4 0.4207 0.6875 0.065 0.0355
4 0.625 0.7428 0.077 0.045
4 0.7139 0.7043 0.0645 0.039
4 0.7764 0.6827 0.0615 0.029
4 0.8341 0.6562 0.059 0.035
4 0.9183 0.5216 0.0385 0.0185
6 0.899 0.5529 0.058 0.028
6 0.8558 0.5361 0.053 0.0335
5 0.1827 0.6058 0.0365 0.029
4 0.0168 0.4207 0.0145 0.0115
4 0.0433 0.4183 0.0095 0.009
4 0.0745 0.3942 0.002 0.007
4 0.0841 0.3966 0.009 0.0065
11 0.2428 0.5072 0.026 0.042
11 0.4952 0.4784 0.045 0.027
11 0.7572 0.4327 0.026 0.025
11 0.9327 0.4351 0.052 0.026
11 0.9832 0.4255 0.0375 0.0265
1 0.5889 0.4832 0.0045 0.0125
2 0.6322 0.488 0.002 0.0105
0 0.1587 0.4111 0.0725 0.0925
4 0.1587 0.5168 0.021 0.02
0 0.3221 0.4038 0.1635 0.079
