4 0.7692 0.7284 0.0579 0.0365
4 0.7861 0.7548 0.0569 0.036
4 0.5216 0.6611 0.0391 0.0418
4 0.4495 0.6971 0.0433 0.0449
6 0.4591 0.6082 0.0793 0.0491
4 0.3822 0.5481 0.0297 0.0313
4 0.3365 0.5625 0.0245 0.0334
4 0.4736 0.4615 0.0324 0.0188
4 0.4471 0.4495 0.0204 0.0219
0 0.274 0.2981 0.0151 0.0094
4 0.2596 0.4159 0.0324 0.023
0 0.7163 0.6034 0.0397 0.0251
0 0.75 0.5841 0.0167 0.0104
0 0.7837 0.5697 0.0371 0.0271
4 0.7909 0.6562 0.0412 0.0397
4 0.8101 0.6442 0.0444 0.0339
4 0.9255 0.3894 0.0219 0.0141
4 0.7644 0.2861 0.0271 0.0115
1 0.7356 0.2788 0.0031 0.0084
