4 0.2284 0.7764 0.1071 0.1029
1 0.9135 0.6635 0.0143 0.0336
1 0.9303 0.6611 0.0121 0.0371
4 0.887 0.7668 0.1743 0.0679
4 0.8269 0.7188 0.1436 0.0529
4 0.7981 0.6899 0.1157 0.0421
4 0.7548 0.6683 0.09 0.0357
4 0.738 0.6514 0.0871 0.0371
1 0.6947 0.5649 0.0064 0.02
1 0.7981 0.5577 0.0064 0.0157
1 0.8101 0.5505 0.0086 0.0114
6 0.9543 0.6514 0.0936 0.0507
4 0.8822 0.6226 0.0721 0.0336
4 0.8774 0.601 0.0657 0.0236
5 0.8558 0.5913 0.065 0.0207
1 0.8606 0.5817 0.0079 0.0164
4 0.8125 0.5889 0.0486 0.0221
4 0.8077 0.5817 0.0479 0.0171
4 0.774 0.5793 0.0486 0.0171
4 0.7764 0.5649 0.0421 0.0143
4 0.7837 0.5529 0.0186 0.0136
4 0.774 0.5433 0.0336 0.01
4 0.6923 0.6418 0.0757 0.03
4 0.7284 0.6058 0.0471 0.0279
4 0.75 0.5673 0.0486 0.0186
4 0.7284 0.5673 0.0343 0.015
4 0.7115 0.5553 0.0171 0.0107
4 0.7404 0.5457 0.0336 0.0107
4 0.6346 0.6635 0.0536 0.045
4 0.6707 0.6274 0.0757 0.0307
6 0.6755 0.601 0.0914 0.0443
6 0.6418 0.5962 0.0514 0.02
4 0.6346 0.5889 0.05 0.0186
4 0.6226 0.5841 0.0479 0.02
4 0.6202 0.5769 0.0379 0.0157
4 0.6154 0.5745 0.0321 0.0136
4 0.6202 0.5673 0.0371 0.0143
4 0.6106 0.5673 0.0307 0.0143
4 0.601 0.5625 0.0336 0.0136
4 0.625 0.5577 0.0214 0.0136
4 0.6322 0.5529 0.035 0.0107
1 0.6466 0.5433 0.0036 0.01
1 0.625 0.5433 0.0043 0.0093
4 0.5962 0.6106 0.0343 0.0293
1 0.5481 0.5865 0.0057 0.0186
4 0.5625 0.5889 0.0279 0.0207
4 0.5024 0.5697 0.02 0.0171
4 0.5457 0.5505 0.0314 0.0107
4 0.4231 0.5625 0.0179 0.015
4 0.4808 0.5577 0.015 0.015
4 0.4688 0.5337 0.01 0.0093
2 0.4255 0.5264 0.0029 0.0043
10 0.4255 0.5288 0.0036 0.0064
4 0.4928 0.5337 0.0121 0.0114
1 0.5216 0.5337 0.0036 0.0086
1 0.5601 0.5337 0.0029 0.0093
1 0.5168 0.5288 0.0029 0.0079
6 0.512 0.5337 0.01 0.0114
4 0.5024 0.5264 0.01 0.0086
1 0.5 0.5168 0.0021 0.0071
1 0.5 0.5144 0.0021 0.0057
4 0.4856 0.524 0.0079 0.0064
4 0.476 0.5264 0.0093 0.0079
4 0.4712 0.5216 0.0071 0.0064
4 0.4712 0.5192 0.0071 0.0057
4 0.4784 0.5144 0.0057 0.005
6 0.4519 0.5216 0.0093 0.0129
4 0.4423 0.5144 0.0057 0.0057
4 0.4495 0.512 0.0057 0.0043
4 0.4591 0.5144 0.0064 0.0057
4 0.4471 0.5048 0.005 0.0036
4 0.4423 0.5072 0.0036 0.0029
4 0.4712 0.5096 0.005 0.0043
4 0.4567 0.5048 0.0043 0.0029
4 0.4591 0.5024 0.0036 0.0029
5 0.4688 0.5048 0.0043 0.0029
5 0.4663 0.5 0.0021 0.0029
4 0.4712 0.5 0.0021 0.0029
4 0.5312 0.5144 0.0114 0.0057
4 0.5337 0.5096 0.0093 0.0036
4 0.524 0.5048 0.0086 0.0043
4 0.5072 0.5048 0.0071 0.0043
6 0.5072 0.5096 0.0171 0.0079
6 0.5048 0.512 0.01 0.005
4 0.488 0.5072 0.0071 0.0036
4 0.4832 0.5048 0.0043 0.0036
4 0.4808 0.5048 0.0036 0.0021
