4 0.5673 0.5529 0.0381 0.0188
4 0.6779 0.5361 0.0376 0.0282
4 0.7019 0.5312 0.0329 0.0287
4 0.7957 0.5601 0.0271 0.0308
4 0.8029 0.6923 0.0303 0.0423
4 0.7332 0.6731 0.0261 0.0501
4 0.7668 0.6851 0.0282 0.0454
4 0.2163 0.3798 0.0256 0.011
4 0.226 0.375 0.0271 0.0104
4 0.1731 0.4038 0.0297 0.012
4 0.1635 0.4111 0.0282 0.012
4 0.1538 0.4159 0.0261 0.0125
4 0.1082 0.4375 0.0329 0.0115
4 0.2861 0.3389 0.0235 0.0099
5 0.2981 0.3317 0.0183 0.0099
4 0.3077 0.3221 0.0219 0.0089
4 0.3149 0.3173 0.0172 0.0099
4 0.3269 0.3125 0.0167 0.0089
4 0.3293 0.3077 0.0146 0.0068
4 0.3341 0.3077 0.0177 0.0084
4 0.5673 0.3173 0.0167 0.0078
4 0.5865 0.2644 0.011 0.0063
4 0.3846 0.2452 0.0141 0.0052
4 0.3918 0.2404 0.0115 0.0052
4 0.3894 0.2428 0.0099 0.0052
4 0.399 0.2356 0.011 0.0052
0 0.3798 0.25 0.013 0.0052
4 0.3966 0.238 0.0084 0.0052
1 0.8245 0.5865 0.0089 0.0167
1 0.8582 0.5841 0.0078 0.0162
1 0.7596 0.5986 0.0094 0.0162
