2 0.6466 0.3269 0.0093 0.0171
2 0.649 0.3221 0.0121 0.0143
2 0.6731 0.3462 0.01 0.0164
2 0.625 0.387 0.0086 0.0143
2 0.6202 0.3918 0.0114 0.015
2 0.5264 0.5986 0.0143 0.0164
2 0.6298 0.6178 0.01 0.0171
2 0.6274 0.625 0.0129 0.0179
2 0.4952 0.625 0.0136 0.02
2 0.4904 0.637 0.02 0.0271
2 0.512 0.6587 0.0193 0.0221
2 0.5649 0.6827 0.0121 0.0157
2 0.5649 0.6947 0.0214 0.025
2 0.6058 0.6779 0.0171 0.0186
2 0.6274 0.6995 0.0121 0.02
2 0.6226 0.7067 0.0164 0.02
2 0.3245 0.6298 0.0129 0.0179
2 0.3173 0.6394 0.015 0.02
10 0.3197 0.6418 0.0286 0.0336
2 0.2019 0.5673 0.0193 0.0207
2 0.4928 0.6394 0.0186 0.0429
2 0.512 0.6635 0.0186 0.0471
2 0.5649 0.6971 0.0179 0.0507
2 0.6058 0.6803 0.0214 0.0464
2 0.6226 0.7067 0.0243 0.045
2 0.6274 0.6322 0.0186 0.0414
2 0.524 0.6034 0.0164 0.0379
2 0.3341 0.512 0.0379 0.0236
2 0.2524 0.5216 0.0157 0.02
10 0.4062 0.3582 0.015 0.025
10 0.4615 0.3678 0.03 0.0207
1 0.4519 0.2957 0.0071 0.0243
10 0.6202 0.3966 0.0171 0.0357
10 0.6731 0.3534 0.0114 0.025
10 0.6466 0.3269 0.0171 0.0236
10 0.5769 0.2596 0.015 0.02
8 0.5673 0.2716 0.0193 0.0343
4 0.5913 0.2332 0.0271 0.0357
10 0.5072 0.2212 0.0171 0.0143
10 0.5072 0.2163 0.0193 0.0136
10 0.512 0.2139 0.0164 0.0136
10 0.5144 0.2091 0.0186 0.0143
10 0.5216 0.2019 0.0179 0.0143
10 0.5601 0.2308 0.0214 0.0157
10 0.5649 0.226 0.0171 0.0136
10 0.5673 0.2212 0.0186 0.0129
10 0.5697 0.2139 0.0207 0.0136
10 0.5721 0.2091 0.0179 0.0129
10 0.5817 0.1995 0.0207 0.0136
10 0.8702 0.3245 0.0114 0.0214
10 0.8678 0.3534 0.0107 0.0214
10 0.9351 0.3269 0.0243 0.0193
4 0.9255 0.2861 0.0257 0.035
10 0.9736 0.3149 0.03 0.0179
10 0.9736 0.3269 0.0264 0.0121
10 0.9736 0.3317 0.0264 0.0121
10 0.9736 0.3389 0.0279 0.0157
10 0.9712 0.363 0.0286 0.0164
10 0.9712 0.3678 0.0279 0.0143
10 0.9712 0.3726 0.0307 0.0143
10 0.9736 0.3774 0.03 0.0143
10 0.9736 0.3846 0.0329 0.0186
10 0.9736 0.3894 0.0293 0.0136
10 0.9736 0.3966 0.0293 0.0143
10 0.9832 0.4087 0.0357 0.015
10 0.9784 0.4207 0.0343 0.0221
1 0.988 0.476 0.0143 0.0221
2 0.9856 0.5529 0.0229 0.0207
10 0.9808 0.5553 0.0321 0.03
6 0.9375 0.4231 0.0393 0.0607
4 0.9375 0.3774 0.0329 0.04
4 0.7212 0.3125 0.0329 0.0436
4 0.7019 0.3534 0.035 0.0486
4 0.6851 0.4062 0.0429 0.0586
4 0.6562 0.4736 0.0407 0.0543
4 0.6274 0.5577 0.0514 0.0729
4 0.5673 0.5697 0.0521 0.0786
4 0.6971 0.6659 0.0521 0.0871
6 0.524 0.3317 0.045 0.0507
10 0.5 0.3125 0.0271 0.0207
10 0.4928 0.3221 0.0214 0.0186
