1 0.2115 0.226 0.0307 0.0443
9 0.4014 0.1659 0.0729 0.0814
4 0.4856 0.1514 0.0436 0.05
1 0.0553 0.2885 0.0257 0.0343
1 0.0649 0.3245 0.035 0.0386
1 0.0625 0.351 0.0329 0.0293
7 0.2476 0.3726 0.0279 0.0664
4 0.2452 0.4928 0.0757 0.1329
4 0.0385 0.4255 0.0743 0.0821
1 0.101 0.6226 0.0264 0.0321
4 0.2139 0.649 0.0764 0.1479
4 0.0817 0.8293 0.1021 0.0936
4 0.1707 0.8365 0.0807 0.075
8 0.3077 0.8413 0.05 0.0643
1 0.3365 0.4832 0.0257 0.0407
1 0.3173 0.4567 0.0229 0.035
4 0.637 0.2764 0.0614 0.1043
4 0.7476 0.2548 0.0479 0.0743
1 0.7861 0.3413 0.0207 0.0357
4 0.5841 0.6034 0.0664 0.1593
4 0.6803 0.6466 0.08 0.1529
4 0.8053 0.5312 0.0814 0.1307
4 0.887 0.5168 0.0871 0.13
4 0.8486 0.6947 0.0871 0.1443
5 0.9471 0.7332 0.1057 0.1786
4 0.887 0.8486 0.085 0.055
5 0.9351 0.149 0.1021 0.0443
4 0.9543 0.2043 0.0921 0.0457
4 0.9688 0.2692 0.0643 0.0471
4 0.9808 0.3293 0.0379 0.0479
4 0.9856 0.3822 0.0264 0.0493
