1 0.5889 0.5986 0.015 0.0364
1 0.3798 0.6274 0.0164 0.0471
4 0.4976 0.6082 0.0921 0.0393
4 0.5168 0.5913 0.0729 0.025
4 0.5192 0.5817 0.0657 0.0193
4 0.3101 0.5457 0.025 0.0121
4 0.3365 0.5409 0.0243 0.0143
4 0.3702 0.5337 0.015 0.0093
4 0.3846 0.5312 0.0129 0.0079
4 0.4303 0.5337 0.0121 0.0093
4 0.4663 0.5288 0.0093 0.0071
0 0.4303 0.524 0.0314 0.0079
4 0.2668 0.5409 0.0171 0.0107
4 0.1154 0.5577 0.0279 0.0136
4 0.1755 0.5481 0.0329 0.0143
4 0.1923 0.5361 0.0236 0.0086
4 0.1514 0.5361 0.025 0.0079
1 0.0216 0.8534 0.0364 0.0457
