4 0.2139 0.6346 0.0643 0.0286
4 0.0769 0.5625 0.0536 0.0229
4 0.524 0.5288 0.035 0.0193
4 0.3413 0.5264 0.0214 0.0214
4 0.2404 0.5312 0.0243 0.0171
4 0.2764 0.5168 0.0214 0.0186
4 0.3221 0.4784 0.0157 0.0121
4 0.887 0.7812 0.1121 0.0657
4 0.7524 0.5433 0.0493 0.0221
4 0.8918 0.8341 0.135 0.0693
4 0.8942 0.5385 0.0393 0.0157
4 0.863 0.5168 0.04 0.0193
4 0.9471 0.5361 0.0407 0.0186
4 0.9303 0.5144 0.0471 0.0164
4 0.5 0.5024 0.0136 0.0129
4 0.7236 0.8341 0.0764 0.0843
4 0.9784 0.6611 0.0464 0.0386
6 0.6562 0.5553 0.1014 0.0421
6 0.4567 0.5433 0.08 0.0464
0 0.4279 0.3894 0.025 0.0186
6 0.4351 0.4038 0.0079 0.0086
4 0.4231 0.4159 0.0057 0.0043
4 0.4135 0.4303 0.0086 0.0086
0 0.3942 0.4111 0.0157 0.015
0 0.3798 0.4231 0.0107 0.0129
0 0.4447 0.4303 0.005 0.0371
4 0.4399 0.4543 0.01 0.0079
4 0.3774 0.4327 0.0079 0.0064
4 0.3702 0.4351 0.0071 0.0064
4 0.3678 0.4375 0.0071 0.0064
4 0.3654 0.4399 0.0071 0.0079
4 0.3606 0.4423 0.0071 0.0057
4 0.3582 0.4447 0.0079 0.0071
4 0.351 0.4495 0.0086 0.0086
4 0.3462 0.4591 0.0107 0.0093
6 0.3365 0.4639 0.0143 0.0186
4 0.4014 0.4712 0.0121 0.0121
4 0.4447 0.4688 0.0121 0.0086
5 0.4447 0.476 0.01 0.0121
4 0.4471 0.4832 0.01 0.0093
4 0.4447 0.4904 0.0114 0.0107
4 0.4447 0.4976 0.0121 0.0129
4 0.4447 0.5096 0.0143 0.0129
4 0.4952 0.4928 0.0136 0.0121
4 0.4904 0.488 0.0107 0.0114
6 0.524 0.4976 0.0279 0.0286
1 0.4303 0.512 0.0057 0.0157
1 0.4135 0.512 0.0064 0.0143
2 0.4207 0.5144 0.0064 0.01
2 0.399 0.5144 0.0071 0.01
10 0.399 0.5192 0.0064 0.0129
10 0.4231 0.5168 0.0086 0.0136
4 0.1875 0.5144 0.0364 0.0157
4 0.2356 0.4976 0.0221 0.0129
4 0.2981 0.5 0.0164 0.0143
9 0.3101 0.5144 0.0421 0.0429
4 0.262 0.5048 0.0179 0.0157
4 0.2716 0.4976 0.0179 0.0129
4 0.2812 0.488 0.015 0.0121
4 0.2909 0.4832 0.0143 0.0114
4 0.3005 0.476 0.015 0.0114
4 0.3077 0.4688 0.0121 0.0121
4 0.3149 0.4639 0.0114 0.0121
4 0.351 0.4399 0.0164 0.01
4 0.3365 0.4471 0.0114 0.01
4 0.2524 0.4856 0.0164 0.0136
1 0.2572 0.4952 0.0057 0.0114
1 0.2524 0.4952 0.005 0.0107
