4 0.1923 0.8389 0.0464 0.0721
6 0.1827 0.6707 0.0429 0.0786
6 0.1707 0.5769 0.0521 0.1071
3 0.0913 0.4832 0.025 0.0107
10 0.0938 0.4736 0.0221 0.0136
3 0.0913 0.4639 0.0229 0.0121
3 0.0938 0.4591 0.0229 0.0093
10 0.0938 0.4447 0.0243 0.0121
5 0.1178 0.4135 0.0764 0.035
4 0.125 0.3558 0.0357 0.0536
10 0.0913 0.3654 0.0179 0.0207
10 0.0962 0.3486 0.0229 0.0164
1 0.1683 0.3341 0.0121 0.0179
4 0.1298 0.2644 0.0271 0.0336
6 0.2596 0.1514 0.0579 0.0386
6 0.2957 0.2668 0.0914 0.0593
4 0.25 0.4639 0.035 0.0564
4 0.262 0.5264 0.0371 0.0664
5 0.274 0.5962 0.0343 0.0686
4 0.3606 0.7332 0.0414 0.0814
4 0.3438 0.6442 0.0386 0.075
4 0.3293 0.5529 0.0357 0.0671
4 0.3173 0.4784 0.0407 0.0643
5 0.3029 0.4183 0.0307 0.0514
0 0.2716 0.4423 0.0193 0.025
4 0.3774 0.2885 0.0579 0.0336
4 0.3822 0.3149 0.06 0.0314
4 0.3822 0.3413 0.0657 0.0279
4 0.399 0.3654 0.0579 0.0314
4 0.4038 0.3966 0.0621 0.0386
4 0.4159 0.4423 0.0614 0.05
4 0.4279 0.4832 0.065 0.0471
4 0.4399 0.5216 0.0629 0.045
4 0.4399 0.5625 0.0664 0.0464
4 0.4495 0.6058 0.07 0.0543
4 0.4567 0.6562 0.0757 0.0521
4 0.476 0.7212 0.0779 0.0579
5 0.488 0.7788 0.0771 0.06
4 0.5072 0.8462 0.0807 0.0579
4 0.637 0.8101 0.0743 0.0479
4 0.6154 0.7644 0.0821 0.0471
4 0.5986 0.7212 0.0829 0.0479
4 0.5601 0.5697 0.0729 0.04
4 0.5697 0.6034 0.0736 0.0393
5 0.7188 0.5793 0.0771 0.0493
4 0.6635 0.488 0.0464 0.0586
4 0.6995 0.4808 0.0436 0.0614
4 0.7308 0.4736 0.0436 0.0621
4 0.7668 0.4688 0.0457 0.0621
4 0.5168 0.4447 0.0621 0.0364
4 0.512 0.4159 0.0564 0.0343
4 0.4976 0.3894 0.0629 0.035
4 0.488 0.3413 0.0571 0.035
4 0.4784 0.3149 0.0586 0.0329
4 0.4712 0.2933 0.0557 0.0307
4 0.4639 0.274 0.0521 0.0279
4 0.8942 0.649 0.06 0.0707
4 0.9279 0.6418 0.06 0.0686
4 0.9639 0.6322 0.0679 0.075
4 0.9279 0.5385 0.0679 0.0429
4 0.8365 0.4519 0.0514 0.0607
