9 0.01666666753590107 0.7576190233230591 0.03333333507180214 0.02190476283431053
9 0.12095238268375397 0.7376190423965454 0.015238095074892044 0.027619047090411186
9 0.14380952715873718 0.7371428608894348 0.017142856493592262 0.024761904031038284
9 0.16380952298641205 0.7319047451019287 0.015238095074892044 0.025714285671710968
9 0.18285714089870453 0.7300000190734863 0.017142856493592262 0.025714285671710968
9 0.24095238745212555 0.7233333587646484 0.01904761977493763 0.025714285671710968
9 0.2780952453613281 0.7214285731315613 0.017142856493592262 0.02190476283431053
9 0.31285715103149414 0.715238094329834 0.019999999552965164 0.024761904031038284
4 0.3261904716491699 0.6976190209388733 0.012380952015519142 0.010476190596818924
9 0.14666666090488434 0.7209523916244507 0.03809523954987526 0.017142856493592262
4 0.18333333730697632 0.7542856931686401 0.025714285671710968 0.013333333656191826
4 0.25761905312538147 0.7757142782211304 0.029523810371756554 0.016190476715564728
4 0.09142857044935226 0.7704761624336243 0.02666666731238365 0.013333333656191826
4 0.07238095253705978 0.7671428322792053 0.02857142873108387 0.010476190596818924
4 0.003809523768723011 0.854285717010498 0.007619047537446022 0.022857142612338066
4 0.01904761977493763 0.8528571724891663 0.017142856493592262 0.02190476283431053
4 0.012857142835855484 0.9147619009017944 0.025714285671710968 0.027619047090411186
4 0.11999999731779099 0.8361904621124268 0.020952381193637848 0.020952381193637848
4 0.20000000298023224 0.8204761743545532 0.017142856493592262 0.02190476283431053
4 0.22285714745521545 0.8176190257072449 0.013333333656191826 0.016190476715564728
4 0.23714286088943481 0.8142856955528259 0.017142856493592262 0.015238095074892044
4 0.2566666603088379 0.8090476393699646 0.016190476715564728 0.016190476715564728
4 0.2742857038974762 0.8061904907226562 0.017142856493592262 0.016190476715564728
1 0.15142856538295746 0.8790476322174072 0.007619047537446022 0.01904761977493763
4 0.5495238304138184 0.8776190280914307 0.020952381193637848 0.027619047090411186
4 0.4452380836009979 0.8580952286720276 0.018095238134264946 0.020952381193637848
4 0.44476190209388733 0.8752381205558777 0.034285712987184525 0.01904761977493763
4 0.4528571367263794 0.8857142925262451 0.037142857909202576 0.015238095074892044
4 0.46190476417541504 0.895714282989502 0.034285712987184525 0.012380952015519142
4 0.46761906147003174 0.907619059085846 0.034285712987184525 0.017142856493592262
4 0.47999998927116394 0.9166666865348816 0.03619047626852989 0.016190476715564728
4 0.4871428608894348 0.9290476441383362 0.04095238074660301 0.02380952425301075
4 0.4647619128227234 0.9504761695861816 0.03999999910593033 0.022857142612338066
4 0.47428572177886963 0.965238094329834 0.04380952566862106 0.02380952425301075
4 0.48476189374923706 0.9795238375663757 0.04571428522467613 0.025714285671710968
4 0.4938095211982727 0.9900000095367432 0.04476190358400345 0.019999999552965164
4 0.5909523963928223 0.9447619318962097 0.029523810371756554 0.02857142873108387
4 0.5933333039283752 0.977142870426178 0.03619047626852989 0.03619047626852989
4 0.6395238041877747 0.9647619128227234 0.037142857909202576 0.03619047626852989
4 0.7014285922050476 0.9519047737121582 0.039047617465257645 0.03333333507180214
4 0.6371428370475769 0.8971428275108337 0.01904761977493763 0.024761904031038284
4 0.7295238375663757 0.9485714435577393 0.03619047626852989 0.034285712987184525
4 0.691428542137146 0.9057142734527588 0.017142856493592262 0.022857142612338066
4 0.8533333539962769 0.9942857027053833 0.034285712987184525 0.011428571306169033
4 0.8799999952316284 0.9942857027053833 0.032380953431129456 0.011428571306169033
4 0.930476188659668 0.9866666793823242 0.03619047626852989 0.024761904031038284
4 0.9447619318962097 0.9833333492279053 0.04380952566862106 0.03333333507180214
4 0.9728571176528931 0.9819047451019287 0.04857143014669418 0.034285712987184525
5 0.8719047904014587 0.9438095092773438 0.03142857179045677 0.024761904031038284
