4.0 0.6813802083333333 0.5689814814814815 0.03828125 0.049074074074074076
4.0 0.6486979166666667 0.43449074074074073 0.017708333333333333 0.02824074074074074
7.0 0.5041666666666667 0.44004629629629627 0.013541666666666667 0.02175925925925926
4.0 0.593359375 0.3736111111111111 0.012239583333333333 0.01574074074074074
4.0 0.6022135416666666 0.3768518518518518 0.01328125 0.016666666666666666
4.0 0.4859375 0.32083333333333336 0.020833333333333332 0.017592592592592594
4.0 0.584375 0.32060185185185186 0.022395833333333334 0.01898148148148148
4.0 0.720703125 0.32314814814814813 0.018489583333333334 0.017592592592592594
4.0 0.523828125 0.368287037037037 0.016927083333333332 0.013425925925925926
4.0 0.6955729166666667 0.4844907407407407 0.0265625 0.034722222222222224
1.0 0.453515625 0.4393518518518518 0.007552083333333333 0.023148148148148147
1.0 0.4602864583333333 0.4391203703703704 0.007552083333333333 0.022685185185185187
4.0 0.5872395833333334 0.37060185185185185 0.0125 0.016203703703703703
