4.0 0.598828125 0.37245370370370373 0.012760416666666666 0.013425925925925926
4.0 0.6071614583333333 0.3733796296296296 0.011197916666666667 0.014351851851851852
5.0 0.6764322916666666 0.38773148148148145 0.023177083333333334 0.022685185185185187
5.0 0.7600260416666667 0.3840277777777778 0.022135416666666668 0.02175925925925926
2.0 0.7108072916666667 0.4335648148148148 0.006510416666666667 0.01712962962962963
1.0 0.493359375 0.38773148148148145 0.004427083333333333 0.018055555555555554
5.0 0.9700520833333334 0.3284722222222222 0.023958333333333335 0.018055555555555554
4.0 0.10963541666666667 0.3138888888888889 0.021875 0.013888888888888888
4.0 0.032421875 0.3175925925925926 0.019010416666666665 0.017592592592592594
2.0 0.533203125 0.37060185185185185 0.0033854166666666668 0.013425925925925926
1.0 0.5274739583333333 0.3710648148148148 0.00390625 0.015277777777777777
4.0 0.5920572916666667 0.3710648148148148 0.011197916666666667 0.016203703703703703
5.0 0.5744791666666667 0.7203703703703703 0.053125 0.14166666666666666
4.0 0.5907552083333333 0.9115740740740741 0.07890625 0.175
4.0 0.57109375 0.3662037037037037 0.015625 0.013888888888888888
