4.0 0.855859375 0.38819444444444445 0.023177083333333334 0.020833333333333332
4.0 0.896875 0.324537037037037 0.025 0.016666666666666666
4.0 0.6013020833333333 0.3696759259259259 0.0125 0.013425925925925926
4.0 0.6095052083333333 0.3712962962962963 0.010677083333333334 0.013888888888888888
4.0 0.8455729166666667 0.3236111111111111 0.021875 0.013888888888888888
5.0 0.755078125 0.5152777777777777 0.040364583333333336 0.05462962962962963
6.0 0.16302083333333334 0.3025462962962963 0.0703125 0.034722222222222224
4.0 0.17786458333333333 0.3106481481481482 0.025 0.016666666666666666
4.0 0.015885416666666666 0.31666666666666665 0.0203125 0.019444444444444445
5.0 0.7229166666666667 0.36574074074074076 0.0140625 0.016666666666666666
2.0 0.7134114583333333 0.4289351851851852 0.005989583333333334 0.016203703703703703
4.0 0.47434895833333335 0.3076388888888889 0.014322916666666666 0.0125
4.0 0.2891927083333333 0.3071759259259259 0.012239583333333333 0.011574074074074073
4.0 0.5938802083333333 0.36736111111111114 0.012239583333333333 0.013425925925925926
5.0 0.5796875 0.705324074074074 0.053125 0.14027777777777778
4.0 0.598828125 0.9050925925925926 0.07890625 0.18796296296296297
