4.0 0.6930989583333333 0.5886574074074075 0.04244791666666667 0.05324074074074074
4.0 0.652734375 0.43842592592592594 0.019010416666666665 0.028703703703703703
7.0 0.5040364583333333 0.4398148148148148 0.01328125 0.021296296296296296
4.0 0.593359375 0.3731481481481482 0.012239583333333333 0.01574074074074074
4.0 0.6022135416666666 0.3766203703703704 0.01328125 0.01712962962962963
4.0 0.4505208333333333 0.3199074074074074 0.020833333333333332 0.017592592592592594
4.0 0.5411458333333333 0.319212962962963 0.022395833333333334 0.01898148148148148
4.0 0.6928385416666667 0.32175925925925924 0.018489583333333334 0.017592592592592594
4.0 0.5272135416666667 0.368287037037037 0.016927083333333332 0.013425925925925926
4.0 0.708984375 0.49953703703703706 0.029947916666666668 0.03981481481481482
1.0 0.45364583333333336 0.43842592592592594 0.007291666666666667 0.023148148148148147
1.0 0.46119791666666665 0.4372685185185185 0.007291666666666667 0.022685185185185187
4.0 0.5872395833333334 0.3701388888888889 0.0125 0.016203703703703703
4.0 0.9821614583333333 0.33587962962962964 0.020052083333333335 0.016203703703703703
