4.0 0.8733072916666667 0.6951388888888889 0.08046875 0.0837962962962963
7.0 0.503515625 0.43495370370370373 0.012760416666666666 0.020833333333333332
4.0 0.593359375 0.37199074074074073 0.012760416666666666 0.014351851851851852
4.0 0.601953125 0.3752314814814815 0.01328125 0.01712962962962963
4.0 0.27890625 0.31875 0.020833333333333332 0.01898148148148148
6.0 0.8067708333333333 0.3226851851851852 0.03177083333333333 0.020370370370370372
4.0 0.959375 0.3314814814814815 0.01875 0.017592592592592594
1.0 0.48020833333333335 0.4351851851851852 0.00625 0.020370370370370372
1.0 0.46041666666666664 0.4305555555555556 0.00625 0.025
4.0 0.5876302083333333 0.36875 0.012760416666666666 0.015277777777777777
4.0 0.7100260416666667 0.38819444444444445 0.018489583333333334 0.016203703703703703
5.0 0.7108072916666667 0.3886574074074074 0.016927083333333332 0.01990740740740741
4.0 0.5486979166666667 0.5476851851851852 0.022395833333333334 0.04814814814814815
4.0 0.4596354166666667 0.31805555555555554 0.0234375 0.018518518518518517
