4.0 0.7126302083333333 0.5027777777777778 0.032552083333333336 0.037037037037037035
7.0 0.503515625 0.4391203703703704 0.012760416666666666 0.020833333333333332
4.0 0.593359375 0.37199074074074073 0.012760416666666666 0.014351851851851852
4.0 0.601953125 0.3752314814814815 0.01328125 0.01712962962962963
4.0 0.18619791666666666 0.32175925925925924 0.020833333333333332 0.020370370370370372
4.0 0.21119791666666668 0.32175925925925924 0.022395833333333334 0.020370370370370372
4.0 0.4752604166666667 0.31875 0.020833333333333332 0.01898148148148148
4.0 0.564453125 0.368287037037037 0.015364583333333333 0.016203703703703703
1.0 0.45807291666666666 0.4361111111111111 0.00625 0.020370370370370372
1.0 0.456640625 0.43449074074074073 0.006510416666666667 0.024537037037037038
4.0 0.5876302083333333 0.36875 0.012760416666666666 0.015277777777777777
4.0 0.7100260416666667 0.38819444444444445 0.018489583333333334 0.016203703703703703
5.0 0.7108072916666667 0.3886574074074074 0.016927083333333332 0.01990740740740741
4.0 0.5833333333333334 0.9224537037037037 0.07239583333333334 0.15231481481481482
4.0 0.712890625 0.32430555555555557 0.023177083333333334 0.016203703703703703
