4.0 0.6259114583333333 0.46967592592592594 0.021614583333333333 0.03009259259259259
4.0 0.6305989583333333 0.4131944444444444 0.014322916666666666 0.024537037037037038
7.0 0.5048177083333333 0.4409722222222222 0.013802083333333333 0.02175925925925926
4.0 0.593359375 0.3752314814814815 0.01171875 0.01712962962962963
4.0 0.602734375 0.3787037037037037 0.01328125 0.016666666666666666
4.0 0.73046875 0.3236111111111111 0.020833333333333332 0.017592592592592594
4.0 0.88046875 0.3298611111111111 0.022395833333333334 0.01898148148148148
4.0 0.916796875 0.33194444444444443 0.018489583333333334 0.017592592592592594
4.0 0.5126302083333333 0.36365740740740743 0.010677083333333334 0.013425925925925926
4.0 0.8513020833333333 0.3287037037037037 0.020833333333333332 0.020370370370370372
4.0 0.9114583333333334 0.3282407407407407 0.0203125 0.020370370370370372
4.0 0.24205729166666667 0.32592592592592595 0.02734375 0.018518518518518517
4.0 0.6428385416666667 0.4300925925925926 0.01953125 0.025925925925925925
1.0 0.45403645833333334 0.44074074074074077 0.007552083333333333 0.023148148148148147
1.0 0.454296875 0.44560185185185186 0.007552083333333333 0.022685185185185187
4.0 0.5868489583333333 0.37245370370370373 0.012239583333333333 0.01712962962962963
