4.0 0.6860677083333333 0.5766203703703704 0.03984375 0.050462962962962966
4.0 0.65 0.4358796296296296 0.018229166666666668 0.02824074074074074
7.0 0.5041666666666667 0.44004629629629627 0.013541666666666667 0.02175925925925926
4.0 0.593359375 0.3733796296296296 0.012239583333333333 0.015277777777777777
4.0 0.6022135416666666 0.3768518518518518 0.01328125 0.016666666666666666
4.0 0.47161458333333334 0.32037037037037036 0.020833333333333332 0.017592592592592594
4.0 0.5669270833333333 0.32013888888888886 0.022395833333333334 0.01898148148148148
4.0 0.7095052083333333 0.32222222222222224 0.018489583333333334 0.017592592592592594
4.0 0.5251302083333333 0.368287037037037 0.016927083333333332 0.013425925925925926
4.0 0.7001302083333333 0.48912037037037037 0.02734375 0.03564814814814815
1.0 0.453515625 0.4388888888888889 0.007552083333333333 0.023148148148148147
1.0 0.46041666666666664 0.43819444444444444 0.007291666666666667 0.022685185185185187
4.0 0.5872395833333334 0.3701388888888889 0.0125 0.016203703703703703
