4.0 0.7506510416666666 0.3872685185185185 0.023177083333333334 0.020833333333333332
4.0 0.396484375 0.30833333333333335 0.02578125 0.014814814814814815
4.0 0.6013020833333333 0.3678240740740741 0.0125 0.013425925925925926
4.0 0.609375 0.37060185185185185 0.010416666666666666 0.014351851851851852
5.0 0.9700520833333334 0.3729166666666667 0.009375 0.01712962962962963
2.0 0.713671875 0.42800925925925926 0.005989583333333334 0.016203703703703703
4.0 0.9516927083333333 0.32569444444444445 0.014322916666666666 0.0125
4.0 0.6920572916666666 0.3127314814814815 0.012239583333333333 0.011574074074074073
4.0 0.594140625 0.3650462962962963 0.012239583333333333 0.013425925925925926
5.0 0.5805989583333333 0.7037037037037037 0.054427083333333334 0.1398148148148148
4.0 0.6009114583333334 0.9039351851851852 0.07890625 0.1912037037037037
