7.0 0.5037760416666667 0.4335648148148148 0.012760416666666666 0.020833333333333332
4.0 0.593359375 0.37199074074074073 0.012760416666666666 0.014351851851851852
4.0 0.601953125 0.3752314814814815 0.01328125 0.01712962962962963
4.0 0.08450520833333333 0.324537037037037 0.024739583333333332 0.025
6.0 0.51171875 0.31805555555555554 0.03177083333333333 0.020370370370370372
4.0 0.5231770833333333 0.3175925925925926 0.022395833333333334 0.017592592592592594
1.0 0.5046875 0.43472222222222223 0.00625 0.021296296296296296
1.0 0.48723958333333334 0.43148148148148147 0.00625 0.025
4.0 0.5876302083333333 0.36875 0.012760416666666666 0.015277777777777777
4.0 0.7100260416666667 0.38819444444444445 0.018489583333333334 0.016203703703703703
4.0 0.4725260416666667 0.9766203703703704 0.07369791666666667 0.04490740740740741
5.0 0.65078125 0.39282407407407405 0.016666666666666666 0.01990740740740741
4.0 0.5408854166666667 0.44699074074074074 0.016666666666666666 0.03194444444444444
4.0 0.923046875 0.3282407407407407 0.023177083333333334 0.020370370370370372
4.0 0.20104166666666667 0.32430555555555557 0.023958333333333335 0.02175925925925926
