7.0 0.5040364583333333 0.4321759259259259 0.012760416666666666 0.020833333333333332
4.0 0.593359375 0.37199074074074073 0.012760416666666666 0.014351851851851852
4.0 0.601953125 0.3752314814814815 0.01328125 0.01712962962962963
6.0 0.26484375 0.3162037037037037 0.03177083333333333 0.020370370370370372
4.0 0.15794270833333332 0.3194444444444444 0.026302083333333334 0.017592592592592594
2.0 0.5044270833333333 0.4287037037037037 0.005729166666666666 0.014814814814814815
1.0 0.4981770833333333 0.4310185185185185 0.005208333333333333 0.022222222222222223
4.0 0.5876302083333333 0.36875 0.012760416666666666 0.015277777777777777
4.0 0.7100260416666667 0.38819444444444445 0.018489583333333334 0.016203703703703703
4.0 0.4889322916666667 0.6643518518518519 0.04140625 0.08518518518518518
5.0 0.6283854166666667 0.40347222222222223 0.0109375 0.02638888888888889
4.0 0.5361979166666667 0.4203703703703704 0.013541666666666667 0.025
4.0 0.8830729166666667 0.32523148148148145 0.022395833333333334 0.01898148148148148
4.0 0.6329427083333333 0.31574074074074077 0.023177083333333334 0.020370370370370372
