7.0 0.5061197916666667 0.42939814814814814 0.01171875 0.01898148148148148
4.0 0.593359375 0.37175925925925923 0.012760416666666666 0.013888888888888888
4.0 0.601953125 0.3747685185185185 0.01328125 0.01712962962962963
6.0 0.0067708333333333336 0.3266203703703704 0.013020833333333334 0.03009259259259259
2.0 0.5069010416666667 0.4252314814814815 0.00546875 0.014351851851851852
2.0 0.5037760416666667 0.4238425925925926 0.004427083333333333 0.014351851851851852
4.0 0.5876302083333333 0.36875 0.012760416666666666 0.015277777777777777
4.0 0.6772135416666667 0.3891203703703704 0.018489583333333334 0.016203703703703703
4.0 0.5307291666666667 0.5145833333333333 0.028645833333333332 0.043055555555555555
5.0 0.65625 0.4289351851851852 0.017708333333333333 0.033796296296296297
4.0 0.540234375 0.39537037037037037 0.012760416666666666 0.020370370370370372
4.0 0.8419270833333333 0.3226851851851852 0.023958333333333335 0.017592592592592594
4.0 0.44427083333333334 0.31319444444444444 0.022395833333333334 0.01898148148148148
4.0 0.312109375 0.31342592592592594 0.023177083333333334 0.020370370370370372
