7.0 0.503515625 0.43449074074074073 0.012760416666666666 0.020833333333333332
4.0 0.593359375 0.37199074074074073 0.012760416666666666 0.014351851851851852
4.0 0.601953125 0.3752314814814815 0.01328125 0.01712962962962963
4.0 0.21692708333333333 0.32523148148148145 0.020833333333333332 0.01898148148148148
6.0 0.7130208333333333 0.32175925925925924 0.03177083333333333 0.020370370370370372
4.0 0.8255208333333334 0.32731481481481484 0.022395833333333334 0.017592592592592594
1.0 0.48854166666666665 0.4324074074074074 0.00625 0.021296296296296296
1.0 0.4666666666666667 0.43148148148148147 0.00625 0.025
4.0 0.5876302083333333 0.36875 0.012760416666666666 0.015277777777777777
4.0 0.7100260416666667 0.38819444444444445 0.018489583333333334 0.016203703703703703
5.0 0.6985677083333334 0.3905092592592593 0.016927083333333332 0.01990740740740741
4.0 0.5473958333333333 0.512962962962963 0.022395833333333334 0.04537037037037037
4.0 0.37838541666666664 0.3210648148148148 0.023958333333333335 0.02175925925925926
