4.0 0.03203125 0.3136574074074074 0.016666666666666666 0.011574074074074073
4.0 0.6390625 0.4039351851851852 0.016666666666666666 0.02175925925925926
4.0 0.7123697916666667 0.3141203703703704 0.02109375 0.020833333333333332
4.0 0.36276041666666664 0.30810185185185185 0.021875 0.018055555555555554
4.0 0.6018229166666667 0.36736111111111114 0.0125 0.013425925925925926
4.0 0.609765625 0.36921296296296297 0.010677083333333334 0.014351851851851852
2.0 0.7135416666666666 0.42569444444444443 0.005729166666666666 0.016203703703703703
4.0 0.5944010416666666 0.36550925925925926 0.012239583333333333 0.013425925925925926
5.0 0.556640625 0.5037037037037037 0.027864583333333335 0.062037037037037036
4.0 0.5873697916666667 0.7969907407407407 0.06484375 0.15416666666666667
