7.0 0.5278645833333333 0.4078703703703704 0.009375 0.013888888888888888
4.0 0.5951822916666667 0.37175925925925923 0.012760416666666666 0.013888888888888888
4.0 0.603515625 0.37407407407407406 0.012239583333333333 0.01574074074074074
2.0 0.5291666666666667 0.40324074074074073 0.004166666666666667 0.014814814814814815
2.0 0.52578125 0.40208333333333335 0.0036458333333333334 0.014351851851851852
4.0 0.5888020833333333 0.36875 0.011979166666666667 0.015277777777777777
4.0 0.6346354166666667 0.41226851851851853 0.0171875 0.020833333333333332
5.0 0.5747395833333333 0.7337962962962963 0.057291666666666664 0.1527777777777778
4.0 0.5966145833333333 0.9368055555555556 0.07708333333333334 0.12175925925925926
4.0 0.5380208333333333 0.4273148148148148 0.016145833333333335 0.023148148148148147
5.0 0.7565104166666666 0.5451388888888888 0.04114583333333333 0.059722222222222225
4.0 0.5520833333333334 0.3761574074074074 0.011979166666666667 0.01898148148148148
4.0 0.28046875 0.3143518518518518 0.023958333333333335 0.020370370370370372
