4.0 0.6001302083333333 0.3738425925925926 0.012760416666666666 0.013425925925925926
4.0 0.608203125 0.37430555555555556 0.011197916666666667 0.014351851851851852
5.0 0.6861979166666666 0.45023148148148145 0.0265625 0.038425925925925926
5.0 0.6368489583333333 0.4078703703703704 0.01484375 0.025925925925925925
6.0 0.6555989583333334 0.3076388888888889 0.07057291666666667 0.03194444444444444
4.0 0.870703125 0.32569444444444445 0.021614583333333333 0.014351851851851852
4.0 0.5134114583333333 0.3113425925925926 0.02109375 0.013425925925925926
5.0 0.5243489583333333 0.3590277777777778 0.012760416666666666 0.015277777777777777
2.0 0.7123697916666667 0.4321759259259259 0.006510416666666667 0.01712962962962963
1.0 0.49856770833333336 0.38680555555555557 0.004427083333333333 0.01990740740740741
5.0 0.147265625 0.31157407407407406 0.02265625 0.019444444444444445
4.0 0.5967447916666667 0.31342592592592594 0.013802083333333333 0.012037037037037037
4.0 0.5930989583333334 0.3701388888888889 0.011197916666666667 0.016203703703703703
5.0 0.5764322916666667 0.712037037037037 0.05286458333333333 0.14166666666666666
4.0 0.594140625 0.9071759259259259 0.07890625 0.18194444444444444
4.0 0.74921875 0.37592592592592594 0.0171875 0.016666666666666666
