4.0 0.66640625 0.38680555555555557 0.0234375 0.01990740740740741
4.0 0.746875 0.3136574074074074 0.021875 0.018055555555555554
4.0 0.123046875 0.31296296296296294 0.02578125 0.017592592592592594
4.0 0.60078125 0.36736111111111114 0.0125 0.013425925925925926
4.0 0.6088541666666667 0.3699074074074074 0.0109375 0.013888888888888888
2.0 0.7125 0.42615740740740743 0.005729166666666666 0.016203703703703703
4.0 0.937109375 0.32430555555555557 0.012239583333333333 0.011574074074074073
4.0 0.5936197916666667 0.3645833333333333 0.012239583333333333 0.013425925925925926
5.0 0.5736979166666667 0.674537037037037 0.05 0.13055555555555556
4.0 0.5950520833333334 0.9039351851851852 0.078125 0.1912037037037037
