4.0 0.71953125 0.6333333333333333 0.050520833333333334 0.06018518518518518
4.0 0.6588541666666666 0.444212962962963 0.0203125 0.029166666666666667
7.0 0.50390625 0.4398148148148148 0.013020833333333334 0.021296296296296296
4.0 0.5932291666666667 0.3729166666666667 0.0125 0.015277777777777777
4.0 0.6022135416666666 0.3761574074074074 0.01328125 0.01712962962962963
4.0 0.40260416666666665 0.3194444444444444 0.020833333333333332 0.017592592592592594
4.0 0.48098958333333336 0.31875 0.022395833333333334 0.01898148148148148
4.0 0.652734375 0.32175925925925924 0.018489583333333334 0.017592592592592594
4.0 0.5321614583333333 0.3680555555555556 0.016927083333333332 0.013888888888888888
4.0 0.7321614583333333 0.5263888888888889 0.03619791666666667 0.04722222222222222
1.0 0.45364583333333336 0.4375 0.007291666666666667 0.023148148148148147
1.0 0.46145833333333336 0.43495370370370373 0.007291666666666667 0.022685185185185187
4.0 0.5872395833333334 0.3699074074074074 0.0125 0.01574074074074074
4.0 0.9337239583333333 0.3335648148148148 0.020052083333333335 0.016203703703703703
