4.0 0.101953125 0.31157407407407406 0.01796875 0.012037037037037037
4.0 0.6483072916666667 0.4115740740740741 0.018489583333333334 0.022222222222222223
4.0 0.591796875 0.3113425925925926 0.02109375 0.020833333333333332
4.0 0.28958333333333336 0.30810185185185185 0.021875 0.018055555555555554
4.0 0.6020833333333333 0.3675925925925926 0.0125 0.013888888888888888
4.0 0.6100260416666666 0.36921296296296297 0.010677083333333334 0.014351851851851852
2.0 0.7140625 0.425462962962963 0.005729166666666666 0.01574074074074074
4.0 0.5946614583333333 0.36550925925925926 0.012239583333333333 0.013425925925925926
5.0 0.556640625 0.48148148148148145 0.024739583333333332 0.053703703703703705
4.0 0.5821614583333333 0.7407407407407407 0.05807291666666667 0.1259259259259259
