4.0 0.5975260416666667 0.3715277777777778 0.012760416666666666 0.013425925925925926
4.0 0.6055989583333333 0.3729166666666667 0.011197916666666667 0.014351851851851852
2.0 0.7100260416666667 0.4321759259259259 0.006510416666666667 0.01712962962962963
1.0 0.49127604166666666 0.3891203703703704 0.004427083333333333 0.018055555555555554
4.0 0.8390625 0.3178240740740741 0.021875 0.015277777777777777
7.0 0.5533854166666666 0.3768518518518518 0.007291666666666667 0.014814814814814815
2.0 0.5330729166666667 0.37175925925925923 0.004166666666666667 0.01574074074074074
1.0 0.5272135416666667 0.3715277777777778 0.00390625 0.016203703703703703
4.0 0.7303385416666667 0.31342592592592594 0.017447916666666667 0.013888888888888888
4.0 0.5904947916666666 0.36921296296296297 0.011197916666666667 0.016203703703703703
4.0 0.9467447916666667 0.8210648148148149 0.10338541666666666 0.13935185185185187
5.0 0.5786458333333333 0.7275462962962963 0.053125 0.14583333333333334
4.0 0.596484375 0.9136574074074074 0.07890625 0.17083333333333334
4.0 0.558203125 0.38587962962962963 0.011197916666666667 0.016203703703703703
4.0 0.5858072916666667 0.3664351851851852 0.017447916666666667 0.01712962962962963
