4.0 0.6001302083333333 0.37569444444444444 0.012760416666666666 0.013425925925925926
4.0 0.608203125 0.3752314814814815 0.011197916666666667 0.014351851851851852
5.0 0.666015625 0.4324074074074074 0.022135416666666668 0.03333333333333333
5.0 0.6325520833333333 0.399537037037037 0.013020833333333334 0.022222222222222223
6.0 0.7587239583333333 0.31180555555555556 0.07265625 0.03194444444444444
4.0 0.6259114583333333 0.31550925925925927 0.02109375 0.013425925925925926
5.0 0.5173177083333333 0.35671296296296295 0.00859375 0.015277777777777777
2.0 0.7118489583333333 0.4321759259259259 0.006510416666666667 0.01712962962962963
1.0 0.49856770833333336 0.38680555555555557 0.004427083333333333 0.01990740740740741
5.0 0.262890625 0.3106481481481482 0.021614583333333333 0.019444444444444445
4.0 0.13567708333333334 0.3145833333333333 0.01875 0.018055555555555554
4.0 0.49388020833333335 0.3104166666666667 0.012760416666666666 0.009722222222222222
4.0 0.5930989583333334 0.37060185185185185 0.011197916666666667 0.016203703703703703
5.0 0.5766927083333333 0.7127314814814815 0.05234375 0.1412037037037037
4.0 0.594140625 0.906712962962963 0.07890625 0.18194444444444444
4.0 0.6967447916666667 0.37430555555555556 0.017447916666666667 0.01712962962962963
