4.0 0.14153645833333334 0.3108796296296296 0.01640625 0.0125
4.0 0.6548177083333333 0.4166666666666667 0.019010416666666665 0.024074074074074074
4.0 0.5279947916666666 0.30810185185185185 0.02109375 0.020833333333333332
4.0 0.2520833333333333 0.3090277777777778 0.021875 0.018055555555555554
4.0 0.6020833333333333 0.3675925925925926 0.0125 0.013888888888888888
4.0 0.61015625 0.36921296296296297 0.0109375 0.014351851851851852
2.0 0.7143229166666667 0.4252314814814815 0.005729166666666666 0.015277777777777777
4.0 0.5946614583333333 0.36550925925925926 0.012239583333333333 0.013425925925925926
5.0 0.55703125 0.4708333333333333 0.023958333333333335 0.05
4.0 0.5809895833333333 0.7097222222222223 0.05416666666666667 0.11388888888888889
