4.0 0.598046875 0.37245370370370373 0.012760416666666666 0.013425925925925926
4.0 0.6071614583333333 0.3733796296296296 0.011197916666666667 0.014351851851851852
5.0 0.720703125 0.38680555555555557 0.023177083333333334 0.022685185185185187
5.0 0.798828125 0.3798611111111111 0.022135416666666668 0.02175925925925926
2.0 0.710546875 0.4326388888888889 0.006510416666666667 0.01712962962962963
1.0 0.4915364583333333 0.3886574074074074 0.004427083333333333 0.018055555555555554
4.0 0.29244791666666664 0.3101851851851852 0.021875 0.016666666666666666
4.0 0.208203125 0.3122685185185185 0.021614583333333333 0.015277777777777777
4.0 0.147265625 0.31527777777777777 0.02109375 0.016666666666666666
4.0 0.058203125 0.3162037037037037 0.020572916666666666 0.013888888888888888
7.0 0.5184895833333333 0.3638888888888889 0.005208333333333333 0.009259259259259259
2.0 0.533203125 0.3701388888888889 0.0033854166666666668 0.0125
1.0 0.52734375 0.3715277777777778 0.004166666666666667 0.016203703703703703
4.0 0.5912760416666667 0.3701388888888889 0.011197916666666667 0.016203703703703703
5.0 0.57734375 0.7238425925925925 0.053125 0.14583333333333334
4.0 0.594921875 0.912962962962963 0.07890625 0.17222222222222222
4.0 0.5627604166666667 0.3675925925925926 0.0125 0.013888888888888888
