7.0 0.504296875 0.4321759259259259 0.012760416666666666 0.020833333333333332
4.0 0.593359375 0.37199074074074073 0.012760416666666666 0.014351851851851852
4.0 0.601953125 0.3752314814814815 0.01328125 0.01712962962962963
6.0 0.18307291666666667 0.31805555555555554 0.03177083333333333 0.020370370370370372
4.0 0.03658854166666667 0.32592592592592595 0.026302083333333334 0.023148148148148147
2.0 0.5037760416666667 0.4284722222222222 0.00546875 0.014351851851851852
2.0 0.49908854166666666 0.4289351851851852 0.00546875 0.015277777777777777
4.0 0.5876302083333333 0.36875 0.012760416666666666 0.015277777777777777
4.0 0.7100260416666667 0.38819444444444445 0.018489583333333334 0.016203703703703703
4.0 0.4984375 0.6013888888888889 0.03697916666666667 0.06759259259259259
5.0 0.632421875 0.4097222222222222 0.014322916666666666 0.026851851851851852
4.0 0.5352864583333333 0.4101851851851852 0.012760416666666666 0.020370370370370372
4.0 0.7473958333333334 0.31875 0.022395833333333334 0.01898148148148148
4.0 0.5334635416666667 0.3148148148148148 0.023177083333333334 0.020370370370370372
