4.0 0.07630208333333334 0.3127314814814815 0.0171875 0.0125
4.0 0.6446614583333333 0.4085648148148148 0.01796875 0.02175925925925926
4.0 0.6352864583333333 0.3127314814814815 0.02109375 0.020833333333333332
4.0 0.31588541666666664 0.30810185185185185 0.021875 0.018055555555555554
4.0 0.6020833333333333 0.36736111111111114 0.0125 0.013425925925925926
4.0 0.6098958333333333 0.36921296296296297 0.0109375 0.014351851851851852
2.0 0.7138020833333333 0.425462962962963 0.005729166666666666 0.01574074074074074
4.0 0.5944010416666666 0.36550925925925926 0.012239583333333333 0.013425925925925926
5.0 0.5563802083333333 0.48935185185185187 0.02578125 0.05648148148148148
4.0 0.5838541666666667 0.7611111111111111 0.06041666666666667 0.1361111111111111
