4.0 0.9248697916666667 0.39560185185185187 0.023177083333333334 0.020833333333333332
4.0 0.6013020833333333 0.3701388888888889 0.0125 0.013425925925925926
4.0 0.608984375 0.37199074074074073 0.010677083333333334 0.014351851851851852
4.0 0.5682291666666667 0.31203703703703706 0.021875 0.013888888888888888
5.0 0.8123697916666667 0.6011574074074074 0.061197916666666664 0.08472222222222223
5.0 0.691796875 0.4550925925925926 0.02578125 0.03796296296296296
6.0 0.3385416666666667 0.30300925925925926 0.0703125 0.034722222222222224
4.0 0.41354166666666664 0.30925925925925923 0.022916666666666665 0.016666666666666666
4.0 0.189453125 0.31342592592592594 0.02421875 0.019444444444444445
5.0 0.616015625 0.36365740740740743 0.01640625 0.018055555555555554
2.0 0.712890625 0.42939814814814814 0.005989583333333334 0.016203703703703703
4.0 0.23098958333333333 0.3074074074074074 0.0171875 0.011111111111111112
4.0 0.09049479166666667 0.30949074074074073 0.012239583333333333 0.011574074074074073
4.0 0.9272135416666667 0.33078703703703705 0.01796875 0.020833333333333332
4.0 0.5936197916666667 0.36689814814814814 0.012239583333333333 0.013425925925925926
5.0 0.577734375 0.7078703703703704 0.053385416666666664 0.14074074074074075
4.0 0.594921875 0.905787037037037 0.07890625 0.1875
