4.0 0.9787760416666667 0.40069444444444446 0.023177083333333334 0.020833333333333332
4.0 0.6001302083333333 0.37199074074074073 0.012760416666666666 0.013425925925925926
4.0 0.608203125 0.3738425925925926 0.011197916666666667 0.014351851851851852
4.0 0.26015625 0.3090277777777778 0.021875 0.014351851851851852
5.0 0.7165364583333333 0.48310185185185184 0.032552083333333336 0.047685185185185185
5.0 0.6516927083333334 0.4201388888888889 0.01796875 0.029166666666666667
6.0 0.5436197916666666 0.30300925925925926 0.07057291666666667 0.03194444444444444
4.0 0.7087239583333333 0.3173611111111111 0.021614583333333333 0.014351851851851852
4.0 0.39596354166666664 0.3085648148148148 0.02109375 0.013425925925925926
5.0 0.5455729166666666 0.3608796296296296 0.015625 0.015277777777777777
2.0 0.7131510416666667 0.43148148148148147 0.006510416666666667 0.016666666666666666
1.0 0.498828125 0.38680555555555557 0.004427083333333333 0.01990740740740741
5.0 0.02265625 0.31527777777777777 0.021875 0.016666666666666666
4.0 0.712109375 0.3194444444444444 0.015885416666666666 0.016666666666666666
4.0 0.5930989583333334 0.3701388888888889 0.011197916666666667 0.016203703703703703
5.0 0.5778645833333333 0.7111111111111111 0.053125 0.14166666666666666
4.0 0.5954427083333333 0.9081018518518519 0.07890625 0.18194444444444444
4.0 0.8153645833333333 0.37592592592592594 0.0171875 0.016666666666666666
