7.0 0.5040364583333333 0.4326388888888889 0.012760416666666666 0.020833333333333332
4.0 0.593359375 0.37199074074074073 0.012760416666666666 0.014351851851851852
4.0 0.601953125 0.3752314814814815 0.01328125 0.01712962962962963
6.0 0.290625 0.31712962962962965 0.03177083333333333 0.020370370370370372
4.0 0.195703125 0.31805555555555554 0.023697916666666666 0.017592592592592594
2.0 0.5044270833333333 0.4287037037037037 0.005729166666666666 0.014814814814814815
1.0 0.4979166666666667 0.4310185185185185 0.005208333333333333 0.022222222222222223
4.0 0.5876302083333333 0.36875 0.012760416666666666 0.015277777777777777
4.0 0.7100260416666667 0.38819444444444445 0.018489583333333334 0.016203703703703703
4.0 0.4864583333333333 0.6863425925925926 0.042708333333333334 0.09027777777777778
5.0 0.6270833333333333 0.40162037037037035 0.009895833333333333 0.02638888888888889
4.0 0.5365885416666667 0.4233796296296296 0.013802083333333333 0.02638888888888889
4.0 0.9247395833333333 0.3280092592592593 0.022395833333333334 0.01898148148148148
4.0 0.6641927083333333 0.3175925925925926 0.023177083333333334 0.020370370370370372
4.0 0.010416666666666666 0.32939814814814816 0.020833333333333332 0.02175925925925926
