4.0 0.9373697916666667 0.3974537037037037 0.023177083333333334 0.020833333333333332
4.0 0.6010416666666667 0.3701388888888889 0.0125 0.013425925925925926
4.0 0.608984375 0.37245370370370373 0.010677083333333334 0.014351851851851852
4.0 0.49140625 0.3111111111111111 0.021875 0.013888888888888888
5.0 0.7815104166666667 0.5574074074074075 0.050520833333333334 0.06944444444444445
5.0 0.680859375 0.4439814814814815 0.023177083333333334 0.03518518518518519
6.0 0.38958333333333334 0.30300925925925926 0.0703125 0.034722222222222224
4.0 0.4845052083333333 0.30972222222222223 0.022135416666666668 0.016666666666666666
4.0 0.24049479166666668 0.3125 0.02421875 0.019444444444444445
5.0 0.5959635416666667 0.36365740740740743 0.01640625 0.018055555555555554
2.0 0.712890625 0.42939814814814814 0.005989583333333334 0.016203703703703703
4.0 0.16184895833333332 0.3104166666666667 0.017447916666666667 0.010648148148148148
4.0 0.033854166666666664 0.31180555555555556 0.011458333333333333 0.011574074074074073
4.0 0.8743489583333334 0.3280092592592593 0.01796875 0.020833333333333332
4.0 0.5938802083333333 0.3664351851851852 0.012239583333333333 0.013425925925925926
5.0 0.5798177083333333 0.7087962962962963 0.054427083333333334 0.1425925925925926
4.0 0.599609375 0.9060185185185186 0.07890625 0.18703703703703703
