7.0 0.503515625 0.43449074074074073 0.012760416666666666 0.020833333333333332
4.0 0.593359375 0.37199074074074073 0.012760416666666666 0.014351851851851852
4.0 0.601953125 0.3752314814814815 0.01328125 0.01712962962962963
4.0 0.22161458333333334 0.32430555555555557 0.020833333333333332 0.01898148148148148
6.0 0.7200520833333334 0.32175925925925924 0.03177083333333333 0.020370370370370372
4.0 0.8358072916666667 0.32731481481481484 0.022135416666666668 0.017592592592592594
1.0 0.48828125 0.4324074074074074 0.00625 0.021296296296296296
1.0 0.4661458333333333 0.43194444444444446 0.00625 0.025
4.0 0.5876302083333333 0.36875 0.012760416666666666 0.015277777777777777
4.0 0.7100260416666667 0.38819444444444445 0.018489583333333334 0.016203703703703703
5.0 0.7001302083333333 0.3905092592592593 0.016927083333333332 0.01990740740740741
4.0 0.5473958333333333 0.5152777777777777 0.022395833333333334 0.046296296296296294
4.0 0.38450520833333335 0.32060185185185186 0.023697916666666666 0.02175925925925926
