4.0 0.16809895833333333 0.30995370370370373 0.01640625 0.0125
4.0 0.6592447916666667 0.42060185185185184 0.01953125 0.02546296296296296
4.0 0.48528645833333334 0.30671296296296297 0.02109375 0.020833333333333332
4.0 0.22630208333333332 0.30949074074074073 0.021875 0.018055555555555554
4.0 0.601953125 0.3680555555555556 0.012760416666666666 0.013888888888888888
4.0 0.6104166666666667 0.36944444444444446 0.0109375 0.014814814814814815
2.0 0.7143229166666667 0.4252314814814815 0.005729166666666666 0.015277777777777777
4.0 0.5946614583333333 0.36550925925925926 0.012239583333333333 0.013425925925925926
5.0 0.5565104166666667 0.4648148148148148 0.022916666666666665 0.04814814814814815
4.0 0.5786458333333333 0.6893518518518519 0.0515625 0.10555555555555556
