7.0 0.5173177083333333 0.41875 0.01015625 0.015277777777777777
4.0 0.5946614583333333 0.37175925925925923 0.012760416666666666 0.013888888888888888
4.0 0.6029947916666667 0.37430555555555556 0.012760416666666666 0.016203703703703703
2.0 0.5184895833333333 0.412962962962963 0.004166666666666667 0.014814814814814815
2.0 0.5145833333333333 0.41203703703703703 0.0036458333333333334 0.014814814814814815
4.0 0.5884114583333333 0.36875 0.012239583333333333 0.015277777777777777
4.0 0.626171875 0.3993055555555556 0.012760416666666666 0.01990740740740741
5.0 0.577734375 0.7872685185185185 0.062239583333333334 0.17453703703703705
4.0 0.5395833333333333 0.44884259259259257 0.016666666666666666 0.027314814814814816
5.0 0.7106770833333333 0.48310185185185184 0.0265625 0.04027777777777778
4.0 0.553515625 0.38125 0.011197916666666667 0.01898148148148148
4.0 0.4700520833333333 0.3148148148148148 0.023958333333333335 0.020370370370370372
4.0 0.05859375 0.3247685185185185 0.023958333333333335 0.024537037037037038
4.0 0.028125 0.32523148148148145 0.025520833333333333 0.024537037037037038
