4.0 0.6514322916666667 0.5159722222222223 0.02734375 0.0375
4.0 0.6401041666666667 0.42476851851851855 0.015625 0.02638888888888889
7.0 0.5045572916666666 0.44050925925925927 0.013802083333333333 0.02175925925925926
4.0 0.5932291666666667 0.37430555555555556 0.011979166666666667 0.016203703703703703
4.0 0.6024739583333333 0.37777777777777777 0.01328125 0.016666666666666666
4.0 0.5861979166666667 0.3226851851851852 0.020833333333333332 0.017592592592592594
4.0 0.7065104166666667 0.32430555555555557 0.022395833333333334 0.01898148148148148
4.0 0.7983072916666667 0.3277777777777778 0.018489583333333334 0.017592592592592594
4.0 0.517578125 0.3678240740740741 0.010677083333333334 0.013425925925925926
4.0 0.07057291666666667 0.33194444444444443 0.028645833333333332 0.023148148148148147
4.0 0.666796875 0.45532407407407405 0.023177083333333334 0.03009259259259259
1.0 0.453515625 0.44074074074074077 0.007552083333333333 0.023148148148148147
1.0 0.4576822916666667 0.4423611111111111 0.007552083333333333 0.022685185185185187
4.0 0.5869791666666667 0.3712962962962963 0.0125 0.016666666666666666
