4.0 0.8243489583333333 0.38819444444444445 0.023177083333333334 0.020833333333333332
4.0 0.7315104166666667 0.31574074074074077 0.025 0.016666666666666666
4.0 0.6013020833333333 0.3701388888888889 0.0125 0.013425925925925926
4.0 0.609765625 0.3715277777777778 0.010677083333333334 0.013425925925925926
5.0 0.818359375 0.5796296296296296 0.054947916666666666 0.07222222222222222
6.0 0.057291666666666664 0.30486111111111114 0.06927083333333334 0.034722222222222224
4.0 0.039322916666666666 0.31574074074074077 0.019270833333333334 0.016666666666666666
5.0 0.8071614583333333 0.3710648148148148 0.014322916666666666 0.01712962962962963
2.0 0.7134114583333333 0.4289351851851852 0.005989583333333334 0.016203703703703703
4.0 0.625390625 0.3113425925925926 0.014322916666666666 0.0125
4.0 0.415234375 0.3076388888888889 0.012239583333333333 0.011574074074074073
4.0 0.5938802083333333 0.36736111111111114 0.012239583333333333 0.013425925925925926
5.0 0.5805989583333333 0.705324074074074 0.053385416666666664 0.14027777777777778
4.0 0.6001302083333333 0.9050925925925926 0.07890625 0.18796296296296297
