4.0 0.5977864583333333 0.37199074074074073 0.012760416666666666 0.013425925925925926
4.0 0.606640625 0.3733796296296296 0.011197916666666667 0.014351851851851852
5.0 0.780859375 0.3872685185185185 0.023177083333333334 0.022685185185185187
5.0 0.858984375 0.38078703703703703 0.022135416666666668 0.02175925925925926
2.0 0.7102864583333334 0.4321759259259259 0.006510416666666667 0.01712962962962963
1.0 0.4920572916666667 0.3891203703703704 0.004427083333333333 0.018055555555555554
4.0 0.4703125 0.3125 0.021875 0.016666666666666666
4.0 0.382421875 0.3122685185185185 0.020572916666666666 0.015277777777777777
4.0 0.30559895833333334 0.3148148148148148 0.02109375 0.016666666666666666
4.0 0.19947916666666668 0.3141203703703704 0.021354166666666667 0.014351851851851852
7.0 0.5265625 0.3650462962962963 0.005729166666666666 0.009722222222222222
2.0 0.5338541666666666 0.37175925925925923 0.0036458333333333334 0.01574074074074074
1.0 0.5264322916666667 0.3715277777777778 0.00390625 0.016203703703703703
4.0 0.5907552083333333 0.3696759259259259 0.011197916666666667 0.016203703703703703
5.0 0.5778645833333333 0.7256944444444444 0.053125 0.14583333333333334
4.0 0.5954427083333333 0.9131944444444444 0.07890625 0.17175925925925925
4.0 0.558203125 0.36875 0.01015625 0.013425925925925926
