4.0 0.19388020833333333 0.30995370370370373 0.01640625 0.0125
4.0 0.6638020833333333 0.42685185185185187 0.019791666666666666 0.026851851851851852
4.0 0.4415364583333333 0.3085648148148148 0.02109375 0.020833333333333332
4.0 0.19869791666666667 0.3104166666666667 0.022916666666666665 0.018055555555555554
4.0 0.6015625 0.3680555555555556 0.0125 0.013888888888888888
4.0 0.61015625 0.3699074074074074 0.0109375 0.014814814814814815
2.0 0.7143229166666667 0.4252314814814815 0.005729166666666666 0.015277777777777777
4.0 0.017057291666666665 0.3164351851851852 0.014322916666666666 0.014351851851851852
4.0 0.5946614583333333 0.36550925925925926 0.012239583333333333 0.013425925925925926
5.0 0.5555989583333333 0.45949074074074076 0.022135416666666668 0.04675925925925926
4.0 0.5759114583333333 0.66875 0.04869791666666667 0.09768518518518518
