7.0 0.5037760416666667 0.43310185185185185 0.012760416666666666 0.020833333333333332
4.0 0.593359375 0.37199074074074073 0.012760416666666666 0.014351851851851852
4.0 0.601953125 0.3752314814814815 0.01328125 0.01712962962962963
4.0 0.032421875 0.32685185185185184 0.024739583333333332 0.028703703703703703
6.0 0.43046875 0.3175925925925926 0.03177083333333333 0.020370370370370372
4.0 0.40130208333333334 0.3175925925925926 0.022395833333333334 0.017592592592592594
1.0 0.5063802083333333 0.43333333333333335 0.005989583333333334 0.021296296296296296
1.0 0.49309895833333334 0.4305555555555556 0.005989583333333334 0.025
4.0 0.5876302083333333 0.36875 0.012760416666666666 0.015277777777777777
4.0 0.7100260416666667 0.38819444444444445 0.018489583333333334 0.016203703703703703
4.0 0.476171875 0.8819444444444444 0.062239583333333334 0.1685185185185185
5.0 0.6356770833333333 0.3951388888888889 0.016145833333333335 0.022685185185185187
4.0 0.5388020833333333 0.4377314814814815 0.014583333333333334 0.027314814814814816
4.0 0.8295572916666667 0.32407407407407407 0.023177083333333334 0.020370370370370372
4.0 0.12942708333333333 0.3261574074074074 0.023958333333333335 0.02175925925925926
