7.0 0.503515625 0.4335648148148148 0.012760416666666666 0.020833333333333332
4.0 0.593359375 0.37199074074074073 0.012760416666666666 0.014351851851851852
4.0 0.601953125 0.3752314814814815 0.01328125 0.01712962962962963
4.0 0.11471354166666667 0.32314814814814813 0.024739583333333332 0.023148148148148147
6.0 0.5591145833333333 0.31851851851851853 0.03177083333333333 0.020370370370370372
4.0 0.5942708333333333 0.3175925925925926 0.022395833333333334 0.017592592592592594
1.0 0.50078125 0.43425925925925923 0.00625 0.021296296296296296
1.0 0.4825520833333333 0.4300925925925926 0.00625 0.025
4.0 0.5876302083333333 0.36875 0.012760416666666666 0.015277777777777777
4.0 0.7100260416666667 0.38819444444444445 0.018489583333333334 0.016203703703703703
5.0 0.6615885416666667 0.39189814814814816 0.016927083333333332 0.01990740740740741
4.0 0.5403645833333334 0.44837962962962963 0.016666666666666666 0.031018518518518518
4.0 0.9774739583333333 0.33101851851851855 0.023177083333333334 0.020370370370370372
4.0 0.24270833333333333 0.3229166666666667 0.023958333333333335 0.02175925925925926
