7.0 0.504296875 0.43171296296296297 0.012760416666666666 0.020833333333333332
4.0 0.593359375 0.37199074074074073 0.012760416666666666 0.014351851851851852
4.0 0.601953125 0.3752314814814815 0.01328125 0.01712962962962963
6.0 0.07760416666666667 0.32314814814814813 0.029166666666666667 0.02962962962962963
2.0 0.5048177083333333 0.42615740740740743 0.00546875 0.014351851851851852
2.0 0.5014322916666667 0.42476851851851855 0.004427083333333333 0.014351851851851852
4.0 0.5876302083333333 0.36875 0.012760416666666666 0.015277777777777777
4.0 0.7076822916666666 0.38819444444444445 0.018489583333333334 0.016203703703703703
4.0 0.5166666666666667 0.5472222222222223 0.0328125 0.05092592592592592
5.0 0.6440104166666667 0.41944444444444445 0.016666666666666666 0.030555555555555555
4.0 0.5377604166666666 0.40185185185185185 0.013020833333333334 0.020370370370370372
4.0 0.9580729166666667 0.32685185185185184 0.021875 0.017592592592592594
4.0 0.5739583333333333 0.31550925925925927 0.022395833333333334 0.01898148148148148
4.0 0.4063802083333333 0.3148148148148148 0.023177083333333334 0.020370370370370372
