4.0 0.11549479166666667 0.31157407407407406 0.016927083333333332 0.012037037037037037
4.0 0.6505208333333333 0.4131944444444444 0.01875 0.022685185185185187
4.0 0.5704427083333333 0.3104166666666667 0.02109375 0.020833333333333332
4.0 0.27708333333333335 0.30810185185185185 0.021875 0.018055555555555554
4.0 0.6020833333333333 0.3675925925925926 0.0125 0.013888888888888888
4.0 0.61015625 0.36921296296296297 0.0109375 0.014351851851851852
2.0 0.7143229166666667 0.425462962962963 0.005729166666666666 0.01574074074074074
4.0 0.5946614583333333 0.36550925925925926 0.012239583333333333 0.013425925925925926
5.0 0.5571614583333333 0.4775462962962963 0.024739583333333332 0.052314814814814814
4.0 0.5817708333333333 0.7303240740740741 0.05677083333333333 0.12175925925925926
