4.0 0.7453125 0.6782407407407407 0.058854166666666666 0.07037037037037037
4.0 0.6662760416666667 0.45185185185185184 0.022135416666666668 0.02962962962962963
7.0 0.5037760416666667 0.4393518518518518 0.01328125 0.021296296296296296
4.0 0.5932291666666667 0.3726851851851852 0.0125 0.014814814814814815
4.0 0.601953125 0.37592592592592594 0.01328125 0.016666666666666666
4.0 0.3611979166666667 0.3189814814814815 0.020833333333333332 0.017592592592592594
4.0 0.42942708333333335 0.31828703703703703 0.022395833333333334 0.01898148148148148
4.0 0.618359375 0.32175925925925924 0.018489583333333334 0.017592592592592594
4.0 0.5376302083333333 0.3680555555555556 0.016927083333333332 0.016666666666666666
4.0 0.757421875 0.5548611111111111 0.04244791666666667 0.05138888888888889
1.0 0.45390625 0.43657407407407406 0.007291666666666667 0.023148148148148147
1.0 0.46067708333333335 0.4340277777777778 0.007291666666666667 0.022685185185185187
4.0 0.5873697916666667 0.36944444444444446 0.012760416666666666 0.01574074074074074
4.0 0.7100260416666667 0.38819444444444445 0.018489583333333334 0.016203703703703703
5.0 0.7108072916666667 0.3886574074074074 0.016927083333333332 0.01990740740740741
4.0 0.8923177083333333 0.33217592592592593 0.020052083333333335 0.016203703703703703
