4.0 0.5977864583333333 0.37199074074074073 0.012760416666666666 0.013425925925925926
4.0 0.6063802083333333 0.3733796296296296 0.011197916666666667 0.014351851851851852
5.0 0.831640625 0.38773148148148145 0.023177083333333334 0.022685185185185187
5.0 0.9178385416666667 0.3835648148148148 0.021614583333333333 0.02175925925925926
2.0 0.7100260416666667 0.4321759259259259 0.006510416666666667 0.01712962962962963
1.0 0.4915364583333333 0.38958333333333334 0.004427083333333333 0.018055555555555554
4.0 0.6106770833333334 0.3138888888888889 0.021875 0.016666666666666666
4.0 0.5200520833333333 0.3122685185185185 0.019791666666666666 0.015277777777777777
4.0 0.43059895833333334 0.3143518518518518 0.02109375 0.016666666666666666
4.0 0.3109375 0.3122685185185185 0.021875 0.015277777777777777
7.0 0.53203125 0.3662037037037037 0.0067708333333333336 0.012037037037037037
2.0 0.5333333333333333 0.37175925925925923 0.0036458333333333334 0.01574074074074074
1.0 0.5264322916666667 0.3715277777777778 0.00390625 0.016203703703703703
4.0 0.5907552083333333 0.3696759259259259 0.011197916666666667 0.016203703703703703
5.0 0.5783854166666667 0.7266203703703704 0.053125 0.14583333333333334
4.0 0.5959635416666667 0.913425925925926 0.07890625 0.1712962962962963
4.0 0.5587239583333333 0.3710648148148148 0.01015625 0.013425925925925926
4.0 0.7251302083333333 0.36736111111111114 0.01796875 0.018055555555555554
