4.0 0.6001302083333333 0.37569444444444444 0.012760416666666666 0.013425925925925926
4.0 0.6079427083333333 0.37569444444444444 0.011197916666666667 0.014351851851851852
5.0 0.6608072916666666 0.4275462962962963 0.02109375 0.03194444444444444
5.0 0.633203125 0.39675925925925926 0.01328125 0.022222222222222223
6.0 0.79609375 0.3141203703703704 0.07395833333333333 0.03194444444444444
4.0 0.6680989583333333 0.31689814814814815 0.02109375 0.013425925925925926
5.0 0.515234375 0.35625 0.008072916666666667 0.015277777777777777
2.0 0.7118489583333333 0.4321759259259259 0.006510416666666667 0.01712962962962963
1.0 0.49830729166666665 0.38680555555555557 0.004427083333333333 0.01990740740740741
5.0 0.30377604166666666 0.3106481481481482 0.02109375 0.019444444444444445
4.0 0.19453125 0.3136574074074074 0.019270833333333334 0.018055555555555554
4.0 0.457421875 0.3104166666666667 0.012760416666666666 0.009722222222222222
4.0 0.5930989583333334 0.3710648148148148 0.011197916666666667 0.016203703703703703
5.0 0.5764322916666667 0.7118055555555556 0.05234375 0.1412037037037037
4.0 0.5930989583333334 0.906712962962963 0.07890625 0.18194444444444444
4.0 0.6805989583333333 0.3729166666666667 0.017447916666666667 0.01712962962962963
