7.0 0.5102864583333333 0.42476851851851855 0.01015625 0.015277777777777777
4.0 0.5938802083333333 0.37175925925925923 0.012760416666666666 0.013888888888888888
4.0 0.6024739583333333 0.37453703703703706 0.012760416666666666 0.016666666666666666
2.0 0.5115885416666667 0.41967592592592595 0.00546875 0.014351851851851852
2.0 0.5084635416666666 0.41967592592592595 0.004427083333333333 0.014351851851851852
4.0 0.5880208333333333 0.36875 0.0125 0.015277777777777777
4.0 0.6415364583333333 0.39143518518518516 0.018489583333333334 0.016203703703703703
5.0 0.5901041666666667 0.9203703703703704 0.08177083333333333 0.15648148148148147
4.0 0.5399739583333333 0.47662037037037036 0.020572916666666666 0.034722222222222224
5.0 0.680078125 0.45046296296296295 0.020572916666666666 0.03796296296296296
4.0 0.5479166666666667 0.38680555555555557 0.011458333333333333 0.01898148148148148
4.0 0.6572916666666667 0.31666666666666665 0.023958333333333335 0.020370370370370372
4.0 0.24973958333333332 0.31828703703703703 0.023958333333333335 0.024537037037037038
4.0 0.16848958333333333 0.31828703703703703 0.025520833333333333 0.02175925925925926
