4.0 0.6001302083333333 0.37569444444444444 0.012760416666666666 0.013425925925925926
4.0 0.6079427083333333 0.37569444444444444 0.011197916666666667 0.014351851851851852
5.0 0.6567708333333333 0.42430555555555555 0.0203125 0.031018518518518518
5.0 0.6337239583333333 0.3951388888888889 0.013802083333333333 0.02175925925925926
6.0 0.8208333333333333 0.31550925925925927 0.075 0.03194444444444444
4.0 0.6962239583333333 0.31828703703703703 0.02109375 0.013425925925925926
5.0 0.5141927083333333 0.355787037037037 0.008072916666666667 0.015277777777777777
2.0 0.7118489583333333 0.4321759259259259 0.006510416666666667 0.01712962962962963
1.0 0.49830729166666665 0.38680555555555557 0.004427083333333333 0.01990740740740741
5.0 0.33111979166666666 0.3106481481481482 0.020572916666666666 0.019444444444444445
4.0 0.23372395833333334 0.3127314814814815 0.020052083333333335 0.018055555555555554
4.0 0.433203125 0.3104166666666667 0.012760416666666666 0.009722222222222222
4.0 0.5930989583333334 0.3710648148148148 0.011197916666666667 0.016203703703703703
5.0 0.576171875 0.7111111111111111 0.05286458333333333 0.14166666666666666
4.0 0.592578125 0.906712962962963 0.07890625 0.18194444444444444
4.0 0.6701822916666667 0.37245370370370373 0.017447916666666667 0.01712962962962963
