4.0 0.6694010416666667 0.38680555555555557 0.023177083333333334 0.01990740740740741
4.0 0.7606770833333333 0.3145833333333333 0.021875 0.018055555555555554
4.0 0.13841145833333332 0.3125 0.02578125 0.017592592592592594
4.0 0.60078125 0.36736111111111114 0.0125 0.013425925925925926
4.0 0.6088541666666667 0.3699074074074074 0.0109375 0.013888888888888888
2.0 0.7125 0.42615740740740743 0.005729166666666666 0.016203703703703703
4.0 0.923046875 0.32337962962962963 0.012239583333333333 0.011574074074074073
4.0 0.5936197916666667 0.3645833333333333 0.012239583333333333 0.013425925925925926
5.0 0.5740885416666667 0.6800925925925926 0.05078125 0.13333333333333333
4.0 0.59453125 0.9041666666666667 0.07864583333333333 0.19074074074074074
