4.0 0.690234375 0.38773148148148145 0.023177083333333334 0.01990740740740741
4.0 0.8096354166666667 0.3164351851851852 0.021875 0.018055555555555554
4.0 0.192578125 0.3111111111111111 0.02578125 0.016666666666666666
4.0 0.60078125 0.3678240740740741 0.0125 0.013425925925925926
4.0 0.6087239583333334 0.3699074074074074 0.010677083333333334 0.013888888888888888
2.0 0.7125 0.42615740740740743 0.005729166666666666 0.016203703703703703
4.0 0.8735677083333333 0.32013888888888886 0.012239583333333333 0.011574074074074073
4.0 0.5936197916666667 0.3650462962962963 0.012239583333333333 0.013425925925925926
5.0 0.576171875 0.6923611111111111 0.05234375 0.13657407407407407
4.0 0.5944010416666666 0.9020833333333333 0.07890625 0.1912037037037037
