4.0 0.04453125 0.31342592592592594 0.018229166666666668 0.012037037037037037
4.0 0.6407552083333333 0.40532407407407406 0.016927083333333332 0.02175925925925926
4.0 0.690234375 0.3136574074074074 0.02109375 0.020833333333333332
4.0 0.34921875 0.30810185185185185 0.021875 0.018055555555555554
4.0 0.6018229166666667 0.36736111111111114 0.0125 0.013425925925925926
4.0 0.609765625 0.36921296296296297 0.010677083333333334 0.014351851851851852
2.0 0.7135416666666666 0.42569444444444443 0.005729166666666666 0.016203703703703703
4.0 0.5944010416666666 0.36550925925925926 0.012239583333333333 0.013425925925925926
5.0 0.556640625 0.4997685185185185 0.02734375 0.060648148148148145
4.0 0.586328125 0.7865740740740741 0.06380208333333333 0.14907407407407408
