4.0 0.7774739583333333 0.58125 0.04765625 0.05324074074074074
7.0 0.503515625 0.4363425925925926 0.012760416666666666 0.020833333333333332
4.0 0.593359375 0.37199074074074073 0.012760416666666666 0.014351851851851852
4.0 0.601953125 0.3752314814814815 0.01328125 0.01712962962962963
4.0 0.06458333333333334 0.3298611111111111 0.0234375 0.03009259259259259
4.0 0.05169270833333333 0.33078703703703705 0.02109375 0.02638888888888889
4.0 0.37005208333333334 0.3173611111111111 0.020833333333333332 0.01898148148148148
6.0 0.9346354166666667 0.3314814814814815 0.030729166666666665 0.020370370370370372
1.0 0.467578125 0.4354166666666667 0.005989583333333334 0.02175925925925926
1.0 0.45703125 0.4337962962962963 0.00625 0.025
4.0 0.5876302083333333 0.36875 0.012760416666666666 0.015277777777777777
4.0 0.7100260416666667 0.38819444444444445 0.018489583333333334 0.016203703703703703
5.0 0.7108072916666667 0.3886574074074074 0.016927083333333332 0.01990740740740741
4.0 0.5584635416666667 0.6592592592592592 0.037760416666666664 0.08148148148148149
4.0 0.5790364583333333 0.3215277777777778 0.023177083333333334 0.016203703703703703
