4.0 0.7462239583333333 0.387037037037037 0.023177083333333334 0.020370370370370372
4.0 0.9799479166666667 0.32708333333333334 0.021875 0.018055555555555554
4.0 0.37981770833333334 0.30810185185185185 0.02578125 0.014351851851851852
4.0 0.6013020833333333 0.3678240740740741 0.0125 0.013425925925925926
4.0 0.609375 0.37037037037037035 0.010416666666666666 0.013888888888888888
5.0 0.9765625 0.3733796296296296 0.008854166666666666 0.01712962962962963
2.0 0.7135416666666666 0.4275462962962963 0.005729166666666666 0.016203703703703703
4.0 0.9678385416666667 0.3266203703703704 0.014322916666666666 0.0125
4.0 0.705859375 0.3127314814814815 0.012239583333333333 0.011574074074074073
4.0 0.594140625 0.36550925925925926 0.012239583333333333 0.013425925925925926
5.0 0.580078125 0.7034722222222223 0.054427083333333334 0.14027777777777778
4.0 0.600390625 0.9037037037037037 0.07890625 0.19166666666666668
