4.0 0.8256510416666667 0.38819444444444445 0.023177083333333334 0.020833333333333332
4.0 0.7403645833333333 0.3162037037037037 0.025 0.016666666666666666
4.0 0.6013020833333333 0.3701388888888889 0.0125 0.013425925925925926
4.0 0.6095052083333333 0.3712962962962963 0.010677083333333334 0.013888888888888888
5.0 0.8141927083333333 0.5747685185185185 0.05390625 0.07083333333333333
6.0 0.06263020833333334 0.30439814814814814 0.06953125 0.034722222222222224
4.0 0.04700520833333333 0.31527777777777777 0.020572916666666666 0.016666666666666666
5.0 0.8024739583333333 0.37060185185185185 0.014322916666666666 0.01712962962962963
2.0 0.7134114583333333 0.4289351851851852 0.005989583333333334 0.016203703703703703
4.0 0.6173177083333333 0.3108796296296296 0.014322916666666666 0.0125
4.0 0.40846354166666665 0.3071759259259259 0.012239583333333333 0.011574074074074073
4.0 0.5938802083333333 0.36736111111111114 0.012239583333333333 0.013425925925925926
5.0 0.5805989583333333 0.705324074074074 0.053385416666666664 0.14027777777777778
4.0 0.6001302083333333 0.9050925925925926 0.07890625 0.18796296296296297
