4.0 0.8188802083333333 0.6296296296296297 0.06067708333333333 0.06574074074074074
7.0 0.503515625 0.43495370370370373 0.012760416666666666 0.020833333333333332
4.0 0.593359375 0.37199074074074073 0.012760416666666666 0.014351851851851852
4.0 0.601953125 0.3752314814814815 0.01328125 0.01712962962962963
4.0 0.009244791666666667 0.3337962962962963 0.01796875 0.03333333333333333
4.0 0.3234375 0.31689814814814815 0.020833333333333332 0.01898148148148148
6.0 0.8708333333333333 0.3263888888888889 0.03177083333333333 0.020370370370370372
1.0 0.47369791666666666 0.4351851851851852 0.00625 0.021296296296296296
1.0 0.4583333333333333 0.43194444444444446 0.00625 0.025
4.0 0.5876302083333333 0.36875 0.012760416666666666 0.015277777777777777
4.0 0.7100260416666667 0.38819444444444445 0.018489583333333334 0.016203703703703703
5.0 0.7108072916666667 0.3886574074074074 0.016927083333333332 0.01990740740740741
4.0 0.5529947916666667 0.5979166666666667 0.030989583333333334 0.06712962962962964
4.0 0.5186197916666667 0.3194444444444444 0.023177083333333334 0.016666666666666666
