4.0 0.06393229166666667 0.3136574074074074 0.01640625 0.0125
4.0 0.982421875 0.4011574074074074 0.023177083333333334 0.020833333333333332
4.0 0.6024739583333333 0.3122685185185185 0.02109375 0.020833333333333332
4.0 0.29583333333333334 0.30810185185185185 0.021875 0.018055555555555554
4.0 0.6001302083333333 0.37199074074074073 0.012760416666666666 0.013425925925925926
4.0 0.608203125 0.3738425925925926 0.011197916666666667 0.014351851851851852
4.0 0.24192708333333332 0.30949074074074073 0.021875 0.015277777777777777
5.0 0.712109375 0.4787037037037037 0.031510416666666666 0.046296296296296294
5.0 0.65 0.4185185185185185 0.017708333333333333 0.028703703703703703
6.0 0.555078125 0.3034722222222222 0.07057291666666667 0.03194444444444444
4.0 0.725390625 0.3178240740740741 0.021614583333333333 0.014351851851851852
4.0 0.40794270833333335 0.3090277777777778 0.02109375 0.013425925925925926
5.0 0.5424479166666667 0.36041666666666666 0.015625 0.015277777777777777
2.0 0.7130208333333333 0.43171296296296297 0.00625 0.01712962962962963
1.0 0.498828125 0.38680555555555557 0.004427083333333333 0.01990740740740741
5.0 0.035416666666666666 0.3145833333333333 0.021875 0.01712962962962963
4.0 0.7 0.3189814814814815 0.015625 0.01574074074074074
4.0 0.5930989583333334 0.3701388888888889 0.011197916666666667 0.016203703703703703
5.0 0.57734375 0.7111111111111111 0.053125 0.14166666666666666
4.0 0.5946614583333333 0.9081018518518519 0.07890625 0.18194444444444444
4.0 0.8083333333333333 0.37592592592592594 0.0171875 0.016666666666666666
