0 0.49 0.3 0.24 0.04
0 0.63 0.38 0.09 0.06
0 0.71 0.45 0.04 0.05
0 0.27 0.36 0.05 0.05
0 0.29 0.46 0.02 0.05
4 0.26 0.68 0.05 0.06
5 0.33 0.67 0.05 0.08
4 0.4 0.67 0.05 0.06
4 0.56 0.69 0.05 0.07
4 0.64 0.72 0.06 0.07
9 0.69 0.64 0.12 0.15
4 0.6 0.62 0.04 0.04
4 0.49 0.59 0.03 0.04
4 0.54 0.59 0.04 0.04
4 0.62 0.56 0.04 0.03
4 0.57 0.55 0.03 0.03
4 0.39 0.56 0.03 0.04
5 0.35 0.51 0.04 0.05
4 0.36 0.47 0.03 0.03
4 0.4 0.47 0.02 0.02
4 0.43 0.47 0.02 0.02
4 0.41 0.44 0.02 0.02
4 0.44 0.43 0.02 0.02
4 0.4 0.42 0.02 0.02
4 0.38 0.41 0.02 0.02
4 0.44 0.4 0.01 0.01
4 0.42 0.4 0.02 0.01
4 0.43 0.39 0.01 0.01
4 0.45 0.38 0.01 0.01
4 0.74 0.59 0.07 0.04
4 0.71 0.56 0.06 0.03
4 0.7 0.53 0.07 0.03
5 0.69 0.52 0.07 0.03
4 0.68 0.5 0.06 0.02
4 0.68 0.49 0.05 0.02
9 0.6 0.5 0.06 0.07
4 0.55 0.5 0.02 0.02
4 0.52 0.49 0.02 0.02
4 0.48 0.5 0.02 0.03
4 0.48 0.48 0.02 0.02
4 0.48 0.46 0.02 0.02
4 0.51 0.46 0.02 0.02
4 0.58 0.45 0.02 0.02
4 0.51 0.44 0.02 0.02
9 0.48 0.43 0.03 0.04
9 0.52 0.4 0.03 0.03
4 0.53 0.44 0.02 0.02
4 0.5 0.42 0.02 0.02
4 0.48 0.41 0.02 0.01
4 0.48 0.41 0.01 0.01
4 0.5 0.41 0.01 0.01
4 0.5 0.39 0.01 0.01
4 0.51 0.39 0.01 0.01
4 0.53 0.38 0.01 0.01
9 0.48 0.39 0.02 0.03
4 0.49 0.37 0.01 0.01
4 0.49 0.38 0.01 0.01
4 0.51 0.38 0.01 0.01
4 0.5 0.37 0.01 0.01
4 0.52 0.37 0.01 0.01
4 0.26 0.42 0.04 0.01
4 0.27 0.41 0.04 0.01
4 0.27 0.4 0.03 0.01
4 0.28 0.4 0.04 0.01
4 0.29 0.39 0.03 0.01
4 0.3 0.38 0.03 0.01
4 0.3 0.38 0.03 0.01
4 0.31 0.38 0.03 0.01
4 0.31 0.38 0.02 0.01
4 0.32 0.37 0.03 0.01
4 0.32 0.37 0.03 0.01
4 0.33 0.36 0.02 0.01
4 0.32 0.36 0.02 0.01
4 0.33 0.36 0.02 0.01
4 0.35 0.36 0.01 0.01
4 0.38 0.37 0.02 0.01
4 0.38 0.36 0.02 0.01
4 0.38 0.37 0.01 0.01
4 0.39 0.37 0.01 0.01
9 0.4 0.37 0.02 0.03
4 0.43 0.37 0.01 0.01
4 0.44 0.37 0.01 0.01
4 0.57 0.43 0.02 0.02
4 0.57 0.42 0.02 0.01
4 0.56 0.41 0.02 0.01
4 0.56 0.4 0.01 0.01
4 0.55 0.39 0.01 0.01
4 0.55 0.39 0.01 0.01
4 0.55 0.38 0.02 0.01
4 0.55 0.38 0.01 0.01
4 0.55 0.37 0.02 0.01
4 0.57 0.37 0.02 0.01
4 0.41 0.37 0.01 0.01
4 0.42 0.37 0.01 0.01
4 0.42 0.36 0.01 0.01
4 0.41 0.35 0.01 0.01
4 0.44 0.35 0.01 0.01
4 0.42 0.35 0.01 0.01
4 0.43 0.35 0.01 0.01
4 0.44 0.34 0.01 0.01
4 0.45 0.34 0.01 0.01
9 0.41 0.34 0.02 0.02
4 0.48 0.36 0.01 0.01
4 0.5 0.36 0.01 0.01
4 0.51 0.36 0.01 0.01
4 0.51 0.36 0.01 0.01
4 0.5 0.35 0.01 0.01
4 0.49 0.35 0.01 0.01
4 0.47 0.35 0.01 0.01
4 0.48 0.35 0.01 0.01
4 0.49 0.35 0.01 0.01
4 0.47 0.35 0.01 0.01
4 0.49 0.34 0.01 0.01
4 0.48 0.34 0.01 0.01
4 0.48 0.34 0.01 0.01
4 0.47 0.34 0.01 0.01
4 0.46 0.33 0.01 0.01
4 0.65 0.44 0.02 0.02
4 0.69 0.41 0.02 0.01
4 0.58 0.36 0.02 0.01
4 0.42 0.34 0.01 0.01
4 0.42 0.33 0.01 0.01
4 0.44 0.34 0.01 0.01
4 0.44 0.34 0.01 0.01
4 0.45 0.34 0.01 0.01
4 0.43 0.33 0.01 0.01
4 0.45 0.34 0.01 0.01
4 0.44 0.34 0.01 0.01
4 0.44 0.33 0.01 0.01
4 0.44 0.33 0.01 0.01
4 0.44 0.33 0.01 0.01
4 0.44 0.33 0.01 0.01
4 0.45 0.33 0.01 0.01
4 0.46 0.33 0.01 0.01
4 0.48 0.33 0.01 0.01
4 0.47 0.33 0.01 0.01
5 0.5 0.33 0.01 0.01
4 0.49 0.33 0.01 0.01
4 0.49 0.33 0.01 0.01
1 0.82 0.61 0.01 0.03
1 0.9 0.61 0.01 0.03
2 0.97 0.6 0.01 0.02
2 0.93 0.6 0.02 0.02
1 0.89 0.54 0.01 0.02
1 0.9 0.54 0.01 0.02
1 0.91 0.54 0.01 0.02
1 0.86 0.52 0.01 0.02
1 0.83 0.5 0.01 0.02
1 0.84 0.5 0.01 0.02
1 0.85 0.5 0.01 0.02
1 0.75 0.45 0.01 0.02
1 0.76 0.46 0.01 0.02
1 0.77 0.46 0.01 0.02
1 0.75 0.48 0.01 0.02
1 0.74 0.48 0.01 0.02
1 0.73 0.49 0.01 0.02
1 0.71 0.48 0.01 0.02
2 0.71 0.49 0.01 0.02
3 0.71 0.5 0.01 0.01
1 0.64 0.49 0.01 0.02
1 0.68 0.42 0.01 0.01
1 0.66 0.41 0.01 0.01
1 0.66 0.41 0.01 0.01
2 0.68 0.44 0.01 0.01
10 0.68 0.44 0.01 0.01
1 0.67 0.44 0.01 0.02
2 0.65 0.44 0.01 0.01
2 0.66 0.45 0.01 0.01
3 0.65 0.45 0.01 0.01
10 0.66 0.46 0.01 0.01
2 0.66 0.44 0.01 0.01
1 0.61 0.42 0.01 0.01
3 0.61 0.45 0.01 0.01
0 0.54 0.34 0.05 0.03
1 0.24 0.53 0.01 0.03
1 0.24 0.51 0.01 0.02
1 0.26 0.48 0.01 0.02
2 0.24 0.48 0.01 0.02
3 0.24 0.48 0.01 0.02
3 0.24 0.52 0.01 0.02
3 0.22 0.54 0.02 0.02
1 0.21 0.53 0.01 0.02
4 0.3 0.34 0.02 0.01
1 0.32 0.44 0.01 0.02
1 0.29 0.42 0.01 0.01
2 0.27 0.45 0.01 0.02
10 0.27 0.45 0.01 0.01
2 0.34 0.43 0.0 0.01
2 0.32 0.45 0.01 0.01
2 0.32 0.46 0.01 0.01
2 0.31 0.47 0.01 0.02
3 0.3 0.48 0.01 0.01
3 0.32 0.47 0.01 0.01
10 0.34 0.43 0.0 0.01
2 0.31 0.4 0.0 0.01
2 0.31 0.41 0.0 0.01
2 0.32 0.41 0.0 0.01
1 0.32 0.4 0.0 0.01
1 0.33 0.4 0.0 0.01
1 0.33 0.4 0.0 0.01
1 0.37 0.38 0.0 0.01
1 0.38 0.37 0.0 0.01
3 0.31 0.39 0.0 0.01
3 0.32 0.39 0.0 0.01
3 0.32 0.41 0.0 0.01
3 0.31 0.41 0.0 0.01
1 0.33 0.39 0.0 0.01
1 0.33 0.39 0.01 0.01
3 0.28 0.43 0.01 0.01
3 0.13 0.63 0.03 0.02
3 0.12 0.64 0.03 0.02
3 0.12 0.65 0.03 0.02
1 0.09 0.67 0.02 0.03
3 0.08 0.71 0.04 0.03
3 0.11 0.67 0.03 0.02
3 0.06 0.71 0.05 0.03
3 0.04 0.72 0.03 0.02
3 0.03 0.76 0.04 0.03
3 0.04 0.74 0.04 0.02
1 0.16 0.55 0.01 0.02
