5 0.87 0.71 0.1 0.14
10 0.66 0.59 0.02 0.03
2 0.67 0.58 0.02 0.02
4 0.97 0.58 0.06 0.06
1 0.94 0.58 0.02 0.03
1 0.84 0.57 0.02 0.04
1 0.85 0.58 0.01 0.02
1 0.84 0.53 0.01 0.03
2 0.87 0.56 0.02 0.02
2 0.89 0.56 0.02 0.02
2 0.9 0.53 0.02 0.02
2 0.9 0.55 0.02 0.02
1 0.89 0.55 0.01 0.02
1 0.78 0.45 0.01 0.03
2 0.81 0.48 0.01 0.01
2 0.84 0.47 0.01 0.02
1 0.8 0.41 0.01 0.02
4 0.83 0.41 0.05 0.04
1 0.93 0.3 0.01 0.02
1 0.79 0.31 0.01 0.01
1 0.78 0.31 0.01 0.02
1 0.67 0.4 0.01 0.03
5 0.66 0.36 0.04 0.04
1 0.72 0.38 0.01 0.02
1 0.74 0.39 0.01 0.03
1 0.77 0.38 0.01 0.03
2 0.79 0.41 0.01 0.01
1 0.77 0.4 0.01 0.02
5 0.77 0.37 0.06 0.04
7 0.7 0.35 0.02 0.02
2 0.71 0.34 0.01 0.01
2 0.7 0.34 0.01 0.02
1 0.73 0.34 0.01 0.02
7 0.69 0.32 0.02 0.02
5 0.69 0.27 0.04 0.02
4 0.7 0.24 0.04 0.01
1 0.67 0.23 0.01 0.02
1 0.67 0.24 0.0 0.01
1 0.68 0.24 0.01 0.02
1 0.65 0.28 0.01 0.02
1 0.64 0.28 0.01 0.02
1 0.65 0.28 0.0 0.02
1 0.65 0.28 0.01 0.02
4 0.52 0.29 0.02 0.02
4 0.4 0.27 0.02 0.02
4 0.46 0.34 0.03 0.04
5 0.44 0.46 0.04 0.06
5 0.06 0.43 0.07 0.05
10 0.08 0.4 0.02 0.02
1 0.13 0.37 0.01 0.03
4 0.11 0.38 0.05 0.04
1 0.2 0.44 0.01 0.03
4 0.2 0.36 0.07 0.03
1 0.3 0.3 0.01 0.02
4 0.27 0.28 0.05 0.02
1 0.16 0.24 0.01 0.02
7 0.18 0.25 0.02 0.02
10 0.35 0.24 0.01 0.01
2 0.35 0.24 0.01 0.01
10 0.11 0.3 0.02 0.02
10 0.12 0.29 0.02 0.01
1 0.1 0.28 0.01 0.02
1 0.12 0.27 0.01 0.02
1 0.13 0.27 0.01 0.02
4 0.12 0.27 0.05 0.02
2 0.15 0.24 0.01 0.01
2 0.15 0.24 0.01 0.01
3 0.06 0.31 0.01 0.02
10 0.05 0.34 0.02 0.02
10 0.04 0.35 0.02 0.02
4 0.05 0.35 0.03 0.01
