4 0.42 0.66 0.04 0.04
4 0.45 0.59 0.02 0.02
4 0.29 0.72 0.07 0.05
4 0.32 0.69 0.05 0.05
4 0.42 0.6 0.02 0.02
4 0.43 0.58 0.02 0.02
4 0.38 0.61 0.03 0.02
4 0.38 0.59 0.03 0.02
4 0.4 0.57 0.02 0.02
4 0.43 0.56 0.01 0.02
4 0.45 0.55 0.01 0.01
4 0.43 0.56 0.01 0.01
4 0.43 0.55 0.01 0.01
4 0.45 0.54 0.01 0.01
4 0.44 0.53 0.01 0.01
4 0.47 0.54 0.01 0.01
0 0.45 0.52 0.02 0.01
1 0.38 0.57 0.01 0.02
3 0.46 0.57 0.01 0.01
3 0.47 0.57 0.01 0.01
3 0.48 0.59 0.0 0.01
3 0.48 0.58 0.0 0.01
3 0.48 0.57 0.01 0.01
3 0.48 0.57 0.01 0.01
1 0.46 0.57 0.0 0.01
1 0.48 0.58 0.01 0.01
1 0.48 0.58 0.0 0.01
1 0.47 0.57 0.0 0.01
1 0.48 0.57 0.0 0.01
1 0.46 0.53 0.0 0.01
3 0.46 0.54 0.0 0.01
3 0.51 0.62 0.01 0.02
1 0.51 0.61 0.01 0.02
3 0.38 0.62 0.01 0.02
1 0.38 0.62 0.01 0.02
1 0.25 0.7 0.02 0.04
3 0.28 0.66 0.03 0.02
3 0.33 0.62 0.02 0.02
3 0.34 0.61 0.01 0.02
5 0.6 0.68 0.04 0.04
6 0.58 0.62 0.04 0.06
