1 0.18 0.37 0.02 0.04
1 0.21 0.38 0.02 0.04
1 0.16 0.46 0.02 0.05
2 0.19 0.47 0.02 0.02
1 0.23 0.47 0.02 0.06
1 0.25 0.47 0.03 0.06
1 0.28 0.49 0.03 0.05
10 0.04 0.49 0.06 0.04
2 0.05 0.57 0.04 0.03
1 0.12 0.5 0.03 0.05
1 0.12 0.55 0.03 0.06
1 0.13 0.55 0.03 0.06
1 0.17 0.56 0.02 0.04
1 0.17 0.55 0.03 0.05
7 0.11 0.69 0.15 0.07
1 0.03 0.7 0.04 0.07
1 0.12 0.65 0.03 0.05
1 0.24 0.58 0.03 0.06
1 0.29 0.61 0.02 0.06
1 0.3 0.62 0.03 0.07
1 0.32 0.61 0.02 0.05
1 0.37 0.61 0.02 0.06
1 0.37 0.63 0.02 0.05
1 0.4 0.62 0.02 0.06
1 0.35 0.72 0.03 0.07
1 0.53 0.67 0.02 0.07
1 0.44 0.59 0.02 0.06
1 0.45 0.57 0.02 0.06
1 0.31 0.45 0.02 0.06
1 0.34 0.48 0.02 0.05
1 0.33 0.5 0.03 0.05
1 0.36 0.44 0.02 0.06
1 0.4 0.43 0.02 0.06
1 0.38 0.46 0.03 0.05
1 0.38 0.5 0.03 0.06
1 0.41 0.48 0.02 0.06
1 0.47 0.38 0.01 0.03
1 0.47 0.38 0.01 0.04
1 0.48 0.38 0.02 0.04
1 0.44 0.42 0.02 0.05
1 0.43 0.45 0.03 0.06
1 0.44 0.51 0.02 0.05
1 0.47 0.56 0.01 0.04
1 0.47 0.53 0.03 0.05
1 0.45 0.47 0.02 0.06
1 0.47 0.44 0.02 0.05
1 0.48 0.49 0.02 0.06
1 0.5 0.41 0.02 0.04
1 0.5 0.46 0.02 0.05
1 0.51 0.42 0.02 0.05
1 0.53 0.44 0.02 0.05
1 0.54 0.47 0.02 0.06
1 0.51 0.51 0.04 0.06
1 0.49 0.55 0.02 0.04
1 0.5 0.57 0.02 0.06
1 0.47 0.6 0.02 0.06
1 0.49 0.62 0.02 0.04
1 0.56 0.65 0.03 0.07
1 0.57 0.59 0.03 0.06
1 0.59 0.58 0.02 0.06
1 0.52 0.56 0.02 0.06
1 0.56 0.54 0.02 0.05
3 0.55 0.38 0.02 0.03
1 0.58 0.46 0.01 0.03
1 0.58 0.5 0.01 0.05
1 0.58 0.48 0.01 0.03
1 0.59 0.47 0.02 0.04
1 0.62 0.53 0.03 0.06
1 0.65 0.5 0.02 0.05
1 0.68 0.55 0.03 0.07
1 0.66 0.63 0.03 0.06
1 0.7 0.71 0.03 0.07
2 0.88 0.6 0.02 0.03
4 0.91 0.5 0.08 0.09
1 0.76 0.76 0.03 0.05
