9 0.59 0.69 0.05 0.08
4 0.28 0.66 0.05 0.05
5 0.3 0.6 0.03 0.04
5 0.19 0.54 0.03 0.03
4 0.16 0.53 0.03 0.02
4 0.12 0.54 0.04 0.02
4 0.17 0.52 0.04 0.02
4 0.58 0.45 0.01 0.01
5 0.57 0.44 0.01 0.01
4 0.57 0.44 0.01 0.01
7 0.59 0.44 0.01 0.01
4 0.59 0.43 0.01 0.01
6 0.58 0.41 0.04 0.02
6 0.54 0.42 0.03 0.01
4 0.5 0.42 0.02 0.01
4 0.44 0.41 0.01 0.01
9 0.4 0.41 0.03 0.01
4 0.43 0.4 0.01 0.01
5 0.43 0.4 0.01 0.01
4 0.42 0.39 0.01 0.01
6 0.4 0.4 0.01 0.01
4 0.39 0.39 0.01 0.01
4 0.4 0.38 0.01 0.01
4 0.46 0.4 0.01 0.01
4 0.45 0.4 0.01 0.01
9 0.57 0.4 0.03 0.01
5 0.2 0.47 0.02 0.02
5 0.24 0.45 0.02 0.02
5 0.27 0.43 0.02 0.01
6 0.28 0.49 0.06 0.02
4 0.28 0.48 0.04 0.01
7 0.29 0.47 0.03 0.01
5 0.3 0.46 0.03 0.01
6 0.3 0.46 0.03 0.02
6 0.31 0.45 0.04 0.02
6 0.32 0.43 0.01 0.02
10 0.17 0.5 0.01 0.01
3 0.09 0.55 0.02 0.01
0 0.07 0.54 0.02 0.02
7 0.01 0.55 0.03 0.01
6 0.34 0.42 0.06 0.01
9 0.32 0.41 0.04 0.02
0 0.39 0.37 0.02 0.01
4 0.41 0.38 0.0 0.0
4 0.34 0.38 0.01 0.0
4 0.35 0.38 0.01 0.0
10 0.06 0.6 0.02 0.02
