0 0.49 0.29 0.09 0.07
0 0.39 0.32 0.05 0.02
0 0.56 0.33 0.06 0.04
4 0.49 0.33 0.01 0.01
4 0.46 0.34 0.01 0.01
0 0.47 0.34 0.01 0.01
1 0.44 0.36 0.0 0.01
4 0.43 0.34 0.01 0.01
4 0.49 0.39 0.02 0.02
4 0.45 0.37 0.02 0.01
4 0.41 0.36 0.02 0.01
4 0.39 0.4 0.02 0.02
4 0.43 0.43 0.02 0.02
4 0.57 0.36 0.03 0.01
10 0.55 0.36 0.01 0.01
2 0.55 0.36 0.0 0.01
2 0.55 0.36 0.01 0.01
4 0.52 0.38 0.02 0.01
4 0.52 0.36 0.01 0.01
4 0.57 0.37 0.02 0.01
4 0.57 0.38 0.02 0.01
4 0.58 0.38 0.02 0.01
5 0.58 0.38 0.02 0.02
4 0.59 0.4 0.02 0.02
10 0.57 0.41 0.01 0.01
2 0.57 0.41 0.01 0.01
0 0.62 0.36 0.01 0.01
2 0.63 0.37 0.0 0.01
4 0.62 0.39 0.04 0.02
1 0.61 0.41 0.01 0.01
1 0.56 0.49 0.01 0.02
4 0.53 0.5 0.03 0.03
4 0.63 0.46 0.03 0.02
10 0.6 0.47 0.01 0.02
2 0.6 0.46 0.01 0.02
4 0.65 0.49 0.04 0.03
10 0.63 0.52 0.01 0.02
2 0.64 0.52 0.01 0.01
2 0.63 0.51 0.01 0.02
10 0.65 0.55 0.01 0.02
2 0.65 0.54 0.01 0.02
1 0.68 0.5 0.01 0.02
7 0.66 0.51 0.02 0.03
4 0.71 0.52 0.08 0.03
1 0.79 0.5 0.01 0.03
1 0.79 0.51 0.01 0.01
2 0.8 0.51 0.01 0.02
2 0.8 0.51 0.01 0.02
2 0.81 0.51 0.01 0.02
1 0.87 0.53 0.02 0.03
4 0.79 0.58 0.08 0.04
1 0.86 0.57 0.01 0.03
2 0.89 0.58 0.02 0.02
2 0.91 0.61 0.02 0.02
2 0.87 0.61 0.02 0.02
2 0.86 0.62 0.02 0.02
5 0.77 0.64 0.06 0.08
10 0.92 0.74 0.05 0.03
10 0.88 0.69 0.04 0.03
4 0.85 0.75 0.09 0.06
4 0.56 0.63 0.05 0.06
4 0.42 0.64 0.05 0.06
10 0.49 0.57 0.01 0.03
2 0.49 0.56 0.01 0.03
0 0.37 0.34 0.01 0.01
4 0.38 0.33 0.02 0.01
4 0.39 0.34 0.01 0.01
4 0.38 0.34 0.02 0.01
4 0.35 0.36 0.02 0.01
4 0.35 0.37 0.02 0.01
4 0.37 0.35 0.01 0.01
4 0.33 0.38 0.02 0.02
4 0.32 0.39 0.02 0.02
10 0.3 0.38 0.01 0.01
4 0.28 0.4 0.04 0.02
10 0.29 0.39 0.02 0.01
4 0.29 0.41 0.02 0.02
4 0.29 0.42 0.03 0.02
4 0.25 0.44 0.03 0.02
10 0.24 0.42 0.01 0.01
3 0.24 0.42 0.02 0.01
4 0.08 0.46 0.07 0.03
4 0.12 0.5 0.09 0.03
10 0.22 0.45 0.01 0.01
2 0.19 0.46 0.01 0.01
7 0.19 0.46 0.04 0.01
4 0.04 0.6 0.08 0.06
7 0.31 0.57 0.02 0.03
2 0.31 0.56 0.01 0.02
4 0.36 0.43 0.03 0.02
