0 0.47 0.37 0.04 0.04
7 0.2 0.69 0.04 0.04
4 0.22 0.76 0.09 0.05
4 0.24 0.72 0.06 0.06
4 0.39 0.66 0.04 0.05
4 0.29 0.66 0.05 0.05
4 0.41 0.55 0.02 0.03
4 0.53 0.54 0.02 0.02
4 0.43 0.5 0.02 0.02
4 0.41 0.49 0.02 0.02
8 0.42 0.45 0.02 0.01
4 0.44 0.47 0.01 0.02
4 0.58 0.44 0.02 0.01
4 0.54 0.44 0.02 0.01
4 0.53 0.44 0.02 0.01
5 0.52 0.44 0.02 0.01
4 0.5 0.45 0.01 0.01
4 0.49 0.44 0.02 0.01
7 0.5 0.44 0.01 0.01
4 0.46 0.44 0.01 0.01
5 0.44 0.44 0.01 0.01
5 0.43 0.43 0.01 0.01
4 0.44 0.41 0.01 0.01
4 0.44 0.4 0.01 0.01
4 0.45 0.4 0.01 0.01
4 0.45 0.43 0.01 0.01
4 0.46 0.42 0.01 0.01
4 0.46 0.41 0.01 0.01
4 0.46 0.41 0.01 0.01
4 0.46 0.4 0.01 0.01
4 0.46 0.4 0.01 0.01
4 0.45 0.4 0.01 0.01
4 0.46 0.39 0.01 0.01
4 0.52 0.42 0.02 0.01
4 0.51 0.42 0.01 0.01
4 0.49 0.4 0.01 0.01
8 0.5 0.4 0.01 0.01
4 0.49 0.4 0.0 0.0
4 0.5 0.4 0.01 0.0
4 0.49 0.4 0.01 0.01
4 0.49 0.39 0.01 0.0
6 0.49 0.39 0.01 0.01
1 0.61 0.54 0.01 0.02
1 0.61 0.53 0.01 0.01
1 0.56 0.48 0.01 0.01
1 0.57 0.48 0.01 0.01
