1 0.01 0.46 0.01 0.01
1 0.06 0.45 0.01 0.01
2 0.07 0.45 0.0 0.01
2 0.08 0.45 0.01 0.01
1 0.11 0.45 0.01 0.01
2 0.12 0.46 0.01 0.01
1 0.13 0.49 0.01 0.01
1 0.01 0.47 0.01 0.01
1 0.05 0.45 0.01 0.01
1 0.05 0.45 0.0 0.01
0 0.02 0.45 0.01 0.01
0 0.12 0.44 0.05 0.01
0 0.18 0.44 0.04 0.01
10 0.24 0.45 0.01 0.01
1 0.21 0.44 0.0 0.01
10 0.36 0.73 0.03 0.02
10 0.4 0.69 0.03 0.02
4 0.43 0.73 0.08 0.06
4 0.44 0.66 0.08 0.04
10 0.41 0.64 0.01 0.03
10 0.44 0.64 0.03 0.02
2 0.52 0.71 0.01 0.02
2 0.53 0.7 0.02 0.02
2 0.55 0.62 0.01 0.01
2 0.56 0.62 0.01 0.01
2 0.56 0.62 0.01 0.01
10 0.53 0.71 0.02 0.03
4 0.54 0.66 0.04 0.04
7 0.56 0.62 0.02 0.03
8 0.58 0.62 0.02 0.03
10 0.6 0.56 0.01 0.01
10 0.47 0.6 0.02 0.02
10 0.47 0.6 0.02 0.02
10 0.47 0.59 0.02 0.01
10 0.44 0.61 0.02 0.02
10 0.45 0.61 0.02 0.01
10 0.47 0.58 0.01 0.01
0 0.5 0.54 0.03 0.03
10 0.52 0.52 0.02 0.01
10 0.52 0.52 0.02 0.01
4 0.57 0.49 0.04 0.02
4 0.6 0.5 0.02 0.02
1 0.59 0.48 0.01 0.01
1 0.59 0.48 0.01 0.01
4 0.56 0.44 0.01 0.01
4 0.59 0.44 0.01 0.01
4 0.59 0.43 0.01 0.01
4 0.54 0.41 0.01 0.01
6 0.54 0.42 0.01 0.01
2 0.53 0.43 0.0 0.01
1 0.57 0.4 0.0 0.01
1 0.57 0.42 0.0 0.01
4 0.59 0.4 0.01 0.01
4 0.57 0.39 0.01 0.01
4 0.56 0.38 0.01 0.0
8 0.55 0.4 0.0 0.01
0 0.56 0.38 0.04 0.01
2 0.58 0.42 0.0 0.01
2 0.57 0.44 0.0 0.01
2 0.54 0.45 0.0 0.01
2 0.55 0.45 0.01 0.01
10 0.49 0.57 0.01 0.02
10 0.57 0.44 0.01 0.01
10 0.58 0.43 0.0 0.01
10 0.58 0.4 0.0 0.01
1 0.55 0.46 0.0 0.01
1 0.55 0.46 0.0 0.01
1 0.54 0.46 0.01 0.01
1 0.54 0.47 0.0 0.01
2 0.54 0.47 0.01 0.01
10 0.54 0.48 0.01 0.01
4 0.53 0.45 0.02 0.01
10 0.54 0.45 0.01 0.01
10 0.55 0.45 0.01 0.01
8 0.53 0.46 0.01 0.01
8 0.54 0.49 0.0 0.06
1 0.52 0.46 0.01 0.01
1 0.57 0.44 0.0 0.01
1 0.58 0.44 0.0 0.01
1 0.58 0.45 0.01 0.01
1 0.58 0.45 0.01 0.01
1 0.58 0.44 0.01 0.01
