4 0.74 0.26 0.08 0.04
4 0.76 0.3 0.09 0.05
5 0.87 0.33 0.09 0.07
4 0.85 0.36 0.11 0.06
2 0.82 0.37 0.02 0.04
3 0.82 0.38 0.04 0.03
2 0.99 0.43 0.02 0.05
2 0.87 0.41 0.01 0.03
2 0.88 0.41 0.02 0.04
10 0.88 0.42 0.05 0.04
1 0.73 0.5 0.02 0.05
1 0.75 0.51 0.02 0.05
1 0.78 0.59 0.03 0.06
10 0.85 0.57 0.06 0.05
1 0.91 0.65 0.03 0.06
1 0.92 0.67 0.03 0.04
1 0.86 0.62 0.03 0.06
10 0.85 0.63 0.04 0.06
10 0.66 0.69 0.07 0.07
1 0.6 0.68 0.02 0.07
1 0.55 0.66 0.03 0.07
1 0.56 0.66 0.02 0.04
1 0.62 0.62 0.03 0.07
1 0.23 0.74 0.03 0.07
1 0.25 0.74 0.04 0.07
10 0.04 0.6 0.08 0.06
2 0.04 0.59 0.05 0.06
1 0.23 0.57 0.03 0.07
3 0.24 0.57 0.02 0.06
1 0.22 0.48 0.02 0.06
1 0.22 0.5 0.02 0.05
1 0.32 0.67 0.04 0.07
1 0.33 0.66 0.03 0.06
1 0.38 0.63 0.03 0.06
1 0.4 0.64 0.02 0.07
2 0.4 0.63 0.02 0.04
1 0.43 0.64 0.02 0.07
1 0.42 0.63 0.02 0.06
1 0.7 0.61 0.03 0.06
2 0.72 0.6 0.02 0.04
1 0.66 0.59 0.03 0.06
4 0.63 0.48 0.12 0.09
10 0.68 0.55 0.06 0.04
1 0.56 0.61 0.02 0.06
1 0.51 0.59 0.02 0.06
1 0.46 0.6 0.02 0.07
1 0.49 0.58 0.02 0.06
1 0.48 0.59 0.02 0.06
1 0.54 0.58 0.03 0.06
1 0.38 0.59 0.02 0.05
1 0.39 0.6 0.02 0.05
1 0.42 0.61 0.02 0.04
1 0.28 0.53 0.03 0.06
3 0.29 0.54 0.02 0.05
1 0.31 0.54 0.03 0.06
1 0.32 0.56 0.02 0.06
1 0.34 0.55 0.02 0.05
1 0.37 0.55 0.02 0.06
1 0.39 0.54 0.02 0.05
2 0.24 0.36 0.02 0.03
2 0.25 0.35 0.02 0.03
2 0.26 0.35 0.02 0.03
1 0.26 0.34 0.02 0.03
1 0.27 0.35 0.02 0.04
3 0.29 0.35 0.03 0.04
4 0.41 0.35 0.1 0.06
4 0.51 0.35 0.09 0.07
1 0.4 0.54 0.02 0.04
1 0.42 0.58 0.02 0.04
1 0.4 0.57 0.02 0.05
1 0.43 0.56 0.02 0.05
1 0.41 0.55 0.02 0.05
2 0.42 0.54 0.02 0.03
2 0.45 0.52 0.02 0.03
2 0.45 0.53 0.01 0.02
2 0.5 0.54 0.02 0.03
2 0.52 0.5 0.03 0.03
1 0.5 0.52 0.03 0.04
1 0.44 0.57 0.02 0.05
1 0.46 0.58 0.02 0.06
1 0.58 0.58 0.02 0.06
1 0.63 0.58 0.03 0.06
1 0.6 0.58 0.02 0.06
1 0.65 0.56 0.02 0.06
1 0.62 0.56 0.02 0.06
1 0.59 0.55 0.02 0.06
1 0.57 0.56 0.02 0.06
1 0.55 0.56 0.02 0.06
1 0.54 0.56 0.02 0.05
1 0.52 0.57 0.02 0.05
1 0.57 0.51 0.02 0.04
1 0.6 0.52 0.02 0.04
1 0.6 0.53 0.02 0.04
1 0.59 0.48 0.01 0.04
1 0.63 0.51 0.02 0.04
1 0.62 0.5 0.02 0.04
1 0.58 0.5 0.02 0.05
1 0.56 0.49 0.02 0.04
1 0.57 0.5 0.02 0.04
1 0.57 0.46 0.02 0.03
1 0.64 0.5 0.01 0.05
1 0.53 0.55 0.02 0.04
2 0.48 0.54 0.02 0.02
1 0.5 0.44 0.02 0.05
1 0.53 0.45 0.02 0.04
1 0.49 0.42 0.02 0.05
1 0.39 0.39 0.01 0.04
1 0.4 0.39 0.02 0.04
1 0.43 0.38 0.01 0.05
1 0.44 0.38 0.01 0.04
1 0.45 0.4 0.01 0.04
1 0.41 0.36 0.01 0.04
1 0.46 0.39 0.01 0.05
1 0.47 0.4 0.01 0.04
1 0.47 0.41 0.02 0.05
1 0.49 0.41 0.02 0.04
1 0.5 0.41 0.02 0.04
1 0.5 0.41 0.01 0.04
1 0.51 0.43 0.01 0.05
1 0.52 0.42 0.02 0.04
1 0.53 0.42 0.02 0.03
1 0.5 0.39 0.01 0.03
1 0.64 0.44 0.02 0.04
1 0.62 0.43 0.01 0.04
1 0.6 0.42 0.01 0.04
1 0.59 0.41 0.02 0.04
10 0.58 0.4 0.04 0.03
1 0.57 0.41 0.02 0.03
1 0.56 0.45 0.01 0.04
1 0.55 0.43 0.02 0.05
1 0.53 0.41 0.02 0.04
2 0.59 0.43 0.01 0.03
1 0.58 0.44 0.01 0.03
1 0.6 0.49 0.01 0.04
1 0.57 0.43 0.02 0.03
2 0.02 0.7 0.04 0.07
