4 0.26 0.69 0.18 0.1
10 0.14 0.59 0.05 0.04
2 0.14 0.58 0.03 0.04
10 0.37 0.52 0.03 0.05
2 0.37 0.51 0.02 0.04
4 0.27 0.44 0.1 0.07
4 0.36 0.4 0.09 0.05
1 0.09 0.44 0.02 0.05
4 0.49 0.49 0.09 0.07
4 0.57 0.43 0.07 0.06
4 0.63 0.39 0.06 0.05
4 0.67 0.35 0.06 0.05
4 0.58 0.34 0.08 0.04
5 0.49 0.35 0.07 0.05
1 0.37 0.32 0.01 0.03
1 0.54 0.31 0.01 0.03
1 0.55 0.31 0.01 0.03
10 0.52 0.32 0.02 0.02
4 0.59 0.3 0.07 0.03
10 0.63 0.33 0.01 0.02
10 0.65 0.33 0.01 0.02
2 0.64 0.32 0.01 0.02
2 0.65 0.32 0.01 0.02
5 0.62 0.29 0.06 0.03
4 0.71 0.3 0.05 0.03
7 0.69 0.29 0.03 0.02
8 0.75 0.31 0.03 0.03
10 0.76 0.29 0.02 0.02
2 0.76 0.28 0.01 0.02
3 0.67 0.27 0.01 0.02
1 0.74 0.26 0.01 0.02
1 0.74 0.26 0.01 0.02
1 0.73 0.26 0.01 0.02
4 0.69 0.26 0.05 0.02
