0 0.52 0.26 0.05 0.03
7 0.85 0.61 0.08 0.05
2 0.83 0.59 0.02 0.03
7 0.97 0.64 0.07 0.05
2 0.95 0.63 0.03 0.03
11 0.96 0.42 0.07 0.04
11 0.98 0.43 0.04 0.04
11 0.89 0.43 0.12 0.05
11 0.77 0.42 0.1 0.04
11 0.65 0.41 0.1 0.04
11 0.5 0.41 0.09 0.06
11 0.27 0.38 0.07 0.04
11 0.29 0.37 0.07 0.04
11 0.25 0.39 0.04 0.03
11 0.22 0.4 0.04 0.04
11 0.2 0.41 0.06 0.03
6 0.15 0.4 0.08 0.04
6 0.13 0.39 0.09 0.04
4 0.05 0.43 0.06 0.02
4 0.6 0.45 0.05 0.03
4 0.59 0.42 0.05 0.02
4 0.54 0.4 0.02 0.02
4 0.52 0.37 0.02 0.01
4 0.47 0.34 0.02 0.01
4 0.4 0.39 0.03 0.02
11 0.39 0.37 0.03 0.04
11 0.4 0.36 0.02 0.03
11 0.42 0.35 0.02 0.03
11 0.43 0.34 0.02 0.03
11 0.44 0.33 0.02 0.03
6 0.47 0.32 0.02 0.02
6 0.5 0.32 0.01 0.01
4 0.93 0.4 0.03 0.02
4 0.95 0.4 0.03 0.01
4 0.82 0.42 0.04 0.02
11 0.56 0.38 0.05 0.05
6 0.6 0.35 0.14 0.04
9 0.63 0.33 0.04 0.02
9 0.53 0.31 0.02 0.02
6 0.58 0.28 0.07 0.01
6 0.5 0.28 0.01 0.01
6 0.54 0.28 0.01 0.01
6 0.45 0.29 0.05 0.01
6 0.42 0.3 0.08 0.01
4 0.47 0.3 0.01 0.01
11 0.46 0.31 0.02 0.02
5 0.16 0.36 0.02 0.02
5 0.18 0.35 0.03 0.02
1 0.02 0.38 0.01 0.01
1 0.23 0.34 0.0 0.01
4 0.25 0.36 0.04 0.01
5 0.26 0.36 0.03 0.01
5 0.27 0.35 0.03 0.01
4 0.28 0.33 0.02 0.01
4 0.25 0.34 0.02 0.01
5 0.42 0.31 0.01 0.01
4 0.39 0.31 0.02 0.01
4 0.38 0.31 0.02 0.01
4 0.39 0.31 0.01 0.01
4 0.36 0.31 0.01 0.01
4 0.37 0.31 0.01 0.01
1 0.5 0.37 0.0 0.01
1 0.5 0.37 0.0 0.01
