0 0.5 0.35 0.06 0.02
6 0.08 0.51 0.1 0.05
5 0.67 0.62 0.1 0.05
4 0.93 0.76 0.13 0.04
10 0.78 0.76 0.02 0.03
2 0.78 0.76 0.03 0.04
6 0.97 0.59 0.06 0.04
5 0.54 0.53 0.02 0.03
4 0.48 0.5 0.02 0.02
4 0.4 0.51 0.05 0.03
4 0.43 0.5 0.04 0.02
4 0.4 0.49 0.03 0.02
5 0.39 0.47 0.03 0.03
4 0.47 0.48 0.02 0.02
4 0.41 0.45 0.02 0.02
4 0.41 0.43 0.02 0.01
6 0.51 0.43 0.02 0.03
1 0.36 0.45 0.0 0.01
1 0.36 0.45 0.0 0.01
1 0.37 0.45 0.0 0.01
1 0.56 0.44 0.0 0.01
3 0.25 0.49 0.02 0.01
3 0.17 0.49 0.01 0.01
3 0.13 0.49 0.01 0.01
3 0.09 0.48 0.01 0.01
3 0.21 0.48 0.01 0.01
1 0.41 0.41 0.0 0.01
4 0.47 0.41 0.01 0.01
4 0.51 0.41 0.01 0.01
4 0.46 0.4 0.01 0.01
4 0.5 0.39 0.01 0.01
4 0.52 0.39 0.01 0.01
2 0.53 0.39 0.0 0.01
10 0.53 0.39 0.0 0.01
4 0.47 0.38 0.01 0.01
4 0.49 0.38 0.01 0.01
4 0.47 0.37 0.01 0.01
4 0.48 0.37 0.01 0.0
4 0.49 0.37 0.01 0.0
4 0.52 0.37 0.01 0.01
4 0.48 0.37 0.01 0.01
4 0.49 0.37 0.01 0.01
4 0.5 0.36 0.01 0.01
4 0.52 0.37 0.01 0.0
4 0.52 0.36 0.01 0.0
10 0.54 0.38 0.0 0.0
2 0.54 0.38 0.0 0.01
6 0.94 0.54 0.12 0.06
6 0.94 0.51 0.09 0.04
5 0.79 0.43 0.03 0.01
4 0.99 0.48 0.02 0.02
4 0.98 0.48 0.04 0.01
4 0.97 0.47 0.04 0.01
4 0.95 0.47 0.04 0.01
5 0.94 0.46 0.03 0.01
1 0.92 0.47 0.0 0.02
6 0.9 0.46 0.03 0.02
4 0.99 0.47 0.02 0.01
4 0.99 0.46 0.03 0.01
4 0.98 0.46 0.04 0.01
5 0.97 0.45 0.03 0.01
5 0.93 0.46 0.03 0.02
5 0.95 0.45 0.04 0.01
4 0.94 0.45 0.03 0.01
4 0.93 0.44 0.03 0.01
4 0.92 0.44 0.03 0.01
4 0.92 0.44 0.03 0.01
5 0.9 0.43 0.03 0.01
4 0.99 0.44 0.02 0.01
5 0.99 0.43 0.02 0.01
4 0.98 0.43 0.03 0.01
4 0.97 0.43 0.03 0.01
4 0.96 0.43 0.03 0.01
4 0.94 0.42 0.03 0.01
5 0.94 0.42 0.03 0.01
4 0.93 0.42 0.02 0.01
5 0.91 0.42 0.02 0.01
4 0.89 0.41 0.02 0.01
4 0.89 0.41 0.02 0.01
4 0.88 0.41 0.02 0.01
4 0.88 0.41 0.02 0.01
4 0.81 0.42 0.03 0.01
5 0.81 0.41 0.02 0.01
4 0.8 0.41 0.02 0.01
4 0.78 0.41 0.02 0.01
4 0.79 0.4 0.02 0.01
4 0.82 0.41 0.02 0.01
4 0.83 0.41 0.02 0.01
4 0.81 0.41 0.02 0.01
5 0.87 0.42 0.02 0.01
5 0.79 0.4 0.02 0.01
5 0.78 0.4 0.02 0.01
4 0.75 0.39 0.02 0.01
4 0.76 0.4 0.02 0.01
4 0.84 0.4 0.02 0.01
4 0.83 0.39 0.02 0.01
4 0.82 0.39 0.02 0.01
4 0.81 0.39 0.02 0.01
5 0.82 0.38 0.02 0.01
4 0.74 0.38 0.02 0.01
4 0.77 0.39 0.02 0.01
4 0.76 0.39 0.02 0.01
4 0.76 0.39 0.02 0.01
4 0.75 0.39 0.02 0.01
4 0.75 0.39 0.02 0.01
4 0.75 0.39 0.02 0.01
6 0.02 0.4 0.03 0.01
2 0.12 0.69 0.01 0.03
1 0.14 0.69 0.02 0.03
3 0.12 0.71 0.02 0.03
3 0.14 0.71 0.02 0.03
