4 0.04 0.76 0.08 0.04
4 0.28 0.72 0.15 0.06
5 0.41 0.77 0.15 0.03
2 0.33 0.59 0.02 0.03
7 0.35 0.59 0.06 0.03
5 0.19 0.58 0.1 0.05
4 0.07 0.57 0.1 0.04
5 0.33 0.55 0.08 0.04
5 0.35 0.53 0.07 0.03
5 0.35 0.51 0.08 0.04
4 0.35 0.5 0.07 0.02
4 0.37 0.49 0.08 0.03
6 0.39 0.47 0.07 0.03
4 0.45 0.52 0.04 0.04
4 0.5 0.52 0.04 0.04
5 0.5 0.49 0.03 0.04
5 0.51 0.47 0.03 0.03
4 0.52 0.45 0.02 0.02
4 0.53 0.43 0.02 0.02
4 0.42 0.46 0.06 0.03
4 0.42 0.45 0.06 0.02
4 0.44 0.44 0.06 0.02
5 0.44 0.44 0.05 0.02
2 0.5 0.43 0.01 0.02
10 0.5 0.44 0.01 0.01
2 0.5 0.43 0.01 0.01
8 0.45 0.42 0.03 0.02
4 0.46 0.41 0.04 0.02
4 0.47 0.4 0.04 0.02
1 0.5 0.41 0.01 0.02
1 0.51 0.41 0.01 0.02
1 0.51 0.4 0.0 0.02
1 0.51 0.4 0.01 0.02
1 0.58 0.43 0.01 0.02
4 0.59 0.44 0.02 0.02
2 0.62 0.61 0.02 0.04
10 0.62 0.62 0.04 0.03
7 0.62 0.59 0.03 0.05
1 0.64 0.6 0.01 0.04
1 0.65 0.6 0.01 0.03
5 0.9 0.56 0.07 0.06
4 0.74 0.58 0.1 0.05
5 0.73 0.54 0.09 0.04
1 0.67 0.54 0.01 0.03
1 0.67 0.51 0.01 0.03
1 0.69 0.51 0.01 0.02
1 0.71 0.5 0.01 0.02
1 0.74 0.51 0.01 0.02
10 0.64 0.51 0.02 0.02
5 0.72 0.48 0.06 0.03
5 0.72 0.47 0.05 0.03
5 0.71 0.46 0.05 0.03
4 0.47 0.39 0.03 0.01
4 0.48 0.38 0.03 0.01
4 0.51 0.38 0.02 0.01
2 0.53 0.38 0.0 0.01
2 0.53 0.38 0.01 0.01
7 0.53 0.38 0.0 0.01
1 0.54 0.38 0.01 0.01
1 0.53 0.37 0.0 0.01
1 0.54 0.36 0.0 0.01
5 0.52 0.37 0.01 0.01
5 0.56 0.38 0.01 0.01
1 0.58 0.38 0.0 0.01
1 0.58 0.38 0.0 0.01
1 0.59 0.39 0.0 0.01
2 0.59 0.39 0.0 0.01
10 0.59 0.39 0.01 0.01
5 0.59 0.38 0.02 0.01
1 0.58 0.37 0.0 0.01
1 0.58 0.37 0.0 0.01
5 0.59 0.36 0.01 0.01
4 0.61 0.37 0.03 0.01
5 0.61 0.36 0.03 0.01
6 0.61 0.35 0.01 0.01
4 0.6 0.35 0.02 0.01
5 0.52 0.36 0.03 0.01
4 0.53 0.36 0.01 0.01
4 0.52 0.35 0.02 0.01
4 0.52 0.35 0.02 0.01
5 0.52 0.34 0.02 0.01
1 0.53 0.35 0.0 0.01
4 0.56 0.33 0.01 0.01
4 0.53 0.33 0.02 0.01
0 0.56 0.3 0.07 0.05
4 0.59 0.34 0.02 0.01
5 0.59 0.34 0.01 0.01
4 0.62 0.39 0.03 0.02
0 0.65 0.37 0.02 0.02
