10 0.03 0.5 0.02 0.01
2 0.07 0.49 0.01 0.01
1 0.09 0.49 0.01 0.01
1 0.09 0.49 0.01 0.01
4 0.14 0.48 0.02 0.02
5 0.12 0.45 0.02 0.01
1 0.08 0.55 0.01 0.01
4 0.34 0.46 0.03 0.02
5 0.34 0.48 0.03 0.02
4 0.36 0.48 0.03 0.02
4 0.37 0.46 0.02 0.01
0 0.39 0.46 0.02 0.02
4 0.4 0.38 0.02 0.01
4 0.41 0.38 0.01 0.01
5 0.43 0.38 0.02 0.01
6 0.33 0.72 0.02 0.04
2 0.37 0.67 0.01 0.02
3 0.37 0.68 0.01 0.02
2 0.4 0.71 0.01 0.02
10 0.4 0.72 0.01 0.02
1 0.56 0.77 0.02 0.02
2 0.5 0.73 0.01 0.02
10 0.5 0.73 0.01 0.03
2 0.54 0.71 0.01 0.03
10 0.53 0.71 0.01 0.03
1 0.55 0.68 0.01 0.03
4 0.57 0.69 0.03 0.04
8 0.59 0.66 0.02 0.04
8 0.56 0.64 0.02 0.03
2 0.44 0.59 0.01 0.02
10 0.44 0.6 0.01 0.02
1 0.39 0.58 0.01 0.02
1 0.4 0.58 0.01 0.02
5 0.35 0.6 0.05 0.04
5 0.36 0.57 0.05 0.02
4 0.42 0.57 0.02 0.03
0 0.66 0.67 0.01 0.03
8 0.62 0.64 0.06 0.03
2 0.53 0.58 0.01 0.02
10 0.53 0.59 0.01 0.02
2 0.55 0.58 0.01 0.01
7 0.54 0.59 0.01 0.02
10 0.56 0.57 0.02 0.01
0 0.57 0.59 0.02 0.03
1 0.57 0.6 0.01 0.02
1 0.55 0.55 0.0 0.02
4 0.53 0.54 0.01 0.02
4 0.5 0.54 0.02 0.02
2 0.46 0.54 0.01 0.01
10 0.46 0.55 0.01 0.01
8 0.44 0.54 0.01 0.02
8 0.42 0.54 0.02 0.02
0 0.57 0.54 0.02 0.05
10 0.58 0.57 0.02 0.01
2 0.54 0.53 0.01 0.01
10 0.54 0.54 0.0 0.01
10 0.55 0.52 0.01 0.01
4 0.5 0.49 0.02 0.02
1 0.46 0.49 0.0 0.01
1 0.46 0.49 0.0 0.02
4 0.45 0.49 0.02 0.02
1 0.55 0.5 0.0 0.02
1 0.56 0.5 0.01 0.01
10 0.56 0.5 0.01 0.01
1 0.46 0.45 0.0 0.01
2 0.47 0.45 0.0 0.01
10 0.46 0.45 0.0 0.01
4 0.48 0.45 0.02 0.01
4 0.5 0.44 0.01 0.01
8 0.49 0.44 0.01 0.01
1 0.49 0.42 0.0 0.01
4 0.48 0.42 0.01 0.01
2 0.48 0.48 0.01 0.01
10 0.48 0.48 0.01 0.01
2 0.48 0.47 0.0 0.01
10 0.48 0.47 0.0 0.01
2 0.53 0.49 0.0 0.01
10 0.56 0.49 0.01 0.01
3 0.53 0.49 0.0 0.01
1 0.52 0.47 0.0 0.01
2 0.51 0.46 0.01 0.01
10 0.51 0.47 0.0 0.01
4 0.53 0.45 0.01 0.01
2 0.52 0.44 0.0 0.01
1 0.51 0.45 0.0 0.01
1 0.54 0.44 0.0 0.01
10 0.54 0.44 0.01 0.01
0 0.55 0.44 0.01 0.04
4 0.55 0.46 0.01 0.01
0 0.52 0.43 0.01 0.01
1 0.54 0.43 0.0 0.01
4 0.52 0.41 0.01 0.01
0 0.5 0.41 0.0 0.01
0 0.53 0.41 0.0 0.01
1 0.54 0.42 0.0 0.01
4 0.5 0.39 0.01 0.01
4 0.5 0.38 0.01 0.01
0 0.53 0.39 0.03 0.01
4 0.54 0.39 0.02 0.01
0 0.55 0.36 0.02 0.02
0 0.49 0.36 0.01 0.01
0 0.52 0.34 0.05 0.02
