4 0.64 0.69 0.05 0.06
5 0.6 0.69 0.05 0.05
4 0.52 0.75 0.08 0.04
4 0.5 0.72 0.07 0.04
5 0.49 0.69 0.06 0.05
4 0.45 0.61 0.04 0.04
4 0.5 0.57 0.05 0.04
5 0.56 0.56 0.04 0.04
4 0.58 0.56 0.04 0.03
3 0.62 0.57 0.02 0.01
3 0.6 0.58 0.02 0.01
4 0.37 0.73 0.05 0.07
5 0.32 0.75 0.03 0.06
4 0.26 0.73 0.04 0.06
4 0.31 0.68 0.03 0.06
4 0.31 0.61 0.03 0.04
4 0.23 0.62 0.04 0.05
4 0.24 0.56 0.03 0.04
4 0.29 0.53 0.03 0.03
5 0.24 0.51 0.03 0.04
4 0.28 0.48 0.02 0.03
4 0.24 0.47 0.02 0.03
4 0.28 0.43 0.02 0.02
5 0.32 0.44 0.02 0.02
1 0.31 0.45 0.01 0.02
4 0.31 0.41 0.02 0.02
4 0.3 0.39 0.02 0.02
4 0.26 0.41 0.02 0.02
4 0.21 0.43 0.03 0.02
4 0.19 0.47 0.02 0.03
4 0.15 0.49 0.02 0.03
5 0.14 0.52 0.05 0.03
6 0.18 0.55 0.03 0.06
6 0.18 0.59 0.04 0.06
4 0.12 0.58 0.06 0.03
7 0.13 0.49 0.03 0.02
4 0.08 0.42 0.02 0.02
4 0.12 0.42 0.02 0.02
5 0.17 0.44 0.02 0.03
6 0.08 0.38 0.06 0.02
6 0.13 0.38 0.06 0.02
6 0.13 0.37 0.05 0.02
5 0.08 0.27 0.02 0.01
4 0.13 0.34 0.02 0.02
4 0.13 0.32 0.01 0.01
4 0.14 0.31 0.01 0.01
4 0.16 0.35 0.01 0.02
4 0.26 0.38 0.02 0.01
4 0.26 0.37 0.01 0.01
4 0.3 0.37 0.02 0.02
6 0.29 0.35 0.02 0.02
4 0.28 0.33 0.01 0.01
5 0.28 0.32 0.01 0.01
4 0.25 0.32 0.01 0.01
4 0.25 0.31 0.01 0.01
5 0.19 0.35 0.02 0.02
4 0.19 0.34 0.01 0.01
4 0.2 0.33 0.01 0.01
6 0.2 0.31 0.02 0.02
4 0.23 0.29 0.01 0.01
6 0.25 0.29 0.02 0.02
4 0.22 0.27 0.01 0.01
4 0.21 0.25 0.01 0.01
4 0.24 0.24 0.01 0.01
6 0.24 0.25 0.01 0.01
6 0.25 0.24 0.01 0.01
6 0.27 0.29 0.02 0.02
6 0.27 0.26 0.01 0.02
6 0.26 0.25 0.01 0.02
6 0.26 0.25 0.01 0.02
5 0.26 0.23 0.01 0.01
4 0.16 0.26 0.02 0.01
4 0.17 0.25 0.01 0.01
4 0.35 0.53 0.03 0.03
4 0.75 0.51 0.04 0.03
4 0.78 0.5 0.04 0.03
4 0.8 0.5 0.04 0.03
4 0.64 0.45 0.04 0.02
4 0.35 0.36 0.02 0.02
5 0.34 0.32 0.02 0.02
4 0.34 0.31 0.01 0.01
4 0.33 0.3 0.01 0.01
4 0.35 0.29 0.02 0.01
4 0.33 0.27 0.01 0.01
4 0.34 0.28 0.01 0.01
4 0.54 0.26 0.02 0.01
4 0.54 0.26 0.02 0.01
4 0.55 0.27 0.02 0.01
4 0.57 0.28 0.02 0.01
4 0.58 0.29 0.02 0.01
4 0.59 0.29 0.02 0.01
4 0.6 0.3 0.02 0.01
4 0.61 0.3 0.02 0.01
4 0.62 0.31 0.02 0.01
4 0.62 0.31 0.02 0.01
4 0.63 0.31 0.02 0.01
4 0.58 0.26 0.02 0.01
4 0.6 0.26 0.02 0.01
4 0.61 0.26 0.02 0.01
4 0.6 0.27 0.02 0.01
4 0.6 0.27 0.02 0.01
4 0.61 0.28 0.02 0.01
4 0.62 0.28 0.02 0.01
4 0.64 0.29 0.02 0.01
4 0.64 0.29 0.02 0.01
4 0.62 0.27 0.02 0.01
4 0.62 0.28 0.02 0.01
4 0.58 0.26 0.02 0.01
4 0.65 0.3 0.02 0.01
4 0.67 0.29 0.02 0.01
4 0.66 0.29 0.02 0.01
4 0.66 0.3 0.02 0.01
4 0.68 0.31 0.02 0.01
4 0.69 0.31 0.03 0.01
4 0.7 0.32 0.03 0.01
4 0.7 0.3 0.02 0.01
4 0.75 0.34 0.03 0.01
4 0.72 0.31 0.03 0.01
4 0.72 0.33 0.03 0.01
4 0.68 0.34 0.03 0.01
4 0.74 0.32 0.03 0.01
4 0.74 0.34 0.03 0.01
4 0.75 0.33 0.02 0.01
4 0.74 0.34 0.03 0.01
4 0.78 0.36 0.03 0.01
4 0.77 0.36 0.03 0.01
4 0.78 0.34 0.03 0.01
4 0.77 0.34 0.03 0.01
4 0.85 0.34 0.03 0.01
4 0.84 0.34 0.03 0.01
4 0.8 0.32 0.03 0.01
4 0.82 0.32 0.03 0.01
4 0.77 0.31 0.02 0.01
4 0.8 0.31 0.02 0.01
4 0.82 0.3 0.02 0.01
4 0.8 0.29 0.02 0.01
4 0.77 0.3 0.02 0.01
4 0.76 0.31 0.02 0.01
4 0.74 0.3 0.02 0.01
4 0.76 0.29 0.02 0.01
4 0.72 0.29 0.02 0.01
4 0.7 0.28 0.02 0.01
4 0.72 0.28 0.02 0.01
4 0.71 0.28 0.02 0.01
4 0.7 0.27 0.02 0.01
4 0.69 0.27 0.01 0.01
4 0.68 0.26 0.02 0.01
4 0.66 0.27 0.02 0.01
4 0.67 0.26 0.02 0.01
4 0.65 0.26 0.02 0.01
4 0.64 0.26 0.02 0.01
4 0.64 0.26 0.02 0.01
5 0.69 0.25 0.02 0.01
4 0.71 0.25 0.02 0.01
4 0.69 0.26 0.02 0.01
3 0.73 0.64 0.01 0.02
2 0.68 0.67 0.01 0.02
1 0.71 0.68 0.01 0.02
2 0.7 0.77 0.01 0.02
10 0.7 0.77 0.03 0.02
1 0.47 0.76 0.01 0.03
1 0.48 0.77 0.01 0.02
2 0.4 0.72 0.01 0.02
10 0.4 0.72 0.01 0.03
2 0.43 0.58 0.01 0.02
2 0.43 0.58 0.01 0.02
10 0.43 0.58 0.02 0.02
2 0.32 0.58 0.01 0.02
10 0.33 0.59 0.02 0.02
1 0.33 0.51 0.01 0.02
1 0.09 0.69 0.01 0.02
1 0.19 0.68 0.01 0.02
1 0.2 0.68 0.01 0.02
1 0.2 0.67 0.01 0.02
2 0.23 0.69 0.01 0.02
7 0.23 0.69 0.02 0.03
1 0.15 0.34 0.01 0.01
1 0.2 0.36 0.01 0.01
