4 0.66 0.62 0.16 0.08
4 0.56 0.52 0.11 0.09
4 0.12 0.43 0.11 0.08
4 0.04 0.43 0.08 0.06
4 0.43 0.24 0.05 0.03
4 0.42 0.27 0.06 0.04
10 0.27 0.75 0.04 0.06
2 0.27 0.74 0.03 0.04
4 0.86 0.26 0.08 0.04
4 0.87 0.24 0.07 0.03
2 0.81 0.38 0.02 0.03
2 0.83 0.38 0.02 0.02
2 0.83 0.37 0.01 0.01
2 0.89 0.35 0.01 0.02
2 0.92 0.36 0.02 0.03
1 0.94 0.3 0.02 0.03
1 0.95 0.3 0.02 0.03
10 0.97 0.25 0.01 0.02
10 0.83 0.3 0.03 0.02
2 0.99 0.32 0.01 0.03
4 0.1 0.31 0.08 0.06
4 0.19 0.27 0.08 0.04
4 0.02 0.28 0.03 0.03
4 0.07 0.25 0.08 0.04
3 0.96 0.47 0.02 0.04
