6 0.16 0.68 0.32 0.21
3 0.3 0.64 0.03 0.05
5 0.4 0.59 0.08 0.06
8 0.47 0.56 0.02 0.04
4 0.88 0.74 0.24 0.07
7 0.93 0.67 0.09 0.1
4 0.59 0.67 0.11 0.09
4 0.54 0.61 0.06 0.05
4 0.55 0.59 0.05 0.03
2 0.52 0.55 0.01 0.02
3 0.52 0.55 0.01 0.02
4 0.56 0.57 0.04 0.03
4 0.61 0.57 0.04 0.03
4 0.59 0.55 0.03 0.02
4 0.58 0.54 0.02 0.01
4 0.56 0.56 0.03 0.02
4 0.56 0.55 0.02 0.01
4 0.56 0.55 0.02 0.02
4 0.56 0.54 0.02 0.01
7 0.56 0.54 0.02 0.02
4 0.57 0.53 0.03 0.01
5 0.57 0.53 0.02 0.01
2 0.54 0.53 0.0 0.01
10 0.54 0.53 0.01 0.01
2 0.55 0.53 0.01 0.01
10 0.55 0.53 0.0 0.01
0 0.56 0.52 0.03 0.01
4 0.66 0.53 0.02 0.01
1 0.62 0.53 0.0 0.01
2 0.62 0.54 0.01 0.01
2 0.62 0.54 0.01 0.01
3 0.62 0.55 0.0 0.01
2 0.63 0.55 0.01 0.02
3 0.63 0.56 0.01 0.01
2 0.65 0.56 0.01 0.02
3 0.65 0.56 0.01 0.02
2 0.66 0.56 0.01 0.02
3 0.66 0.57 0.01 0.02
2 0.67 0.58 0.01 0.02
2 0.67 0.58 0.01 0.03
2 0.67 0.6 0.02 0.05
3 0.67 0.61 0.01 0.03
4 0.65 0.63 0.03 0.06
3 0.65 0.65 0.02 0.05
2 0.66 0.61 0.02 0.03
1 0.69 0.64 0.03 0.08
1 0.72 0.65 0.03 0.08
1 0.71 0.64 0.02 0.07
1 0.7 0.62 0.02 0.06
4 0.78 0.66 0.12 0.08
4 0.75 0.6 0.09 0.04
1 0.79 0.6 0.02 0.04
4 0.88 0.62 0.15 0.05
4 0.88 0.6 0.12 0.05
4 0.99 0.61 0.03 0.04
4 0.98 0.6 0.05 0.03
4 0.98 0.58 0.04 0.02
5 0.97 0.57 0.07 0.03
4 0.94 0.57 0.06 0.02
4 0.92 0.57 0.06 0.03
4 0.9 0.57 0.06 0.03
4 0.88 0.56 0.06 0.02
4 0.87 0.56 0.05 0.02
4 0.84 0.56 0.04 0.02
4 0.83 0.56 0.04 0.02
5 0.82 0.55 0.04 0.02
4 0.87 0.54 0.04 0.01
4 0.88 0.54 0.04 0.02
4 0.91 0.56 0.05 0.02
4 0.94 0.56 0.05 0.02
5 0.97 0.57 0.05 0.03
