4 0.81 0.66 0.07 0.05
4 0.61 0.75 0.06 0.07
5 0.5 0.66 0.05 0.09
4 0.55 0.59 0.04 0.05
4 0.54 0.54 0.04 0.03
4 0.59 0.53 0.03 0.03
3 0.75 0.53 0.01 0.02
2 0.75 0.53 0.01 0.02
2 0.37 0.43 0.0 0.01
7 0.38 0.43 0.01 0.01
4 0.51 0.39 0.01 0.01
2 0.56 0.38 0.0 0.01
7 0.56 0.38 0.01 0.01
4 0.54 0.37 0.01 0.01
4 0.53 0.36 0.01 0.01
0 0.58 0.34 0.0 0.01
0 0.63 0.35 0.03 0.01
4 0.59 0.34 0.02 0.01
4 0.56 0.34 0.02 0.01
4 0.54 0.35 0.02 0.01
0 0.52 0.35 0.01 0.01
0 0.45 0.35 0.01 0.01
0 0.36 0.35 0.08 0.01
4 0.38 0.33 0.02 0.01
0 0.45 0.32 0.04 0.03
0 0.41 0.33 0.01 0.01
0 0.47 0.3 0.01 0.02
0 0.52 0.34 0.02 0.01
0 0.72 0.34 0.02 0.01
0 0.69 0.35 0.02 0.01
0 0.19 0.34 0.03 0.01
