4 0.5 0.62 0.03 0.04
4 0.44 0.65 0.03 0.05
4 0.37 0.53 0.02 0.03
4 0.41 0.46 0.02 0.03
4 0.45 0.35 0.01 0.02
4 0.42 0.33 0.02 0.02
4 0.43 0.3 0.01 0.02
4 0.57 0.44 0.02 0.02
4 0.6 0.56 0.03 0.03
4 0.59 0.5 0.02 0.03
4 0.64 0.54 0.05 0.02
4 0.61 0.42 0.04 0.02
4 0.22 0.62 0.03 0.04
4 0.27 0.49 0.03 0.03
4 0.28 0.46 0.02 0.03
4 0.31 0.38 0.02 0.02
4 0.45 0.25 0.01 0.01
4 0.43 0.25 0.01 0.02
4 0.44 0.23 0.01 0.01
4 0.37 0.23 0.01 0.01
4 0.35 0.27 0.01 0.01
4 0.35 0.26 0.01 0.01
5 0.36 0.24 0.01 0.01
4 0.28 0.34 0.03 0.01
4 0.27 0.36 0.04 0.02
4 0.27 0.37 0.04 0.02
4 0.26 0.38 0.04 0.02
4 0.25 0.38 0.04 0.02
4 0.24 0.42 0.04 0.02
4 0.23 0.44 0.04 0.02
10 0.24 0.45 0.02 0.01
4 0.22 0.5 0.05 0.02
4 0.2 0.52 0.05 0.03
4 0.21 0.58 0.04 0.04
4 0.15 0.6 0.05 0.03
4 0.13 0.62 0.05 0.03
4 0.12 0.65 0.06 0.03
4 0.13 0.69 0.06 0.04
1 0.07 0.71 0.01 0.02
4 0.02 0.53 0.05 0.02
4 0.04 0.52 0.06 0.02
4 0.05 0.5 0.05 0.02
4 0.06 0.48 0.05 0.02
5 0.06 0.47 0.05 0.02
4 0.07 0.45 0.05 0.02
4 0.08 0.44 0.05 0.02
4 0.1 0.43 0.05 0.02
4 0.1 0.42 0.05 0.02
4 0.11 0.4 0.04 0.02
4 0.12 0.39 0.03 0.02
1 0.3 0.31 0.01 0.01
1 0.29 0.31 0.0 0.01
1 0.34 0.28 0.01 0.01
1 0.4 0.27 0.0 0.01
1 0.38 0.35 0.01 0.01
10 0.38 0.35 0.0 0.01
10 0.4 0.28 0.01 0.01
1 0.15 0.45 0.01 0.02
1 0.13 0.44 0.01 0.01
3 0.13 0.44 0.01 0.01
0 0.03 0.43 0.04 0.01
10 0.15 0.38 0.01 0.01
1 0.49 0.32 0.0 0.01
1 0.5 0.32 0.0 0.01
10 0.49 0.33 0.01 0.01
10 0.5 0.33 0.01 0.01
1 0.52 0.32 0.0 0.01
1 0.53 0.38 0.01 0.01
10 0.53 0.39 0.01 0.01
2 0.19 0.45 0.01 0.01
1 0.31 0.48 0.01 0.01
10 0.31 0.49 0.01 0.01
1 0.25 0.53 0.01 0.02
1 0.25 0.52 0.01 0.01
1 0.25 0.61 0.01 0.02
1 0.24 0.67 0.01 0.02
1 0.23 0.68 0.01 0.02
1 0.21 0.68 0.01 0.02
1 0.21 0.69 0.01 0.02
1 0.22 0.69 0.01 0.02
1 0.2 0.74 0.01 0.02
3 0.2 0.75 0.01 0.02
1 0.22 0.76 0.01 0.03
7 0.11 0.74 0.04 0.02
9 0.49 0.49 0.03 0.07
