4 0.39 0.71 0.05 0.08
7 0.21 0.75 0.04 0.07
2 0.22 0.77 0.01 0.03
2 0.2 0.76 0.01 0.02
3 0.31 0.67 0.01 0.04
1 0.31 0.66 0.01 0.02
7 0.56 0.69 0.02 0.04
2 0.56 0.68 0.02 0.02
2 0.56 0.69 0.02 0.02
3 0.69 0.72 0.03 0.02
4 0.61 0.77 0.04 0.03
1 0.63 0.76 0.02 0.02
3 0.7 0.76 0.04 0.02
1 0.75 0.77 0.02 0.02
1 0.75 0.76 0.02 0.02
1 0.77 0.77 0.01 0.02
1 0.66 0.67 0.02 0.02
1 0.68 0.67 0.02 0.03
1 0.67 0.66 0.01 0.03
10 0.79 0.65 0.02 0.04
1 0.81 0.7 0.02 0.02
1 0.81 0.69 0.02 0.02
1 0.88 0.71 0.02 0.02
10 0.86 0.73 0.02 0.04
10 0.9 0.75 0.05 0.03
10 0.88 0.77 0.05 0.03
10 0.97 0.77 0.02 0.03
10 0.88 0.78 0.04 0.01
10 0.91 0.63 0.03 0.03
10 0.93 0.63 0.02 0.04
10 0.95 0.63 0.02 0.03
1 0.91 0.6 0.02 0.02
1 0.84 0.47 0.02 0.02
1 0.82 0.47 0.02 0.02
1 0.69 0.61 0.01 0.02
1 0.6 0.6 0.01 0.02
1 0.68 0.55 0.01 0.02
1 0.66 0.54 0.01 0.02
1 0.66 0.54 0.01 0.03
10 0.68 0.5 0.03 0.02
2 0.68 0.5 0.01 0.02
1 0.61 0.46 0.01 0.02
4 0.62 0.44 0.08 0.03
4 0.68 0.39 0.07 0.03
3 0.61 0.42 0.02 0.02
1 0.6 0.42 0.01 0.02
1 0.56 0.43 0.01 0.02
3 0.56 0.4 0.02 0.02
2 0.57 0.4 0.01 0.02
10 0.54 0.42 0.01 0.02
2 0.54 0.42 0.01 0.02
10 0.5 0.45 0.02 0.02
2 0.5 0.45 0.01 0.02
10 0.5 0.43 0.02 0.02
2 0.49 0.43 0.01 0.02
4 0.57 0.38 0.07 0.04
10 0.57 0.34 0.02 0.02
1 0.62 0.33 0.01 0.02
2 0.62 0.32 0.01 0.01
1 0.63 0.31 0.01 0.02
1 0.59 0.29 0.01 0.02
1 0.58 0.29 0.01 0.02
1 0.6 0.29 0.01 0.02
1 0.61 0.28 0.01 0.02
1 0.62 0.27 0.01 0.02
1 0.58 0.29 0.01 0.02
10 0.57 0.29 0.02 0.02
10 0.57 0.28 0.02 0.01
1 0.59 0.28 0.01 0.02
1 0.56 0.27 0.01 0.02
1 0.55 0.24 0.01 0.02
1 0.55 0.23 0.01 0.02
1 0.54 0.23 0.01 0.01
10 0.48 0.34 0.01 0.02
10 0.48 0.31 0.01 0.02
10 0.48 0.26 0.01 0.02
10 0.49 0.25 0.01 0.02
10 0.48 0.24 0.01 0.02
2 0.48 0.34 0.01 0.02
2 0.48 0.34 0.01 0.02
2 0.48 0.3 0.01 0.02
2 0.49 0.26 0.01 0.02
2 0.49 0.25 0.01 0.02
2 0.48 0.24 0.01 0.02
7 0.45 0.27 0.02 0.03
2 0.45 0.26 0.01 0.01
1 0.6 0.23 0.01 0.02
4 0.26 0.53 0.08 0.05
4 0.35 0.47 0.04 0.06
4 0.35 0.4 0.04 0.05
5 0.42 0.36 0.04 0.05
1 0.35 0.35 0.01 0.02
1 0.49 0.32 0.01 0.02
1 0.5 0.32 0.01 0.02
2 0.5 0.32 0.01 0.01
1 0.22 0.47 0.01 0.02
4 0.09 0.47 0.09 0.04
4 0.19 0.34 0.05 0.04
4 0.14 0.37 0.05 0.04
10 0.11 0.38 0.01 0.03
10 0.1 0.38 0.01 0.03
3 0.09 0.38 0.01 0.02
4 0.04 0.42 0.08 0.03
1 0.25 0.29 0.01 0.02
10 0.27 0.28 0.02 0.01
10 0.3 0.25 0.02 0.02
1 0.24 0.24 0.01 0.02
10 0.35 0.23 0.01 0.02
2 0.35 0.23 0.01 0.01
