0 0.44 0.5 0.05 0.02
0 0.46 0.53 0.01 0.03
3 0.76 0.66 0.03 0.05
4 0.62 0.74 0.15 0.09
1 0.37 0.66 0.03 0.08
3 0.17 0.62 0.03 0.03
3 0.19 0.61 0.02 0.03
4 0.58 0.67 0.1 0.08
1 0.59 0.62 0.02 0.06
4 0.54 0.62 0.07 0.05
4 0.52 0.59 0.05 0.04
4 0.51 0.58 0.04 0.04
1 0.54 0.55 0.01 0.02
3 0.31 0.55 0.01 0.02
4 0.33 0.57 0.05 0.04
4 0.35 0.54 0.03 0.02
0 0.38 0.53 0.02 0.02
1 0.4 0.53 0.01 0.02
4 0.4 0.52 0.02 0.01
4 0.41 0.52 0.01 0.01
4 0.42 0.53 0.02 0.02
4 0.43 0.52 0.01 0.01
4 0.43 0.52 0.02 0.01
4 0.5 0.57 0.03 0.03
4 0.49 0.56 0.03 0.02
4 0.49 0.55 0.02 0.02
0 0.47 0.52 0.04 0.03
3 0.47 0.61 0.02 0.03
2 0.47 0.59 0.01 0.04
10 0.45 0.54 0.01 0.01
2 0.45 0.54 0.01 0.02
10 0.45 0.56 0.01 0.02
2 0.45 0.55 0.01 0.02
4 0.48 0.55 0.02 0.02
4 0.48 0.54 0.02 0.02
10 0.46 0.58 0.02 0.02
2 0.46 0.58 0.01 0.03
2 0.46 0.57 0.01 0.03
