0 0.49 0.26 0.02 0.01
0 0.51 0.26 0.01 0.01
0 0.55 0.28 0.03 0.02
0 0.52 0.26 0.01 0.02
0 0.51 0.27 0.01 0.01
0 0.57 0.27 0.01 0.02
2 0.25 0.7 0.05 0.06
1 0.11 0.74 0.03 0.06
1 0.13 0.72 0.04 0.05
1 0.09 0.72 0.03 0.08
1 0.22 0.62 0.02 0.05
1 0.23 0.58 0.02 0.04
1 0.26 0.58 0.01 0.04
2 0.26 0.64 0.03 0.03
2 0.27 0.62 0.02 0.03
2 0.29 0.61 0.03 0.03
1 0.31 0.58 0.01 0.04
1 0.3 0.57 0.02 0.04
1 0.3 0.57 0.02 0.04
1 0.31 0.58 0.01 0.04
1 0.32 0.57 0.02 0.06
1 0.25 0.54 0.02 0.04
1 0.37 0.55 0.02 0.06
10 0.36 0.61 0.04 0.08
10 0.41 0.54 0.04 0.05
10 0.44 0.51 0.05 0.05
1 0.54 0.45 0.01 0.04
1 0.3 0.53 0.02 0.05
1 0.27 0.52 0.02 0.05
1 0.25 0.54 0.02 0.04
1 0.43 0.46 0.01 0.05
1 0.44 0.46 0.01 0.05
1 0.47 0.48 0.01 0.05
1 0.47 0.47 0.01 0.05
1 0.48 0.45 0.02 0.04
1 0.49 0.44 0.01 0.04
1 0.53 0.42 0.02 0.04
2 0.56 0.41 0.01 0.02
2 0.56 0.41 0.01 0.03
2 0.55 0.41 0.01 0.02
2 0.56 0.41 0.01 0.03
1 0.51 0.4 0.01 0.04
1 0.5 0.39 0.01 0.04
1 0.44 0.37 0.01 0.03
1 0.47 0.36 0.01 0.02
1 0.53 0.37 0.01 0.03
1 0.49 0.37 0.01 0.03
1 0.52 0.37 0.01 0.03
2 0.49 0.36 0.01 0.02
1 0.5 0.36 0.01 0.02
1 0.49 0.34 0.01 0.02
1 0.48 0.34 0.01 0.02
1 0.51 0.37 0.01 0.02
2 0.51 0.35 0.0 0.01
2 0.52 0.36 0.01 0.02
1 0.51 0.36 0.01 0.03
3 0.51 0.37 0.01 0.02
3 0.56 0.42 0.02 0.03
2 0.56 0.32 0.01 0.02
10 0.56 0.33 0.01 0.01
1 0.59 0.3 0.01 0.01
1 0.59 0.3 0.01 0.01
2 0.57 0.3 0.0 0.01
2 0.57 0.3 0.01 0.01
10 0.57 0.3 0.0 0.01
1 0.53 0.33 0.01 0.02
1 0.53 0.33 0.01 0.02
1 0.52 0.32 0.01 0.01
2 0.51 0.32 0.01 0.01
1 0.53 0.32 0.01 0.02
1 0.53 0.32 0.01 0.02
2 0.5 0.35 0.01 0.02
10 0.5 0.35 0.01 0.01
1 0.49 0.35 0.01 0.01
1 0.5 0.34 0.01 0.02
2 0.78 0.75 0.06 0.06
2 0.62 0.75 0.05 0.07
8 0.62 0.72 0.08 0.13
2 0.26 0.63 0.01 0.02
10 0.51 0.34 0.01 0.01
10 0.52 0.33 0.01 0.01
1 0.49 0.3 0.0 0.01
2 0.49 0.31 0.01 0.01
1 0.56 0.29 0.01 0.01
0 0.54 0.29 0.03 0.01
1 0.54 0.31 0.01 0.01
1 0.53 0.31 0.0 0.01
1 0.53 0.31 0.0 0.01
1 0.53 0.3 0.0 0.01
1 0.54 0.3 0.0 0.01
1 0.53 0.3 0.01 0.01
11 0.54 0.31 0.01 0.01
1 0.57 0.29 0.0 0.01
7 0.57 0.3 0.01 0.01
1 0.5 0.29 0.0 0.01
1 0.51 0.29 0.0 0.01
2 0.5 0.29 0.0 0.01
1 0.5 0.29 0.0 0.01
1 0.5 0.29 0.0 0.01
2 0.52 0.29 0.0 0.01
