4 0.44 0.52 0.04 0.04
4 0.5 0.52 0.04 0.04
2 0.59 0.77 0.03 0.03
2 0.27 0.76 0.03 0.04
2 0.3 0.69 0.03 0.03
2 0.28 0.75 0.02 0.04
10 0.31 0.71 0.02 0.03
10 0.27 0.77 0.03 0.03
4 0.43 0.62 0.05 0.08
10 0.48 0.67 0.03 0.04
2 0.33 0.59 0.02 0.02
10 0.33 0.59 0.02 0.03
2 0.52 0.56 0.01 0.02
7 0.52 0.57 0.02 0.03
1 0.7 0.73 0.02 0.04
4 0.64 0.63 0.07 0.08
4 0.5 0.46 0.03 0.03
4 0.45 0.47 0.03 0.04
2 0.38 0.5 0.01 0.02
10 0.38 0.51 0.02 0.02
2 0.36 0.49 0.01 0.02
10 0.37 0.49 0.01 0.02
4 0.27 0.5 0.1 0.04
2 0.4 0.47 0.01 0.02
7 0.39 0.48 0.03 0.03
4 0.45 0.44 0.03 0.03
4 0.45 0.43 0.03 0.03
4 0.48 0.42 0.02 0.02
4 0.48 0.38 0.02 0.02
4 0.48 0.36 0.02 0.01
4 0.45 0.39 0.02 0.03
0 0.47 0.32 0.08 0.04
0 0.52 0.38 0.05 0.07
0 0.41 0.39 0.06 0.09
0 0.45 0.36 0.03 0.03
