0 0.4 0.32 0.05 0.04
6 0.39 0.34 0.01 0.01
5 0.37 0.38 0.01 0.01
4 0.39 0.4 0.02 0.02
5 0.34 0.44 0.03 0.03
4 0.34 0.43 0.02 0.02
4 0.42 0.38 0.01 0.01
4 0.42 0.37 0.01 0.01
4 0.43 0.37 0.01 0.01
7 0.43 0.35 0.01 0.01
6 0.44 0.35 0.01 0.0
4 0.44 0.35 0.01 0.01
4 0.44 0.35 0.01 0.01
5 0.44 0.36 0.01 0.01
4 0.45 0.37 0.01 0.01
4 0.45 0.37 0.01 0.01
4 0.46 0.38 0.01 0.01
4 0.46 0.38 0.02 0.01
4 0.47 0.39 0.01 0.01
7 0.45 0.39 0.01 0.01
4 0.44 0.41 0.02 0.02
4 0.49 0.42 0.02 0.02
2 0.44 0.43 0.01 0.01
7 0.44 0.44 0.02 0.02
0 0.31 0.33 0.03 0.02
4 0.48 0.34 0.01 0.01
4 0.53 0.37 0.03 0.01
5 0.26 0.36 0.01 0.01
5 0.25 0.35 0.01 0.01
4 0.25 0.37 0.01 0.01
7 0.24 0.37 0.02 0.01
4 0.22 0.38 0.02 0.01
4 0.21 0.39 0.02 0.01
4 0.2 0.38 0.02 0.01
4 0.2 0.39 0.02 0.01
4 0.18 0.38 0.02 0.01
4 0.13 0.4 0.04 0.01
4 0.08 0.42 0.05 0.02
1 0.13 0.42 0.01 0.01
1 0.12 0.42 0.0 0.01
1 0.12 0.42 0.01 0.02
1 0.1 0.43 0.01 0.02
1 0.09 0.43 0.01 0.02
1 0.08 0.44 0.01 0.02
1 0.08 0.44 0.01 0.02
4 0.04 0.44 0.04 0.02
5 0.02 0.44 0.04 0.02
10 0.03 0.46 0.03 0.01
10 0.01 0.46 0.01 0.01
1 0.03 0.47 0.01 0.02
4 0.04 0.51 0.06 0.04
4 0.08 0.48 0.05 0.03
7 0.12 0.46 0.02 0.02
1 0.13 0.44 0.01 0.02
1 0.14 0.44 0.01 0.02
1 0.14 0.44 0.01 0.02
4 0.23 0.4 0.04 0.01
4 0.23 0.41 0.04 0.02
1 0.22 0.41 0.05 0.02
1 0.24 0.42 0.01 0.02
1 0.25 0.42 0.0 0.02
1 0.25 0.43 0.01 0.01
1 0.21 0.44 0.01 0.02
1 0.18 0.49 0.01 0.03
1 0.19 0.48 0.01 0.02
1 0.2 0.48 0.01 0.02
1 0.21 0.46 0.01 0.02
1 0.22 0.46 0.01 0.02
1 0.23 0.46 0.01 0.02
4 0.24 0.44 0.03 0.02
1 0.21 0.48 0.01 0.02
1 0.21 0.48 0.01 0.02
1 0.22 0.48 0.01 0.02
1 0.25 0.5 0.01 0.02
1 0.25 0.5 0.01 0.02
4 0.08 0.59 0.12 0.11
4 0.31 0.62 0.06 0.08
4 0.4 0.59 0.05 0.06
4 0.4 0.52 0.04 0.04
1 0.43 0.5 0.01 0.03
1 0.34 0.5 0.01 0.02
1 0.34 0.5 0.01 0.03
5 0.32 0.5 0.05 0.04
4 0.34 0.44 0.03 0.02
4 0.35 0.43 0.02 0.02
4 0.39 0.4 0.02 0.02
0 0.38 0.31 0.08 0.03
4 0.32 0.32 0.01 0.01
4 0.32 0.33 0.01 0.01
4 0.31 0.33 0.01 0.01
5 0.27 0.34 0.01 0.01
5 0.24 0.35 0.01 0.01
5 0.26 0.36 0.01 0.01
4 0.25 0.37 0.01 0.01
8 0.24 0.38 0.02 0.01
4 0.22 0.38 0.02 0.01
4 0.34 0.34 0.01 0.01
4 0.33 0.35 0.01 0.01
5 0.33 0.35 0.01 0.01
4 0.32 0.36 0.01 0.01
6 0.39 0.34 0.01 0.01
5 0.37 0.38 0.01 0.02
6 0.42 0.33 0.01 0.01
4 0.44 0.35 0.01 0.01
4 0.44 0.35 0.01 0.01
4 0.44 0.36 0.01 0.01
5 0.44 0.36 0.01 0.01
4 0.45 0.37 0.01 0.01
4 0.45 0.37 0.01 0.01
4 0.46 0.38 0.01 0.01
4 0.46 0.38 0.01 0.01
4 0.47 0.39 0.01 0.01
8 0.45 0.39 0.01 0.02
7 0.42 0.35 0.0 0.01
4 0.43 0.36 0.01 0.01
4 0.42 0.37 0.01 0.01
4 0.42 0.38 0.01 0.01
4 0.44 0.41 0.02 0.02
4 0.49 0.42 0.02 0.02
4 0.46 0.48 0.03 0.02
2 0.45 0.49 0.01 0.02
10 0.45 0.49 0.02 0.02
4 0.67 0.64 0.08 0.06
1 0.61 0.6 0.01 0.04
1 0.62 0.59 0.01 0.04
4 0.63 0.58 0.06 0.04
2 0.47 0.44 0.01 0.01
2 0.47 0.44 0.01 0.01
10 0.46 0.44 0.01 0.01
2 0.47 0.45 0.01 0.01
10 0.47 0.46 0.01 0.01
2 0.49 0.43 0.01 0.01
7 0.48 0.44 0.02 0.01
4 0.5 0.45 0.03 0.02
4 0.51 0.44 0.02 0.02
4 0.53 0.47 0.03 0.02
4 0.54 0.39 0.02 0.01
1 0.77 0.61 0.01 0.03
3 0.93 0.52 0.02 0.02
1 0.9 0.53 0.01 0.02
1 0.9 0.53 0.01 0.02
1 0.91 0.53 0.01 0.02
2 0.88 0.51 0.01 0.02
10 0.88 0.52 0.02 0.02
10 0.81 0.58 0.02 0.03
2 0.81 0.52 0.01 0.02
1 0.79 0.51 0.01 0.02
2 0.81 0.49 0.01 0.02
10 0.81 0.5 0.02 0.01
10 0.69 0.4 0.01 0.01
10 0.71 0.41 0.01 0.01
2 0.7 0.41 0.01 0.01
3 0.7 0.41 0.01 0.01
10 0.75 0.43 0.01 0.01
1 0.8 0.44 0.0 0.01
1 0.8 0.43 0.01 0.01
1 0.78 0.44 0.01 0.02
10 0.76 0.44 0.02 0.01
3 0.77 0.44 0.01 0.01
1 0.59 0.43 0.01 0.02
1 0.61 0.45 0.01 0.02
1 0.62 0.46 0.01 0.02
1 0.63 0.46 0.01 0.02
2 0.58 0.45 0.01 0.01
4 0.57 0.51 0.04 0.03
2 0.61 0.53 0.01 0.02
1 0.58 0.53 0.01 0.03
1 0.58 0.56 0.01 0.03
1 0.56 0.55 0.01 0.03
2 0.57 0.55 0.01 0.02
3 0.57 0.56 0.01 0.01
1 0.8 0.47 0.01 0.02
1 0.79 0.46 0.01 0.02
1 0.75 0.48 0.01 0.02
1 0.76 0.48 0.01 0.02
1 0.86 0.49 0.01 0.02
2 0.87 0.48 0.01 0.01
2 0.88 0.48 0.01 0.02
2 0.88 0.48 0.01 0.01
10 0.87 0.49 0.02 0.01
