0 0.48 0.37 0.17 0.1
4 0.57 0.62 0.06 0.06
4 0.31 0.67 0.06 0.08
4 0.5 0.5 0.04 0.03
4 0.53 0.47 0.03 0.02
4 0.3 0.54 0.04 0.04
4 0.16 0.58 0.04 0.04
4 0.19 0.58 0.04 0.05
4 0.37 0.49 0.03 0.03
4 0.34 0.49 0.03 0.02
4 0.39 0.45 0.02 0.01
2 0.4 0.6 0.01 0.02
2 0.38 0.53 0.01 0.01
2 0.42 0.43 0.01 0.01
2 0.41 0.52 0.01 0.01
2 0.37 0.52 0.01 0.01
2 0.55 0.45 0.01 0.01
2 0.59 0.51 0.01 0.01
7 0.4 0.61 0.03 0.03
3 0.37 0.53 0.01 0.02
3 0.38 0.54 0.01 0.02
10 0.41 0.54 0.01 0.01
10 0.42 0.44 0.01 0.01
10 0.59 0.52 0.01 0.01
3 0.55 0.45 0.01 0.01
2 0.55 0.43 0.01 0.01
3 0.55 0.43 0.01 0.01
3 0.24 0.59 0.03 0.03
5 0.32 0.47 0.04 0.02
5 0.34 0.47 0.05 0.02
4 0.34 0.46 0.04 0.02
4 0.6 0.5 0.03 0.02
4 0.58 0.46 0.02 0.02
4 0.56 0.44 0.02 0.02
1 0.57 0.44 0.01 0.01
2 0.57 0.44 0.01 0.01
7 0.59 0.48 0.01 0.02
10 0.07 0.59 0.02 0.02
