4 0.43 0.73 0.07 0.11
4 0.36 0.62 0.07 0.07
4 0.19 0.59 0.09 0.07
4 0.12 0.74 0.12 0.09
4 0.53 0.38 0.02 0.03
4 0.47 0.37 0.03 0.02
4 0.51 0.34 0.02 0.02
4 0.49 0.32 0.02 0.01
4 0.54 0.32 0.02 0.02
4 0.57 0.32 0.02 0.02
5 0.55 0.31 0.02 0.02
4 0.52 0.29 0.01 0.01
4 0.5 0.3 0.01 0.01
4 0.51 0.28 0.01 0.01
4 0.6 0.39 0.03 0.03
4 0.61 0.42 0.03 0.03
4 0.54 0.26 0.01 0.01
4 0.52 0.26 0.01 0.01
4 0.5 0.27 0.01 0.01
4 0.51 0.26 0.01 0.01
4 0.51 0.25 0.01 0.01
4 0.47 0.29 0.02 0.01
4 0.47 0.25 0.01 0.01
4 0.47 0.26 0.01 0.01
4 0.46 0.27 0.01 0.01
4 0.46 0.28 0.01 0.01
4 0.45 0.28 0.01 0.01
4 0.44 0.29 0.01 0.01
4 0.44 0.3 0.02 0.01
4 0.42 0.31 0.02 0.02
4 0.41 0.35 0.03 0.02
4 0.38 0.37 0.03 0.03
4 0.37 0.42 0.04 0.04
4 0.33 0.41 0.04 0.03
9 0.33 0.36 0.06 0.06
9 0.34 0.32 0.04 0.04
4 0.39 0.33 0.03 0.02
4 0.39 0.31 0.02 0.02
4 0.37 0.31 0.02 0.02
4 0.38 0.3 0.02 0.01
4 0.41 0.3 0.02 0.02
4 0.42 0.29 0.01 0.02
4 0.43 0.28 0.01 0.02
4 0.43 0.28 0.01 0.01
4 0.44 0.27 0.01 0.01
4 0.44 0.27 0.01 0.01
4 0.45 0.26 0.01 0.01
4 0.46 0.26 0.01 0.01
4 0.46 0.25 0.01 0.01
9 0.4 0.28 0.03 0.03
9 0.42 0.27 0.03 0.02
9 0.44 0.25 0.02 0.03
4 0.28 0.37 0.03 0.03
4 0.25 0.39 0.04 0.03
4 0.22 0.42 0.05 0.03
4 0.26 0.43 0.05 0.03
1 0.19 0.44 0.02 0.05
1 0.16 0.46 0.02 0.05
1 0.43 0.46 0.02 0.06
1 0.44 0.45 0.02 0.05
1 0.55 0.48 0.03 0.06
1 0.55 0.47 0.04 0.06
4 0.49 0.44 0.04 0.04
4 0.44 0.44 0.03 0.04
1 0.63 0.46 0.03 0.05
1 0.74 0.47 0.03 0.05
1 0.81 0.47 0.02 0.05
1 0.82 0.46 0.02 0.06
1 0.65 0.5 0.03 0.05
1 0.65 0.49 0.02 0.06
1 0.59 0.62 0.02 0.04
10 0.59 0.63 0.02 0.04
1 0.62 0.6 0.02 0.02
1 0.62 0.59 0.02 0.02
10 0.62 0.6 0.02 0.03
1 0.71 0.62 0.02 0.04
3 0.73 0.64 0.05 0.02
1 0.11 0.31 0.01 0.02
1 0.11 0.33 0.01 0.02
1 0.1 0.33 0.01 0.02
1 0.12 0.33 0.01 0.02
1 0.16 0.31 0.01 0.02
1 0.17 0.31 0.01 0.01
1 0.22 0.3 0.01 0.01
1 0.23 0.3 0.01 0.01
1 0.22 0.3 0.01 0.01
1 0.19 0.31 0.01 0.02
1 0.19 0.31 0.01 0.02
1 0.19 0.31 0.01 0.02
1 0.21 0.33 0.01 0.02
3 0.21 0.33 0.01 0.01
1 0.22 0.34 0.01 0.02
1 0.24 0.34 0.01 0.02
1 0.25 0.34 0.01 0.02
1 0.27 0.33 0.01 0.02
1 0.31 0.29 0.01 0.01
1 0.3 0.29 0.01 0.01
1 0.29 0.3 0.01 0.01
1 0.28 0.3 0.01 0.01
1 0.26 0.3 0.01 0.02
1 0.25 0.3 0.01 0.01
1 0.25 0.3 0.0 0.01
1 0.26 0.32 0.01 0.01
1 0.3 0.32 0.01 0.01
1 0.17 0.38 0.01 0.02
1 0.16 0.36 0.01 0.02
1 0.14 0.37 0.01 0.02
1 0.08 0.36 0.01 0.02
1 0.05 0.39 0.01 0.03
1 0.04 0.39 0.01 0.03
1 0.03 0.39 0.01 0.03
2 0.08 0.39 0.01 0.02
3 0.08 0.4 0.02 0.02
1 0.11 0.38 0.01 0.02
1 0.11 0.38 0.01 0.02
10 0.13 0.36 0.01 0.01
1 0.13 0.36 0.01 0.02
1 0.13 0.36 0.01 0.01
1 0.17 0.41 0.01 0.03
1 0.17 0.4 0.01 0.02
0 0.19 0.38 0.02 0.02
1 0.22 0.38 0.01 0.02
0 0.23 0.36 0.01 0.01
1 0.13 0.39 0.01 0.02
1 0.14 0.39 0.01 0.02
1 0.14 0.39 0.01 0.02
1 0.15 0.39 0.01 0.02
1 0.04 0.43 0.01 0.03
1 0.13 0.42 0.01 0.03
1 0.13 0.42 0.01 0.03
1 0.1 0.43 0.01 0.03
1 0.08 0.43 0.01 0.03
1 0.04 0.48 0.03 0.05
1 0.01 0.43 0.02 0.05
1 0.26 0.34 0.01 0.02
1 0.26 0.33 0.01 0.02
1 0.29 0.32 0.01 0.02
1 0.3 0.31 0.01 0.02
1 0.25 0.31 0.01 0.01
1 0.27 0.31 0.01 0.01
3 0.27 0.31 0.01 0.01
3 0.26 0.31 0.01 0.01
10 0.25 0.31 0.01 0.01
3 0.16 0.37 0.01 0.01
3 0.14 0.38 0.01 0.01
4 0.06 0.53 0.11 0.06
4 0.04 0.72 0.08 0.12
4 0.74 0.38 0.04 0.03
1 0.72 0.35 0.01 0.02
1 0.78 0.33 0.01 0.01
1 0.79 0.32 0.0 0.02
1 0.79 0.32 0.01 0.02
1 0.78 0.32 0.01 0.01
1 0.75 0.31 0.01 0.02
1 0.74 0.32 0.01 0.01
1 0.76 0.43 0.01 0.03
1 0.75 0.43 0.01 0.03
1 0.73 0.41 0.01 0.03
1 0.72 0.41 0.01 0.03
1 0.74 0.41 0.01 0.02
1 0.73 0.41 0.01 0.03
1 0.73 0.4 0.01 0.02
1 0.72 0.4 0.01 0.02
1 0.72 0.39 0.01 0.02
1 0.71 0.4 0.01 0.02
1 0.7 0.39 0.01 0.02
1 0.71 0.38 0.01 0.02
1 0.73 0.38 0.01 0.02
1 0.76 0.4 0.01 0.02
1 0.77 0.42 0.01 0.03
1 0.78 0.42 0.01 0.03
1 0.79 0.44 0.01 0.04
1 0.81 0.44 0.01 0.03
1 0.77 0.38 0.01 0.02
1 0.78 0.38 0.01 0.02
1 0.76 0.4 0.01 0.02
1 0.76 0.4 0.01 0.02
1 0.77 0.4 0.01 0.02
1 0.75 0.39 0.01 0.02
1 0.75 0.39 0.01 0.02
1 0.81 0.32 0.01 0.01
1 0.83 0.33 0.0 0.01
1 0.84 0.32 0.01 0.02
1 0.85 0.32 0.0 0.01
1 0.63 0.42 0.01 0.02
1 0.64 0.41 0.01 0.02
1 0.65 0.44 0.01 0.03
1 0.64 0.42 0.01 0.02
1 0.67 0.41 0.01 0.02
3 0.67 0.41 0.02 0.02
3 0.7 0.4 0.01 0.01
3 0.69 0.4 0.01 0.01
11 0.63 0.38 0.01 0.02
3 0.64 0.38 0.01 0.02
