1 0.01 0.68 0.01 0.04
1 0.03 0.68 0.02 0.04
2 0.02 0.66 0.01 0.03
2 0.08 0.66 0.02 0.03
2 0.04 0.65 0.02 0.03
2 0.05 0.65 0.02 0.03
3 0.02 0.67 0.04 0.02
10 0.05 0.66 0.04 0.03
3 0.08 0.67 0.04 0.03
2 0.11 0.58 0.01 0.03
3 0.11 0.59 0.03 0.02
5 0.11 0.54 0.05 0.03
5 0.1 0.51 0.05 0.02
5 0.06 0.53 0.06 0.03
2 0.16 0.59 0.01 0.02
1 0.19 0.57 0.01 0.03
2 0.23 0.59 0.01 0.03
2 0.22 0.57 0.01 0.02
2 0.25 0.58 0.01 0.03
1 0.21 0.57 0.01 0.02
1 0.24 0.58 0.01 0.03
1 0.23 0.57 0.01 0.03
1 0.25 0.57 0.01 0.02
1 0.25 0.56 0.01 0.02
1 0.26 0.55 0.01 0.02
1 0.28 0.54 0.01 0.02
3 0.17 0.59 0.03 0.02
3 0.19 0.58 0.03 0.02
3 0.22 0.57 0.02 0.02
3 0.22 0.58 0.02 0.02
3 0.23 0.6 0.03 0.02
10 0.25 0.58 0.03 0.02
3 0.25 0.56 0.02 0.02
3 0.28 0.54 0.01 0.02
3 0.21 0.52 0.06 0.03
4 0.25 0.63 0.07 0.05
4 0.26 0.67 0.07 0.06
4 0.18 0.74 0.1 0.08
4 0.38 0.56 0.04 0.03
5 0.44 0.58 0.04 0.04
5 0.43 0.51 0.03 0.03
4 0.44 0.48 0.02 0.02
1 0.35 0.51 0.01 0.02
1 0.36 0.5 0.01 0.02
1 0.37 0.5 0.01 0.02
1 0.38 0.49 0.01 0.02
1 0.43 0.45 0.0 0.01
2 0.35 0.52 0.01 0.02
2 0.37 0.51 0.01 0.02
2 0.39 0.51 0.01 0.02
2 0.4 0.49 0.01 0.02
2 0.41 0.48 0.01 0.02
2 0.45 0.45 0.01 0.01
2 0.46 0.44 0.0 0.01
3 0.35 0.52 0.01 0.02
3 0.37 0.52 0.01 0.01
3 0.4 0.5 0.01 0.01
3 0.41 0.48 0.01 0.01
3 0.46 0.45 0.0 0.01
10 0.45 0.45 0.01 0.01
10 0.39 0.51 0.01 0.02
4 0.46 0.65 0.04 0.05
4 0.55 0.6 0.04 0.04
4 0.48 0.53 0.03 0.02
4 0.48 0.48 0.02 0.02
4 0.5 0.5 0.02 0.02
4 0.57 0.5 0.02 0.02
4 0.54 0.48 0.02 0.02
4 0.5 0.47 0.02 0.02
4 0.48 0.45 0.02 0.02
4 0.51 0.45 0.02 0.01
4 0.49 0.44 0.02 0.01
4 0.5 0.43 0.01 0.01
4 0.52 0.43 0.01 0.01
2 0.01 0.75 0.03 0.05
3 0.02 0.77 0.03 0.03
2 0.55 0.64 0.01 0.03
3 0.55 0.65 0.01 0.03
3 0.6 0.57 0.02 0.01
0 0.6 0.53 0.02 0.05
1 0.61 0.5 0.01 0.02
1 0.59 0.49 0.01 0.02
1 0.59 0.48 0.01 0.02
1 0.59 0.47 0.01 0.02
2 0.52 0.52 0.01 0.02
3 0.52 0.52 0.01 0.01
2 0.52 0.46 0.01 0.01
2 0.53 0.45 0.01 0.01
2 0.54 0.45 0.01 0.01
2 0.54 0.44 0.0 0.01
3 0.52 0.47 0.01 0.01
3 0.53 0.46 0.0 0.01
3 0.54 0.45 0.0 0.01
3 0.54 0.44 0.0 0.01
4 0.47 0.44 0.02 0.01
4 0.49 0.43 0.01 0.01
4 0.49 0.43 0.01 0.01
4 0.49 0.42 0.01 0.01
4 0.5 0.42 0.01 0.01
4 0.51 0.42 0.01 0.01
4 0.51 0.41 0.01 0.01
4 0.5 0.41 0.01 0.01
4 0.5 0.41 0.01 0.01
4 0.5 0.41 0.01 0.01
0 0.5 0.4 0.01 0.01
4 0.51 0.4 0.01 0.01
6 0.52 0.4 0.01 0.01
0 0.52 0.39 0.02 0.01
4 0.52 0.38 0.01 0.01
4 0.53 0.38 0.01 0.01
4 0.53 0.38 0.01 0.01
0 0.54 0.37 0.01 0.01
1 0.46 0.42 0.0 0.01
1 0.44 0.38 0.0 0.01
4 0.44 0.39 0.01 0.01
4 0.39 0.42 0.03 0.01
4 0.4 0.42 0.03 0.01
4 0.41 0.42 0.02 0.01
4 0.41 0.42 0.02 0.01
4 0.42 0.42 0.02 0.01
4 0.41 0.41 0.02 0.01
4 0.43 0.41 0.03 0.01
4 0.43 0.41 0.02 0.01
4 0.44 0.4 0.02 0.01
1 0.45 0.38 0.0 0.01
1 0.59 0.42 0.0 0.01
0 0.42 0.44 0.03 0.01
0 0.37 0.44 0.03 0.01
