0 0.05 0.34 0.09 0.05
0 0.32 0.35 0.07 0.03
0 0.18 0.69 0.05 0.19
0 0.16 0.32 0.12 0.06
0 0.09 0.4 0.04 0.07
0 0.25 0.34 0.05 0.03
4 0.4 0.62 0.05 0.05
4 0.24 0.66 0.04 0.06
9 0.3 0.69 0.1 0.18
4 0.2 0.48 0.02 0.02
4 0.12 0.44 0.02 0.02
4 0.04 0.49 0.07 0.03
1 0.05 0.49 0.01 0.02
1 0.05 0.62 0.01 0.03
2 0.09 0.77 0.02 0.02
1 0.05 0.44 0.01 0.02
2 0.08 0.67 0.02 0.03
3 0.08 0.68 0.02 0.03
0 0.0 0.46 0.01 0.02
4 0.03 0.44 0.05 0.03
2 0.05 0.55 0.01 0.02
3 0.05 0.55 0.01 0.02
2 0.08 0.58 0.01 0.03
3 0.08 0.59 0.01 0.02
1 0.14 0.64 0.01 0.03
0 0.12 0.51 0.01 0.03
0 0.1 0.45 0.01 0.01
2 0.08 0.62 0.01 0.03
3 0.08 0.63 0.01 0.03
2 0.1 0.59 0.01 0.02
3 0.1 0.6 0.01 0.02
0 0.11 0.61 0.01 0.03
2 0.08 0.48 0.01 0.02
3 0.08 0.49 0.01 0.02
1 0.1 0.5 0.01 0.02
4 0.24 0.37 0.02 0.01
4 0.27 0.36 0.02 0.01
4 0.27 0.37 0.02 0.01
4 0.26 0.37 0.02 0.01
4 0.25 0.38 0.02 0.01
4 0.31 0.38 0.02 0.01
4 0.28 0.38 0.02 0.01
4 0.26 0.38 0.02 0.01
0 0.44 0.37 0.01 0.01
4 0.3 0.38 0.02 0.01
4 0.28 0.39 0.02 0.01
4 0.29 0.4 0.02 0.01
4 0.3 0.39 0.02 0.01
4 0.32 0.39 0.02 0.01
4 0.33 0.39 0.02 0.01
4 0.37 0.38 0.02 0.01
4 0.3 0.41 0.02 0.02
4 0.31 0.4 0.02 0.01
4 0.32 0.42 0.02 0.02
4 0.33 0.41 0.02 0.01
4 0.34 0.4 0.02 0.01
4 0.35 0.41 0.02 0.01
4 0.36 0.4 0.02 0.01
4 0.35 0.42 0.03 0.01
9 0.38 0.4 0.05 0.03
4 0.34 0.44 0.02 0.02
4 0.38 0.42 0.02 0.02
4 0.36 0.45 0.03 0.02
4 0.38 0.47 0.03 0.02
4 0.37 0.44 0.03 0.02
9 0.41 0.45 0.07 0.06
4 0.41 0.43 0.03 0.01
4 0.41 0.49 0.03 0.02
4 0.44 0.45 0.02 0.02
9 0.46 0.44 0.07 0.05
4 0.43 0.51 0.04 0.03
4 0.46 0.47 0.03 0.02
4 0.45 0.49 0.04 0.02
9 0.52 0.47 0.08 0.06
4 0.46 0.54 0.05 0.03
4 0.48 0.51 0.04 0.03
4 0.5 0.5 0.04 0.02
4 0.5 0.57 0.05 0.04
4 0.52 0.55 0.05 0.04
4 0.53 0.52 0.05 0.03
4 0.55 0.62 0.06 0.05
4 0.58 0.55 0.06 0.03
4 0.58 0.59 0.07 0.05
4 0.63 0.59 0.06 0.04
4 0.66 0.57 0.06 0.04
4 0.63 0.64 0.07 0.05
4 0.6 0.67 0.07 0.06
4 0.71 0.64 0.08 0.05
4 0.72 0.7 0.07 0.06
9 0.72 0.72 0.21 0.12
4 0.88 0.76 0.11 0.05
4 0.95 0.62 0.01 0.03
4 0.94 0.63 0.02 0.03
1 0.82 0.63 0.01 0.03
1 0.82 0.62 0.01 0.03
2 0.82 0.58 0.01 0.03
10 0.82 0.58 0.03 0.02
1 0.91 0.62 0.01 0.03
1 0.9 0.63 0.01 0.03
1 0.91 0.64 0.01 0.03
2 0.89 0.64 0.02 0.03
3 0.89 0.65 0.03 0.03
1 0.68 0.55 0.01 0.03
3 0.68 0.55 0.02 0.02
2 0.74 0.54 0.01 0.02
3 0.73 0.54 0.02 0.02
4 0.75 0.54 0.05 0.03
3 0.64 0.51 0.01 0.02
2 0.64 0.51 0.01 0.02
3 0.69 0.51 0.02 0.02
2 0.69 0.51 0.01 0.02
4 0.62 0.48 0.04 0.02
4 0.59 0.46 0.04 0.02
0 0.45 0.4 0.1 0.03
