4 0.42 0.5 0.04 0.06
4 0.5 0.47 0.04 0.04
4 0.31 0.43 0.06 0.04
4 0.38 0.39 0.03 0.04
4 0.41 0.35 0.03 0.03
4 0.41 0.34 0.02 0.02
1 0.43 0.35 0.01 0.02
1 0.53 0.36 0.01 0.02
1 0.54 0.36 0.01 0.02
1 0.55 0.36 0.01 0.02
1 0.61 0.7 0.02 0.04
4 0.04 0.57 0.08 0.05
4 0.07 0.5 0.11 0.04
4 0.09 0.48 0.1 0.04
4 0.11 0.46 0.07 0.04
4 0.14 0.44 0.08 0.04
4 0.16 0.42 0.07 0.04
4 0.18 0.4 0.07 0.03
4 0.19 0.39 0.06 0.03
4 0.19 0.38 0.07 0.03
4 0.21 0.37 0.06 0.03
5 0.04 0.36 0.06 0.03
4 0.07 0.34 0.06 0.02
4 0.1 0.33 0.05 0.02
4 0.11 0.33 0.04 0.02
5 0.13 0.31 0.05 0.02
4 0.15 0.31 0.04 0.02
4 0.15 0.3 0.04 0.02
5 0.19 0.26 0.02 0.02
4 0.22 0.26 0.02 0.02
5 0.24 0.29 0.02 0.02
4 0.44 0.28 0.02 0.01
6 0.44 0.26 0.01 0.02
7 0.51 0.3 0.01 0.02
4 0.49 0.24 0.01 0.01
4 0.51 0.24 0.01 0.01
5 0.49 0.23 0.01 0.01
4 0.45 0.23 0.01 0.01
4 0.51 0.23 0.01 0.01
10 0.89 0.51 0.02 0.02
10 0.88 0.5 0.03 0.02
10 0.87 0.49 0.03 0.02
10 0.88 0.5 0.03 0.02
10 0.84 0.46 0.01 0.02
10 0.79 0.41 0.03 0.02
10 0.79 0.42 0.01 0.02
10 0.81 0.42 0.01 0.02
2 0.05 0.73 0.03 0.04
1 0.18 0.33 0.01 0.02
1 0.18 0.33 0.01 0.02
2 0.11 0.36 0.01 0.02
10 0.11 0.36 0.02 0.01
10 0.97 0.59 0.02 0.04
10 0.99 0.59 0.02 0.04
2 0.5 0.35 0.01 0.02
10 0.51 0.35 0.01 0.01
10 0.06 0.38 0.02 0.02
1 0.41 0.29 0.01 0.01
1 0.42 0.29 0.01 0.01
1 0.42 0.28 0.0 0.01
1 0.43 0.28 0.0 0.01
1 0.42 0.27 0.01 0.01
2 0.48 0.3 0.01 0.01
10 0.48 0.3 0.01 0.01
2 0.45 0.28 0.01 0.01
10 0.45 0.28 0.01 0.01
2 0.48 0.26 0.01 0.01
10 0.48 0.27 0.01 0.01
