4 0.28 0.68 0.05 0.06
4 0.23 0.61 0.05 0.05
4 0.2 0.54 0.04 0.04
4 0.23 0.48 0.04 0.03
4 0.17 0.68 0.06 0.07
4 0.16 0.59 0.04 0.05
4 0.06 0.6 0.05 0.05
4 0.07 0.75 0.06 0.06
4 0.12 0.53 0.03 0.03
4 0.06 0.52 0.04 0.04
4 0.17 0.45 0.03 0.02
4 0.11 0.44 0.03 0.03
4 0.06 0.47 0.03 0.02
4 0.19 0.4 0.03 0.02
4 0.13 0.39 0.02 0.02
4 0.1 0.41 0.02 0.02
4 0.05 0.4 0.02 0.02
4 0.09 0.38 0.02 0.02
4 0.12 0.36 0.01 0.02
4 0.12 0.34 0.01 0.01
4 0.15 0.35 0.02 0.01
4 0.13 0.32 0.01 0.02
4 0.09 0.36 0.02 0.02
4 0.11 0.32 0.02 0.01
1 0.55 0.38 0.0 0.01
1 0.49 0.36 0.0 0.01
4 0.08 0.33 0.01 0.01
4 0.1 0.31 0.01 0.01
4 0.1 0.3 0.01 0.01
4 0.09 0.29 0.01 0.01
4 0.12 0.29 0.01 0.01
4 0.09 0.28 0.01 0.01
4 0.07 0.31 0.01 0.01
4 0.07 0.3 0.01 0.01
4 0.07 0.28 0.01 0.01
4 0.07 0.27 0.01 0.01
4 0.06 0.27 0.01 0.01
4 0.08 0.26 0.01 0.01
4 0.05 0.32 0.01 0.01
4 0.05 0.37 0.02 0.02
4 0.05 0.35 0.02 0.02
4 0.05 0.31 0.01 0.01
4 0.05 0.29 0.01 0.01
4 0.05 0.28 0.01 0.01
4 0.05 0.27 0.01 0.01
4 0.05 0.26 0.01 0.01
4 0.01 0.45 0.01 0.02
4 0.01 0.43 0.01 0.02
4 0.01 0.41 0.02 0.02
4 0.01 0.4 0.02 0.02
4 0.01 0.37 0.02 0.02
4 0.01 0.38 0.02 0.02
4 0.01 0.36 0.02 0.01
4 0.01 0.35 0.02 0.01
4 0.02 0.34 0.02 0.01
4 0.01 0.33 0.02 0.01
4 0.01 0.33 0.02 0.01
4 0.02 0.32 0.01 0.01
4 0.02 0.31 0.01 0.01
4 0.02 0.31 0.01 0.01
4 0.02 0.31 0.01 0.01
4 0.02 0.3 0.01 0.01
4 0.02 0.3 0.01 0.01
4 0.06 0.26 0.01 0.01
4 0.1 0.26 0.01 0.01
4 0.1 0.25 0.01 0.01
4 0.07 0.26 0.01 0.01
4 0.08 0.25 0.01 0.0
4 0.07 0.25 0.01 0.0
4 0.07 0.25 0.01 0.0
4 0.06 0.25 0.01 0.01
4 0.07 0.25 0.01 0.0
4 0.06 0.26 0.01 0.01
4 0.04 0.26 0.01 0.01
4 0.04 0.25 0.01 0.01
4 0.05 0.25 0.01 0.01
4 0.03 0.25 0.01 0.0
4 0.04 0.24 0.01 0.01
4 0.06 0.25 0.01 0.01
4 0.06 0.25 0.01 0.01
4 0.07 0.24 0.01 0.01
4 0.07 0.23 0.0 0.0
4 0.06 0.23 0.0 0.0
4 0.05 0.23 0.0 0.0
4 0.05 0.24 0.01 0.0
6 0.05 0.23 0.0 0.01
4 0.05 0.22 0.0 0.0
4 0.04 0.22 0.0 0.0
4 0.04 0.23 0.0 0.0
2 0.12 0.29 0.0 0.01
10 0.12 0.29 0.0 0.0
10 0.09 0.25 0.0 0.0
10 0.09 0.24 0.0 0.0
10 0.08 0.24 0.0 0.0
10 0.09 0.24 0.0 0.0
2 0.09 0.24 0.0 0.0
2 0.08 0.24 0.0 0.0
2 0.09 0.24 0.0 0.0
2 0.09 0.25 0.0 0.0
6 0.27 0.26 0.03 0.01
4 0.3 0.27 0.02 0.0
4 0.3 0.26 0.01 0.01
4 0.29 0.26 0.01 0.01
4 0.26 0.27 0.01 0.01
4 0.21 0.27 0.01 0.01
4 0.22 0.27 0.01 0.0
4 0.2 0.27 0.01 0.01
9 0.32 0.26 0.03 0.01
