4 0.52 0.28 0.01 0.01
4 0.5 0.29 0.01 0.01
4 0.47 0.3 0.01 0.01
4 0.57 0.32 0.02 0.02
4 0.56 0.29 0.01 0.01
4 0.53 0.45 0.03 0.03
3 0.93 0.68 0.06 0.03
10 0.87 0.61 0.03 0.03
4 0.71 0.61 0.07 0.09
4 0.75 0.5 0.04 0.04
8 0.65 0.5 0.02 0.04
5 0.67 0.44 0.09 0.04
1 0.73 0.43 0.01 0.03
1 0.59 0.3 0.0 0.01
2 0.61 0.3 0.0 0.01
2 0.61 0.3 0.0 0.01
10 0.61 0.31 0.01 0.01
10 0.62 0.31 0.01 0.01
7 0.55 0.3 0.01 0.01
2 0.55 0.3 0.0 0.01
10 0.57 0.29 0.01 0.01
0 0.57 0.27 0.03 0.03
9 0.43 0.33 0.07 0.03
5 0.4 0.39 0.05 0.03
5 0.45 0.35 0.03 0.02
5 0.43 0.34 0.04 0.03
4 0.42 0.37 0.05 0.02
4 0.38 0.42 0.08 0.03
4 0.36 0.4 0.07 0.02
1 0.39 0.35 0.01 0.02
1 0.38 0.36 0.01 0.02
2 0.36 0.35 0.01 0.02
8 0.33 0.47 0.05 0.04
4 0.24 0.46 0.1 0.04
4 0.29 0.57 0.07 0.08
4 0.17 0.59 0.07 0.08
4 0.08 0.59 0.1 0.08
2 0.48 0.26 0.01 0.01
10 0.48 0.27 0.0 0.01
4 0.47 0.26 0.02 0.01
4 0.45 0.27 0.02 0.01
4 0.47 0.27 0.01 0.01
4 0.47 0.27 0.01 0.01
4 0.47 0.27 0.01 0.01
4 0.46 0.28 0.01 0.01
4 0.46 0.28 0.01 0.01
4 0.46 0.29 0.02 0.01
4 0.46 0.29 0.01 0.01
4 0.45 0.3 0.02 0.01
4 0.44 0.3 0.02 0.01
4 0.44 0.31 0.03 0.01
4 0.48 0.26 0.01 0.01
4 0.48 0.26 0.02 0.01
4 0.52 0.25 0.01 0.01
4 0.51 0.25 0.01 0.01
4 0.5 0.25 0.01 0.01
4 0.53 0.24 0.01 0.0
4 0.56 0.28 0.01 0.01
4 0.55 0.28 0.01 0.01
4 0.55 0.28 0.01 0.01
4 0.55 0.27 0.01 0.01
4 0.54 0.27 0.02 0.01
4 0.56 0.27 0.02 0.01
4 0.54 0.27 0.02 0.01
4 0.54 0.26 0.02 0.01
4 0.55 0.25 0.01 0.01
4 0.56 0.24 0.01 0.01
5 0.52 0.26 0.01 0.01
5 0.49 0.24 0.01 0.01
0 0.49 0.25 0.05 0.03
0 0.55 0.25 0.05 0.03
0 0.52 0.24 0.01 0.01
