4 0.07 0.5 0.05 0.05
4 0.31 0.61 0.04 0.06
4 0.55 0.59 0.04 0.05
4 0.73 0.59 0.08 0.04
4 0.48 0.47 0.03 0.03
4 0.36 0.24 0.01 0.01
4 0.63 0.52 0.08 0.03
4 0.6 0.33 0.05 0.02
4 0.55 0.33 0.04 0.02
4 0.54 0.31 0.03 0.01
7 0.55 0.22 0.01 0.01
6 0.38 0.23 0.02 0.01
6 0.19 0.3 0.04 0.05
1 0.13 0.26 0.01 0.01
2 0.4 0.47 0.01 0.01
2 0.51 0.46 0.01 0.02
2 0.84 0.65 0.01 0.02
2 0.45 0.31 0.01 0.01
1 0.47 0.26 0.01 0.01
1 0.47 0.29 0.01 0.01
1 0.47 0.29 0.0 0.01
1 0.47 0.26 0.0 0.01
1 0.48 0.29 0.01 0.01
1 0.66 0.39 0.01 0.02
5 0.28 0.41 0.03 0.04
6 0.66 0.48 0.1 0.05
3 0.51 0.47 0.01 0.02
10 0.4 0.47 0.01 0.02
10 0.45 0.31 0.01 0.01
