4 0.61 0.57 0.04 0.06
3 0.57 0.52 0.01 0.02
2 0.57 0.51 0.01 0.02
6 0.52 0.71 0.03 0.06
6 0.25 0.52 0.1 0.18
2 0.78 0.37 0.01 0.01
2 0.77 0.37 0.01 0.01
10 0.56 0.35 0.01 0.02
2 0.57 0.34 0.01 0.02
4 0.1 0.24 0.03 0.02
4 0.11 0.24 0.03 0.01
4 0.14 0.25 0.03 0.02
1 0.15 0.25 0.01 0.01
10 0.16 0.24 0.01 0.02
4 0.06 0.28 0.04 0.02
4 0.09 0.28 0.03 0.02
4 0.12 0.28 0.03 0.02
4 0.14 0.28 0.03 0.02
4 0.17 0.28 0.03 0.02
4 0.19 0.28 0.03 0.02
4 0.21 0.25 0.02 0.02
4 0.23 0.24 0.02 0.02
4 0.28 0.33 0.03 0.02
4 0.28 0.31 0.04 0.02
4 0.29 0.28 0.04 0.02
4 0.29 0.27 0.04 0.02
4 0.29 0.26 0.04 0.01
4 0.31 0.24 0.04 0.02
4 0.31 0.23 0.04 0.02
1 0.32 0.23 0.01 0.01
6 0.52 0.3 0.04 0.09
10 0.56 0.25 0.01 0.01
2 0.56 0.25 0.01 0.01
2 0.69 0.25 0.01 0.01
8 0.65 0.27 0.01 0.02
4 0.62 0.27 0.02 0.02
4 0.63 0.28 0.03 0.02
4 0.63 0.29 0.03 0.02
