4 0.17 0.69 0.1 0.1
1 0.84 0.62 0.04 0.08
1 0.81 0.58 0.04 0.07
1 0.74 0.6 0.03 0.08
1 0.74 0.59 0.03 0.07
1 0.31 0.65 0.03 0.06
1 0.25 0.61 0.03 0.07
1 0.27 0.59 0.04 0.08
1 0.09 0.57 0.05 0.08
1 0.04 0.55 0.03 0.07
1 0.06 0.52 0.02 0.06
1 0.01 0.51 0.01 0.03
1 0.01 0.49 0.01 0.03
1 0.03 0.5 0.01 0.03
2 0.04 0.49 0.01 0.02
2 0.02 0.47 0.02 0.03
1 0.02 0.46 0.01 0.03
1 0.01 0.45 0.01 0.02
1 0.01 0.47 0.01 0.02
1 0.05 0.5 0.01 0.02
1 0.05 0.49 0.01 0.02
1 0.06 0.49 0.01 0.03
1 0.06 0.49 0.01 0.03
1 0.06 0.46 0.01 0.03
2 0.11 0.47 0.01 0.02
1 0.11 0.44 0.01 0.03
1 0.12 0.43 0.01 0.02
4 0.11 0.5 0.06 0.04
4 0.17 0.51 0.06 0.03
4 0.26 0.49 0.06 0.05
4 0.32 0.49 0.06 0.05
4 0.19 0.45 0.05 0.04
4 0.23 0.46 0.05 0.04
2 0.02 0.42 0.01 0.02
3 0.02 0.43 0.02 0.02
1 0.02 0.4 0.01 0.02
3 0.02 0.41 0.02 0.02
1 0.04 0.41 0.01 0.02
1 0.04 0.41 0.01 0.03
2 0.07 0.41 0.01 0.02
3 0.07 0.41 0.02 0.02
1 0.06 0.33 0.01 0.02
1 0.06 0.32 0.01 0.02
1 0.08 0.37 0.01 0.02
1 0.09 0.38 0.01 0.02
1 0.09 0.37 0.01 0.02
2 0.1 0.39 0.01 0.02
3 0.1 0.4 0.01 0.01
2 0.12 0.4 0.01 0.02
3 0.12 0.41 0.01 0.01
1 0.12 0.41 0.01 0.02
3 0.14 0.43 0.01 0.02
3 0.13 0.42 0.02 0.01
3 0.14 0.41 0.02 0.01
3 0.15 0.41 0.02 0.01
3 0.15 0.41 0.02 0.02
1 0.18 0.41 0.01 0.03
0 0.19 0.39 0.03 0.02
1 0.1 0.36 0.01 0.02
1 0.09 0.33 0.01 0.02
1 0.1 0.33 0.01 0.02
1 0.14 0.33 0.01 0.02
1 0.12 0.32 0.01 0.02
1 0.15 0.32 0.01 0.01
1 0.15 0.32 0.01 0.01
1 0.14 0.32 0.01 0.01
1 0.19 0.31 0.01 0.01
1 0.19 0.31 0.01 0.01
1 0.2 0.31 0.01 0.01
1 0.21 0.31 0.0 0.02
1 0.21 0.31 0.01 0.01
1 0.22 0.31 0.01 0.02
2 0.14 0.37 0.01 0.02
3 0.14 0.38 0.01 0.01
2 0.19 0.35 0.01 0.02
3 0.19 0.36 0.01 0.01
2 0.19 0.34 0.01 0.01
3 0.19 0.35 0.01 0.01
2 0.22 0.33 0.01 0.01
3 0.22 0.34 0.01 0.01
1 0.22 0.32 0.01 0.01
2 0.23 0.33 0.01 0.01
10 0.23 0.33 0.01 0.01
4 0.24 0.41 0.05 0.04
4 0.28 0.42 0.04 0.03
4 0.27 0.38 0.04 0.02
1 0.2 0.37 0.01 0.02
1 0.21 0.36 0.01 0.02
1 0.22 0.36 0.01 0.02
1 0.23 0.36 0.01 0.02
1 0.22 0.35 0.01 0.02
1 0.23 0.35 0.01 0.02
2 0.24 0.33 0.01 0.01
10 0.25 0.34 0.01 0.01
2 0.25 0.32 0.01 0.01
10 0.25 0.32 0.01 0.01
2 0.26 0.34 0.01 0.01
10 0.26 0.35 0.02 0.01
1 0.26 0.34 0.01 0.01
1 0.27 0.33 0.01 0.02
1 0.27 0.34 0.0 0.01
1 0.28 0.33 0.01 0.01
1 0.28 0.33 0.01 0.01
1 0.28 0.33 0.01 0.01
4 0.33 0.41 0.04 0.04
4 0.38 0.41 0.04 0.04
5 0.32 0.38 0.04 0.04
4 0.38 0.39 0.03 0.03
4 0.36 0.38 0.03 0.03
4 0.3 0.36 0.03 0.02
4 0.32 0.35 0.03 0.02
4 0.35 0.35 0.03 0.02
4 0.38 0.35 0.03 0.02
4 0.42 0.35 0.02 0.02
4 0.43 0.34 0.02 0.02
4 0.44 0.33 0.02 0.02
4 0.39 0.34 0.02 0.02
4 0.42 0.32 0.02 0.02
9 0.37 0.32 0.04 0.04
9 0.34 0.32 0.05 0.04
1 0.29 0.33 0.01 0.01
2 0.28 0.29 0.0 0.01
3 0.28 0.3 0.0 0.01
2 0.3 0.3 0.01 0.01
3 0.3 0.3 0.01 0.01
1 0.31 0.29 0.0 0.01
1 0.32 0.29 0.0 0.01
1 0.32 0.29 0.0 0.01
1 0.36 0.28 0.0 0.01
1 0.36 0.27 0.0 0.01
1 0.36 0.26 0.01 0.01
0 0.38 0.24 0.07 0.02
4 0.4 0.31 0.02 0.01
4 0.4 0.31 0.02 0.02
4 0.42 0.31 0.02 0.02
9 0.39 0.29 0.03 0.03
9 0.41 0.28 0.03 0.03
1 0.43 0.26 0.02 0.02
4 0.41 0.3 0.02 0.01
4 0.43 0.3 0.01 0.02
4 0.44 0.3 0.01 0.01
4 0.42 0.29 0.01 0.01
4 0.42 0.29 0.01 0.01
4 0.43 0.28 0.01 0.01
4 0.44 0.29 0.01 0.01
4 0.45 0.28 0.01 0.01
4 0.44 0.28 0.01 0.01
4 0.46 0.28 0.01 0.01
4 0.43 0.27 0.02 0.01
4 0.44 0.27 0.01 0.01
4 0.46 0.27 0.01 0.01
4 0.46 0.27 0.01 0.01
4 0.45 0.26 0.01 0.01
4 0.45 0.26 0.01 0.01
4 0.45 0.26 0.01 0.01
4 0.45 0.26 0.01 0.01
4 0.47 0.26 0.01 0.01
4 0.46 0.26 0.01 0.01
4 0.47 0.26 0.01 0.01
4 0.48 0.26 0.01 0.01
4 0.45 0.39 0.03 0.03
4 0.42 0.47 0.04 0.04
4 0.48 0.47 0.04 0.04
4 0.55 0.45 0.03 0.04
4 0.52 0.38 0.03 0.03
4 0.5 0.36 0.02 0.02
4 0.48 0.34 0.02 0.02
0 0.48 0.23 0.09 0.02
4 0.5 0.25 0.01 0.01
4 0.5 0.29 0.01 0.01
4 0.5 0.31 0.02 0.01
9 0.52 0.29 0.02 0.02
4 0.55 0.29 0.01 0.01
4 0.54 0.28 0.01 0.01
5 0.52 0.26 0.01 0.01
4 0.55 0.25 0.02 0.01
1 0.57 0.28 0.01 0.01
1 0.58 0.29 0.0 0.01
0 0.58 0.28 0.02 0.01
4 0.57 0.34 0.02 0.02
4 0.58 0.35 0.02 0.02
2 0.57 0.41 0.01 0.02
10 0.57 0.42 0.01 0.02
4 0.6 0.43 0.03 0.03
4 0.61 0.46 0.04 0.03
4 0.62 0.49 0.04 0.04
3 0.64 0.42 0.01 0.02
4 0.65 0.41 0.01 0.02
2 0.65 0.44 0.01 0.02
1 0.64 0.46 0.01 0.03
2 0.66 0.46 0.01 0.02
3 0.65 0.47 0.01 0.02
2 0.66 0.48 0.01 0.02
3 0.67 0.49 0.01 0.02
1 0.8 0.33 0.01 0.02
1 0.77 0.35 0.01 0.02
1 0.77 0.35 0.01 0.02
1 0.76 0.36 0.01 0.02
1 0.77 0.36 0.01 0.02
1 0.82 0.34 0.01 0.02
1 0.82 0.34 0.0 0.01
1 0.83 0.33 0.0 0.01
1 0.83 0.33 0.01 0.02
1 0.85 0.34 0.01 0.02
1 0.86 0.34 0.01 0.02
1 0.9 0.35 0.01 0.02
1 0.88 0.35 0.01 0.01
1 0.87 0.34 0.01 0.02
1 0.87 0.34 0.01 0.02
1 0.88 0.34 0.01 0.01
1 0.88 0.34 0.01 0.01
1 0.74 0.38 0.01 0.02
1 0.74 0.4 0.01 0.02
4 0.76 0.4 0.04 0.04
1 0.8 0.42 0.01 0.02
3 0.67 0.44 0.02 0.01
3 0.68 0.45 0.02 0.02
1 0.69 0.44 0.01 0.02
1 0.7 0.45 0.01 0.02
1 0.7 0.45 0.01 0.03
1 0.71 0.45 0.01 0.02
10 0.69 0.43 0.02 0.01
3 0.71 0.43 0.01 0.01
3 0.72 0.44 0.01 0.02
1 0.72 0.43 0.01 0.02
1 0.73 0.43 0.01 0.03
1 0.74 0.44 0.01 0.03
1 0.89 0.53 0.03 0.06
1 0.88 0.52 0.02 0.04
1 0.86 0.52 0.02 0.04
1 0.85 0.51 0.02 0.04
1 0.83 0.53 0.02 0.03
1 0.81 0.53 0.02 0.04
1 0.81 0.52 0.01 0.03
1 0.83 0.53 0.01 0.04
1 0.84 0.49 0.01 0.03
1 0.75 0.5 0.01 0.03
1 0.74 0.5 0.02 0.03
1 0.74 0.49 0.01 0.03
1 0.77 0.46 0.01 0.03
1 0.78 0.46 0.01 0.03
1 0.8 0.46 0.01 0.03
1 0.81 0.46 0.01 0.03
1 0.75 0.43 0.01 0.03
1 0.75 0.43 0.01 0.03
1 0.77 0.44 0.01 0.02
1 0.79 0.45 0.01 0.03
1 0.8 0.45 0.01 0.02
1 0.79 0.44 0.01 0.02
1 0.78 0.44 0.01 0.02
1 0.79 0.43 0.01 0.02
1 0.78 0.43 0.01 0.02
2 0.81 0.43 0.01 0.02
3 0.81 0.44 0.01 0.02
1 0.81 0.44 0.01 0.02
1 0.77 0.42 0.01 0.02
