9 153 245 35 63
4 195 260 21 28
4 210 316 29 18
4 267 307 40 36
5 216 245 19 24
4 224 229 16 18
1 111 254 5 15
1 64 235 4 13
3 40 292 10 18
2 41 286 8 17
3 100 222 5 9
2 100 219 5 10
3 112 208 4 7
3 121 205 3 7
3 125 200 3 7
3 120 189 3 5
3 114 190 3 6
3 125 185 3 5
3 118 186 2 6
3 36 201 9 6
3 43 199 8 6
3 29 195 8 6
3 34 197 9 5
10 44 195 9 6
10 43 197 8 5
2 34 198 4 8
2 34 194 4 7
2 29 193 5 8
2 42 197 3 9
2 42 195 3 8
2 45 193 4 7
4 45 183 21 9
2 113 206 4 10
2 121 203 3 9
2 125 198 2 7
2 125 192 3 7
2 115 188 3 7
2 120 187 3 6
2 118 184 3 5
2 125 184 3 7
10 119 173 6 5
10 138 176 2 4
10 142 172 2 4
10 147 163 2 3
10 143 162 2 3
10 145 162 1 3
2 119 173 3 6
2 138 174 3 4
2 141 171 2 5
2 148 162 1 3
2 145 161 1 3
2 143 162 1 2
1 140 161 1 3
1 142 164 1 5
1 133 169 2 6
1 135 168 2 6
6 125 163 10 11
3 404 250 11 12
3 350 230 8 10
3 351 227 9 9
3 374 223 13 9
3 363 217 8 9
3 348 215 8 8
3 343 202 4 7
3 338 201 9 6
3 348 196 8 5
3 356 198 7 6
10 378 221 14 8
10 382 220 12 7
10 321 195 8 5
2 380 218 4 8
2 382 217 5 7
2 376 221 5 12
2 351 227 5 11
2 352 224 6 11
2 349 212 7 10
2 347 210 3 8
2 364 215 5 9
10 347 212 6 7
1 331 196 3 7
1 333 196 3 9
1 374 205 4 10
3 382 207 4 8
10 377 205 6 7
4 281 225 21 14
9 273 196 34 27
4 250 197 14 11
4 196 210 13 13
5 177 197 9 14
4 191 187 9 9
4 186 178 8 7
4 196 179 8 7
9 214 169 15 14
4 221 159 11 4
4 172 165 6 5
4 186 162 5 4
4 198 161 6 5
4 202 159 6 4
4 198 156 4 3
4 201 155 4 3
4 192 157 4 3
9 208 156 8 9
4 189 153 4 3
4 193 151 4 3
4 182 156 5 4
4 176 157 5 4
4 169 160 5 5
4 177 152 4 3
4 171 151 4 3
4 172 150 4 3
4 192 148 3 2
4 187 148 3 2
4 185 146 2 3
4 189 146 3 2
4 181 146 3 3
4 187 144 3 2
4 184 145 2 2
4 182 143 3 2
5 179 143 2 3
9 183 140 3 4
9 182 138 3 4
