4 201 172 4 4
4 197 177 3 4
4 192 186 4 4
4 224 189 5 4
4 174 221 16 7
4 190 226 16 8
4 187 218 6 7
4 222 212 6 6
4 197 281 10 17
4 188 306 11 18
4 217 262 9 11
4 201 254 9 13
4 181 242 8 12
4 226 196 4 5
4 227 202 4 6
8 210 236 4 9
4 231 280 8 15
8 239 292 16 13
10 182 208 4 6
1 171 215 1 6
1 181 253 3 6
1 163 288 2 10
1 216 249 3 7
1 172 206 0 4
2 202 225 2 3
2 196 204 0 3
2 224 249 2 5
2 224 254 2 5
2 211 275 3 5
2 221 276 3 5
2 213 286 2 6
2 221 291 3 7
1 131 287 3 8
1 231 296 3 7
1 215 233 3 7
1 217 237 2 6
1 220 235 3 4
5 139 306 26 16
5 153 277 22 10
10 225 307 6 14
10 221 297 3 5
10 213 290 2 6
10 222 280 3 5
10 186 269 2 4
10 212 278 2 3
10 190 256 2 4
2 190 252 2 6
1 187 245 3 6
2 186 265 1 5
1 224 236 3 7
2 224 231 3 6
1 227 236 2 6
2 231 236 2 5
1 228 232 2 7
10 231 239 3 4
10 228 237 4 6
3 222 238 3 5
10 202 228 3 5
10 211 227 5 3
10 209 214 3 3
10 213 216 1 4
10 217 214 2 4
10 213 210 3 3
10 209 210 3 3
10 211 193 2 2
10 213 190 2 2
10 209 180 1 2
10 206 176 2 3
10 212 179 1 2
2 209 208 1 3
2 209 213 1 3
2 214 210 1 4
2 217 213 2 4
2 213 214 1 3
2 211 226 2 4
2 212 226 2 4
4 204 161 3 3
4 203 157 2 3
4 216 176 4 3
4 218 180 4 4
4 222 183 4 4
1 217 188 1 4
2 213 189 1 3
2 211 192 1 3
2 209 179 1 3
2 207 175 0 2
2 211 175 1 1
2 212 178 1 3
10 211 176 1 2
1 192 199 1 4
1 194 199 1 4
1 193 191 1 4
2 197 187 1 3
10 197 189 1 3
4 188 192 5 6
4 188 198 5 5
4 188 188 5 6
4 205 153 3 2
4 204 147 2 2
4 208 144 1 1
4 198 148 3 2
4 197 151 3 4
1 215 172 1 3
1 193 182 2 4
1 193 180 1 4
1 201 161 1 2
4 211 153 2 2
1 145 193 1 4
1 160 190 1 3
2 157 190 2 3
1 146 188 1 4
1 148 188 1 3
10 140 194 5 3
10 139 198 3 4
10 133 197 4 3
10 130 199 4 3
1 130 198 1 4
2 156 195 1 3
2 160 185 1 2
2 163 186 1 2
2 157 185 1 2
2 155 187 1 3
1 167 206 2 5
8 148 287 16 11
10 165 286 6 5
8 244 283 11 12
0 209 158 6 9
4 206 139 1 1
5 207 137 1 1
4 211 143 2 1
4 211 142 2 1
0 209 148 6 5
0 197 157 4 3
0 201 151 2 4
0 201 141 7 10
0 210 139 4 5
0 166 159 11 9
0 187 142 7 4
