1 214 302 7 16
1 206 300 10 19
1 212 286 7 23
1 219 289 8 14
1 234 271 8 20
3 267 254 7 18
4 134 249 55 48
1 96 241 7 19
1 98 220 7 18
7 41 197 18 15
7 23 187 24 14
7 28 173 21 11
1 25 168 7 13
2 53 165 7 7
5 19 158 36 24
5 12 150 23 24
10 25 131 11 9
10 37 132 11 8
10 51 134 12 9
2 71 135 3 3
2 70 135 5 7
2 73 131 4 7
7 73 138 19 11
1 115 169 6 15
1 103 137 5 13
1 106 138 4 12
10 132 139 6 10
10 141 137 4 10
2 285 207 4 7
2 288 204 6 12
3 287 208 10 14
1 128 213 7 16
2 127 204 6 10
7 156 198 22 18
4 373 202 50 22
4 385 179 48 19
4 406 160 20 18
4 400 151 32 18
4 241 183 38 30
2 175 181 7 10
1 181 184 4 16
7 174 168 16 14
5 179 151 50 29
1 215 163 7 14
3 214 165 11 10
4 293 155 28 21
4 305 134 20 18
2 255 160 6 13
2 256 153 5 11
2 267 146 7 12
10 254 162 10 10
3 257 156 9 10
10 267 148 7 9
1 247 153 3 11
4 212 151 31 18
10 209 138 10 10
2 215 134 5 10
3 214 133 4 11
7 222 127 17 11
1 224 116 3 11
10 224 134 8 10
3 228 133 7 10
10 241 125 9 7
10 239 126 8 7
3 236 128 10 7
10 238 136 11 8
10 231 130 8 10
10 239 134 11 10
4 401 106 16 12
4 396 95 15 6
5 382 101 16 15
4 365 113 19 14
4 340 125 21 15
2 342 110 4 8
2 326 119 5 9
10 325 122 7 8
10 341 113 6 7
1 257 129 4 11
1 253 128 4 9
1 256 125 4 12
1 265 123 3 10
4 273 115 25 13
5 283 110 24 15
4 290 104 26 13
4 307 98 25 12
4 317 96 23 9
4 323 95 20 6
