4 40 307 48 33
4 78 258 47 21
4 166 270 27 34
4 182 239 16 21
4 203 212 13 14
2 138 249 6 9
2 147 247 6 9
2 156 248 6 9
2 158 235 6 7
2 161 225 6 7
2 163 226 5 7
2 177 218 5 7
2 178 218 5 7
2 182 210 4 4
2 188 205 4 5
2 181 200 4 5
2 168 214 4 6
10 138 252 9 9
10 147 252 9 9
10 159 240 6 6
10 162 230 7 7
10 179 222 6 7
10 168 218 5 7
10 181 213 4 5
10 189 209 4 5
10 181 204 4 5
3 158 251 5 6
1 116 254 9 17
1 140 236 6 13
4 132 229 26 19
4 114 225 26 16
10 263 312 26 16
10 262 296 22 13
10 261 284 23 15
10 260 275 19 12
1 156 219 5 9
4 160 207 16 16
4 81 197 24 12
4 64 196 24 12
4 104 181 13 9
4 88 181 9 9
4 76 181 7 9
1 80 182 3 7
10 251 256 15 10
10 249 250 17 8
10 240 240 18 10
10 236 236 18 10
1 226 231 6 13
1 237 213 3 9
1 230 207 3 9
0 278 187 74 83
0 215 138 52 47
1 224 194 3 9
1 223 196 3 9
2 215 201 4 6
2 215 198 6 7
10 215 201 4 7
1 217 195 4 9
4 233 194 11 10
4 234 186 12 11
0 237 171 7 18
1 226 180 3 8
1 228 177 3 7
2 217 166 3 4
10 217 168 3 4
2 202 165 2 3
2 192 191 5 4
2 188 184 4 5
2 190 184 3 4
2 182 179 3 5
1 178 196 4 10
1 180 191 3 8
1 174 185 4 9
1 186 174 3 6
1 187 168 3 6
1 193 166 2 5
1 184 169 2 4
10 175 175 6 7
