4 25 234 43 35
6 74 311 95 29
6 87 287 84 34
6 106 264 75 32
6 121 246 65 29
6 129 225 60 36
6 137 213 58 33
6 145 201 53 33
6 154 195 48 24
6 161 186 44 21
6 162 179 49 21
6 169 171 41 19
6 175 166 37 14
6 179 160 36 13
6 182 156 35 14
6 184 149 35 15
6 188 145 33 12
6 191 139 31 18
6 192 134 32 18
6 196 132 28 17
6 102 169 40 23
6 111 163 35 16
6 121 155 39 18
6 130 148 36 16
6 139 142 37 15
6 147 130 38 27
6 151 128 32 18
6 174 115 22 11
6 176 112 24 12
11 182 106 19 13
11 361 187 39 46
6 405 194 22 31
6 299 186 57 31
6 244 158 18 26
6 267 158 15 22
4 263 147 28 13
6 247 307 79 36
6 247 282 73 35
6 249 263 71 32
6 233 235 27 42
6 263 238 26 43
6 293 242 29 42
6 323 244 30 44
6 356 250 37 49
6 393 256 45 61
6 207 120 25 11
6 209 117 25 9
6 210 113 24 12
6 271 118 10 16
4 268 107 17 7
5 268 104 17 6
6 211 110 25 14
5 218 108 18 10
5 219 106 16 10
5 221 103 17 8
5 222 101 17 8
5 223 100 18 9
4 263 98 16 6
4 268 95 17 7
5 224 97 14 7
5 225 96 17 7
4 226 94 15 5
