4 341 286 34 35
7 353 241 21 22
4 295 204 15 16
7 333 209 15 19
4 219 198 15 18
4 153 191 30 18
10 39 244 15 11
10 41 194 14 9
2 38 242 9 11
2 41 193 6 11
1 19 213 7 13
1 29 211 6 13
7 109 181 19 8
4 42 187 33 13
4 55 172 22 12
1 69 180 5 10
1 83 178 5 10
1 114 178 3 9
1 81 173 3 10
1 76 178 4 9
1 74 176 2 10
1 36 178 5 10
4 9 184 17 13
4 33 170 16 14
1 33 157 4 9
5 17 168 20 14
10 82 168 8 8
4 100 168 20 12
5 123 160 20 21
5 135 164 16 14
7 144 160 10 7
1 156 159 3 9
4 187 162 13 12
2 182 161 3 5
4 207 164 12 12
4 225 168 11 12
4 230 152 10 10
4 216 145 9 9
5 249 157 9 13
10 256 153 3 7
2 256 152 3 8
5 234 140 8 11
5 238 134 6 10
4 220 134 9 8
1 184 141 3 7
1 182 141 2 7
7 196 139 6 7
10 203 136 2 5
2 203 135 2 5
10 181 135 5 5
10 168 138 5 4
10 169 136 5 3
4 238 127 7 7
1 233 123 2 6
10 235 123 1 4
2 235 121 2 4
4 208 127 9 7
1 217 126 2 6
9 225 120 13 16
4 217 122 6 6
5 242 121 7 8
4 243 117 6 4
4 244 114 6 6
4 245 110 6 6
4 235 112 7 5
4 215 118 5 5
4 214 115 12 6
4 202 114 13 6
4 223 109 6 5
4 229 110 6 5
4 232 107 4 4
1 239 107 2 5
1 207 108 2 4
4 214 108 11 4
4 216 104 11 4
4 218 102 11 4
4 223 100 10 4
4 231 101 5 4
1 236 101 1 4
1 234 101 0 3
4 231 98 10 4
5 250 99 4 6
4 254 102 4 4
1 356 169 4 10
1 349 161 2 9
1 348 157 3 9
1 341 153 3 8
9 330 157 22 27
5 310 161 12 13
10 289 155 3 6
2 290 154 3 6
5 339 138 15 7
5 311 123 6 8
5 321 117 6 7
1 323 122 2 5
4 307 118 8 7
3 331 125 3 4
1 343 127 1 5
7 286 114 4 6
4 281 108 5 5
4 301 110 6 4
10 315 111 5 3
6 309 108 10 5
7 294 108 4 4
4 309 106 10 3
4 308 104 11 3
5 303 103 9 4
5 306 99 10 3
5 220 97 7 4
5 227 94 7 3
4 234 97 3 3
7 292 99 2 3
4 290 96 4 3
5 300 96 8 4
4 299 95 9 3
5 299 94 10 3
10 283 96 1 2
2 283 95 1 3
1 237 94 1 3
1 239 93 1 3
1 241 93 1 3
10 245 93 1 3
2 245 93 1 2
