2 14 97 2 4
4 51 100 18 17
5 40 120 15 22
1 10 164 6 6
2 3 149 4 6
1 20 143 5 6
1 17 140 5 4
4 34 146 18 24
4 30 178 18 27
4 9 200 16 27
3 18 229 7 10
2 17 228 5 6
4 36 238 20 27
4 18 301 21 30
4 60 252 19 30
5 44 295 21 30
4 97 271 18 30
4 109 231 17 27
1 73 217 18 27
1 85 180 17 27
10 49 172 5 11
2 48 172 4 7
1 95 152 16 26
3 59 129 4 9
2 59 126 5 6
3 66 122 4 8
2 65 121 4 6
1 107 117 16 24
4 114 97 11 11
4 150 99 14 14
4 120 197 16 25
4 130 164 15 23
4 142 130 15 24
4 158 128 14 21
4 152 187 15 24
10 174 155 4 9
2 174 154 4 6
4 189 203 14 25
4 196 173 12 19
4 200 143 13 24
4 210 114 13 24
3 226 107 8 5
4 182 236 14 27
4 172 271 17 30
1 196 268 3 4
1 193 277 4 4
4 165 310 17 31
3 146 314 7 9
2 144 316 4 4
1 88 307 4 4
4 364 99 24 14
4 363 123 24 14
5 363 134 28 14
4 362 160 24 12
4 362 173 24 14
4 361 187 25 13
4 359 231 27 13
4 358 262 32 15
4 358 295 27 15
4 358 313 33 17
4 409 296 15 25
4 407 261 15 31
1 410 207 7 4
1 384 157 5 6
4 406 162 14 24
4 408 138 15 14
4 405 118 14 22
5 406 98 13 12
