0 169 145 64 14
0 135 161 27 11
0 254 214 23 26
0 223 172 22 24
0 86 200 11 9
0 73 206 12 12
0 52 218 12 8
4 118 314 24 22
4 88 317 26 17
4 106 273 18 21
4 133 255 14 17
4 43 259 31 17
4 139 234 13 13
4 125 232 12 12
5 85 237 19 18
4 98 222 13 11
4 109 210 10 9
4 110 183 8 6
4 157 222 11 11
4 145 218 9 9
4 129 220 10 11
4 122 212 9 9
4 119 199 9 9
4 140 200 9 8
4 136 209 9 9
4 150 205 9 9
4 153 197 6 7
4 145 191 7 6
4 136 183 6 5
5 127 189 7 8
6 125 179 10 13
4 138 179 7 6
4 132 173 9 4
4 135 171 9 4
4 140 167 7 4
9 148 172 9 10
5 135 170 10 4
4 147 178 6 6
4 151 181 6 6
4 157 189 7 6
4 161 214 10 10
4 163 206 8 9
4 164 199 7 7
4 166 194 7 7
4 168 189 7 7
4 169 185 6 5
4 169 180 5 5
4 170 178 5 4
4 171 175 5 4
4 170 173 4 4
4 159 167 4 4
4 160 165 4 3
4 158 160 3 3
4 160 158 3 3
4 161 156 3 2
4 162 155 3 2
4 167 163 3 3
4 169 161 3 3
4 169 159 3 2
4 171 157 3 2
4 164 158 3 3
4 166 157 3 2
4 166 154 3 2
4 172 155 3 2
4 170 156 3 2
4 155 176 5 5
4 157 170 4 4
4 163 173 5 4
4 161 177 5 5
4 159 183 6 5
4 166 169 4 4
4 166 165 4 3
4 164 160 3 3
9 153 163 7 8
4 176 156 3 3
4 266 316 31 19
4 219 301 22 26
4 262 276 22 18
4 207 256 14 14
4 226 245 16 15
4 250 232 14 11
4 237 218 9 9
4 199 204 7 8
5 210 222 11 12
4 185 230 11 11
4 183 211 9 8
4 182 199 8 8
4 184 187 6 6
4 190 181 5 5
4 181 181 5 5
4 181 175 5 4
4 184 168 4 3
4 197 174 4 4
9 190 172 7 10
9 204 181 9 13
9 199 161 5 7
4 198 168 4 4
4 188 162 3 3
4 182 161 3 3
4 187 158 3 3
4 183 154 3 2
9 188 152 4 5
9 195 155 5 6
4 194 160 3 3
4 191 168 4 3
4 364 302 39 24
4 328 272 22 19
4 400 294 32 19
4 385 284 40 16
4 365 271 36 15
4 358 263 34 14
4 346 256 31 14
4 342 250 34 15
4 333 245 31 14
4 307 227 24 9
4 300 219 21 8
4 291 213 22 8
4 285 209 20 8
4 281 207 16 6
4 280 204 17 5
4 278 202 20 6
4 270 195 17 6
4 263 192 16 5
4 262 191 16 5
4 254 188 14 5
4 252 186 15 4
4 252 184 13 4
4 249 182 13 4
4 247 182 13 4
4 245 180 11 3
5 243 179 11 5
5 237 177 5 6
4 267 181 7 5
1 412 256 6 12
1 392 265 5 12
1 383 258 4 11
1 391 246 4 10
1 403 243 4 8
1 406 237 4 9
1 398 233 3 9
1 379 238 3 9
1 377 238 3 9
1 366 241 3 9
1 369 241 3 9
1 355 229 4 8
1 348 226 3 8
1 296 235 4 9
2 292 231 4 5
10 285 226 4 7
1 304 209 3 8
1 309 211 3 7
1 268 188 2 5
2 305 264 5 9
3 305 267 5 10
10 295 257 4 7
2 295 254 4 8
2 276 243 3 10
2 274 241 3 8
1 276 238 3 9
1 273 236 3 8
1 267 236 3 10
1 259 235 3 9
1 266 235 3 8
3 275 245 7 6
3 272 243 9 6
2 163 243 4 9
2 169 240 4 8
3 163 245 3 7
3 169 243 4 7
1 116 161 1 3
1 126 171 1 3
1 135 174 1 4
1 118 163 1 3
1 114 165 1 3
1 109 166 1 3
1 108 168 1 4
1 105 170 1 3
1 104 170 1 4
1 112 173 1 3
1 113 176 1 4
1 111 176 1 4
2 118 178 1 2
10 118 179 1 2
1 108 177 1 4
1 103 182 2 4
1 103 178 1 5
1 99 180 1 4
1 95 182 1 5
1 90 209 2 7
1 85 216 3 6
1 87 186 1 5
1 82 189 2 5
1 86 188 2 6
1 69 181 2 5
1 68 187 2 5
1 79 194 2 6
1 71 197 2 6
1 72 192 2 5
1 70 195 2 6
1 74 197 2 4
1 74 193 2 5
1 76 193 2 5
1 65 200 2 6
1 59 195 2 5
4 63 192 16 6
2 55 194 2 3
1 45 206 2 7
1 48 205 2 7
1 54 202 2 6
1 58 204 2 6
1 56 205 3 7
1 60 209 2 7
1 62 210 3 7
3 34 209 7 4
2 33 205 2 4
2 36 205 4 4
1 26 220 4 7
1 16 219 3 8
1 4 217 3 7
2 4 223 4 6
3 4 226 7 5
1 13 226 4 9
1 16 226 3 9
1 20 226 3 9
1 22 228 4 9
1 25 229 3 8
1 27 230 3 9
1 38 233 3 9
2 75 217 3 5
2 72 214 2 5
1 11 233 4 7
1 3 240 4 10
1 14 240 4 9
1 19 239 3 10
1 48 226 3 8
2 22 236 4 6
1 25 238 3 9
1 26 246 4 9
1 29 243 3 10
1 28 239 3 8
1 30 238 2 7
2 31 249 4 6
10 32 253 5 9
2 19 251 5 10
3 19 255 9 7
3 16 261 9 7
2 17 256 6 8
10 303 241 4 8
2 47 235 4 8
2 41 238 4 6
3 42 242 3 7
3 61 247 11 6
3 59 245 9 6
10 48 248 6 8
2 47 245 4 6
1 54 242 4 10
2 50 229 4 9
3 51 231 4 7
3 47 237 4 7
1 73 230 2 8
1 68 227 3 8
1 69 229 3 7
2 57 228 4 5
10 57 231 5 5
1 67 240 2 9
1 71 239 2 9
1 69 241 3 9
1 69 237 2 7
1 62 234 3 6
1 63 230 2 6
1 67 234 3 8
1 65 238 3 9
1 63 237 3 9
1 60 239 2 7
2 60 244 4 8
1 56 238 3 8
1 57 234 3 6
1 58 238 2 7
1 46 202 2 6
10 75 218 3 5
3 72 217 3 5
