0 206 147 25 6
6 33 213 43 21
5 280 258 40 19
4 386 317 55 17
10 323 318 10 14
2 323 316 11 14
6 403 247 26 17
5 223 220 10 12
4 201 206 8 8
4 166 212 22 10
4 180 206 15 8
4 165 205 10 8
5 164 196 11 11
4 194 198 8 7
4 172 187 6 6
4 169 178 6 5
6 213 178 9 13
1 149 189 1 6
1 151 188 1 5
1 152 187 1 5
1 233 182 1 5
3 103 202 6 5
3 72 202 5 4
3 54 202 6 4
3 38 201 4 3
3 89 198 4 4
1 172 169 1 4
4 195 169 4 3
4 213 169 5 3
4 193 166 4 3
4 208 163 4 3
4 215 163 3 3
2 220 162 1 2
10 220 162 0 2
4 195 160 3 3
4 203 158 3 2
4 195 154 2 2
4 201 154 2 1
4 205 154 2 1
4 215 155 3 2
4 200 152 2 2
4 203 152 2 2
4 206 151 2 2
4 218 152 2 1
4 215 150 2 1
10 223 157 0 1
2 223 157 0 2
6 391 223 50 24
6 389 214 35 16
5 327 180 12 5
4 412 201 8 7
4 409 199 15 6
4 404 197 17 5
4 396 194 17 5
5 391 191 13 6
1 383 194 1 6
6 376 190 12 9
4 412 195 8 5
4 410 193 13 4
4 407 191 17 5
5 402 188 14 5
5 388 191 12 6
5 396 187 14 6
4 390 187 12 4
4 387 185 12 4
4 384 184 12 4
4 382 183 11 4
5 376 180 11 4
4 413 182 7 4
5 412 180 9 5
4 408 180 13 4
4 403 179 11 4
4 401 177 12 4
4 392 176 12 4
5 389 175 11 5
4 385 174 9 4
5 379 173 10 4
4 372 172 9 4
4 371 170 9 3
4 368 170 7 3
4 365 169 8 3
4 338 174 10 3
5 335 172 8 4
4 331 172 7 3
4 325 169 9 3
4 330 168 7 3
4 340 170 7 3
4 345 172 8 3
4 336 169 8 3
5 361 176 9 4
5 327 165 8 3
5 325 165 8 3
4 314 164 8 3
4 317 165 8 3
4 350 165 8 3
4 347 164 7 3
4 343 163 7 3
4 339 162 7 3
5 341 160 7 3
4 308 160 7 2
4 320 163 6 3
4 317 162 7 3
4 315 162 6 2
4 314 161 6 2
4 312 161 6 3
4 311 161 6 2
6 10 168 13 6
2 49 289 5 11
1 57 289 7 13
3 48 294 9 10
3 57 295 8 11
