0 275 96 53 9
6 366 122 100 41
7 355 139 25 10
2 351 138 7 11
2 223 103 4 10
10 223 105 7 9
1 221 100 3 10
1 223 98 3 9
1 227 100 3 11
1 232 105 4 11
10 232 107 5 8
1 239 105 3 8
1 242 103 3 9
1 244 106 4 11
1 241 108 2 8
1 249 107 3 11
1 254 106 4 11
1 254 110 4 9
1 254 114 3 4
1 257 112 3 12
1 269 103 3 12
1 278 104 4 11
1 272 102 4 10
1 284 104 4 11
1 212 105 5 11
1 216 116 3 10
1 219 116 4 12
1 233 126 5 13
1 211 124 3 7
1 207 123 5 12
2 192 103 5 8
10 192 105 7 9
4 182 119 29 17
2 161 122 5 13
10 161 124 11 8
4 151 95 15 7
1 167 154 6 15
1 173 156 6 10
1 178 172 4 15
2 167 212 7 11
2 172 212 8 12
10 172 217 13 12
7 274 163 35 14
2 268 158 7 11
5 259 173 40 23
4 123 298 70 35
1 92 283 6 18
1 99 283 10 17
1 100 275 10 17
1 92 268 10 18
1 111 271 9 18
1 108 256 9 14
4 57 240 62 37
4 19 112 30 22
2 72 125 6 7
2 73 123 7 7
10 74 127 7 11
2 91 117 6 8
2 92 113 5 8
10 93 118 7 10
4 349 184 50 22
