0 192 115 143 47
0 57 155 110 26
2 15 196 9 13
2 22 195 6 13
2 42 187 9 11
2 31 186 6 9
10 63 181 7 19
3 68 174 18 11
7 87 176 18 19
2 117 174 9 12
2 109 200 7 11
1 183 200 7 16
2 190 202 4 7
1 250 194 5 11
1 291 205 6 14
2 147 165 5 12
2 162 160 6 7
10 192 158 5 12
10 203 157 6 10
10 212 155 6 11
7 221 154 9 13
2 221 149 6 9
2 229 165 7 11
1 240 164 8 13
1 250 177 5 12
2 249 169 6 8
2 231 154 6 9
2 238 153 6 7
1 250 156 3 7
2 249 152 3 8
1 254 145 6 12
1 265 146 5 13
2 271 153 4 12
2 276 153 3 11
2 277 150 4 8
2 285 153 6 13
2 294 153 4 13
1 291 147 3 13
2 302 153 5 12
1 301 147 4 12
2 284 162 3 7
2 294 162 4 8
2 296 175 4 8
2 303 177 4 9
2 317 176 8 12
1 326 185 6 13
2 288 162 3 6
2 173 161 8 13
2 180 161 7 12
1 285 247 10 18
1 307 254 4 9
1 311 252 4 9
1 237 306 6 9
1 250 307 11 19
1 401 237 8 9
1 340 290 12 17
1 390 291 16 19
1 335 308 11 17
1 341 316 11 14
1 364 317 13 13
1 215 251 6 18
1 220 244 5 13
1 222 254 5 13
1 224 249 4 9
2 233 257 7 11
2 235 249 6 7
2 241 249 5 8
2 246 256 5 9
2 251 255 4 7
1 255 248 4 14
1 247 242 11 14
