0 180 172 77 21
4 263 229 19 11
0 109 198 14 12
1 96 248 4 12
1 103 246 5 10
1 132 207 2 8
1 135 208 3 8
6 78 187 20 14
4 73 179 10 4
4 87 188 12 6
4 328 194 12 8
5 395 193 38 16
6 225 189 18 7
4 225 181 5 6
0 314 205 22 8
4 277 194 15 5
4 282 192 14 6
4 290 190 14 6
2 266 240 3 7
2 266 239 3 9
10 267 240 4 6
0 361 193 14 13
1 218 239 3 9
1 215 239 4 9
2 82 264 5 10
3 81 269 6 9
2 102 260 4 9
3 102 265 5 8
4 160 192 16 7
4 168 187 16 7
9 191 189 24 12
4 192 195 16 6
4 210 194 16 6
0 211 290 77 18
1 143 196 1 6
1 144 197 1 5
1 141 196 2 7
1 144 196 1 6
0 201 208 11 17
2 194 212 2 3
1 194 209 2 7
0 180 303 17 43
