4 250 317 26 16
4 116 295 36 45
4 140 237 23 34
4 22 269 39 29
4 44 238 34 29
4 65 217 26 24
4 203 133 7 7
4 267 160 10 10
4 250 134 7 7
4 236 113 4 4
4 213 105 4 3
4 212 101 3 3
4 227 100 4 3
4 231 105 4 3
4 225 97 3 3
4 201 93 3 3
4 167 101 4 3
4 169 99 3 3
1 266 171 3 9
1 267 153 2 6
5 242 119 7 6
4 242 123 7 6
4 252 125 10 6
1 270 126 2 5
4 283 180 17 13
2 172 188 4 11
10 172 190 7 9
2 97 193 4 9
3 98 196 5 7
3 91 197 4 7
2 90 195 4 7
1 117 153 3 7
1 125 145 2 7
1 129 144 3 7
1 132 145 3 6
1 171 123 2 5
1 163 107 1 3
1 165 107 1 4
2 207 112 1 3
2 211 108 1 3
2 211 108 1 3
2 178 112 1 3
3 178 114 2 3
