1 94 118 8 13
1 289 151 8 16
1 277 155 11 14
1 265 148 9 17
1 252 146 5 17
1 245 143 4 15
1 230 143 6 15
1 273 147 6 15
1 258 143 6 15
1 298 132 3 9
1 240 143 3 9
1 279 148 4 14
1 279 137 4 14
1 276 132 4 14
1 266 113 4 14
1 236 230 8 16
1 244 134 4 14
1 271 116 3 13
1 339 123 5 14
1 336 122 4 9
1 322 116 4 10
1 323 112 4 10
1 371 111 4 11
2 217 130 5 12
2 224 128 5 8
1 231 134 4 14
2 263 134 5 8
2 257 134 5 8
2 248 131 5 8
7 180 104 21 14
2 187 102 5 7
5 245 112 29 20
6 284 104 31 25
4 321 123 35 24
4 343 136 36 20
4 374 146 43 24
4 394 120 23 20
4 366 100 23 15
4 387 106 24 17
4 399 157 34 28
4 409 108 14 22
