0 211 98 76 13
0 247 161 38 13
4 237 301 19 35
4 270 303 23 34
4 238 264 17 27
4 190 207 11 14
4 156 223 16 20
4 208 218 20 16
4 80 260 30 29
4 79 218 27 23
4 54 204 28 12
4 220 187 11 11
4 196 161 7 7
4 193 146 6 6
4 180 155 7 7
4 176 147 6 6
4 146 180 13 11
4 160 164 10 10
6 155 304 26 42
5 190 285 14 29
7 224 231 9 13
2 224 228 5 6
5 239 231 13 19
4 260 216 26 13
4 259 208 23 12
4 258 198 23 9
4 259 173 17 8
4 224 178 10 9
4 226 151 9 6
4 30 267 22 29
4 25 318 31 14
4 7 305 13 25
10 55 256 6 14
3 48 273 9 12
10 77 236 14 9
4 76 181 10 9
6 124 184 23 11
8 101 167 6 8
6 204 181 10 13
9 209 154 10 15
8 223 163 8 7
4 181 139 6 6
4 205 123 4 4
5 168 154 7 7
7 287 208 7 9
1 285 239 4 11
1 289 241 4 10
1 292 251 3 11
1 297 250 4 10
1 271 186 3 8
1 236 196 4 8
2 228 190 3 7
3 228 191 3 7
1 215 172 3 7
2 211 183 3 5
7 212 185 6 9
2 191 189 3 6
2 195 187 3 6
10 196 189 3 6
10 191 190 3 7
5 143 166 14 7
5 139 171 14 7
2 122 226 5 9
3 122 229 6 8
2 125 249 5 12
10 125 251 6 12
1 160 173 3 6
1 171 160 2 6
1 172 155 3 6
1 174 156 2 5
4 165 144 13 6
5 169 142 10 6
5 168 139 12 5
4 169 137 13 5
10 117 156 3 4
10 296 225 11 7
3 255 228 11 6
1 285 177 3 7
1 284 184 2 6
1 269 165 3 6
5 232 145 6 6
5 221 147 6 7
4 231 130 4 4
4 226 127 4 4
4 219 116 3 3
4 200 120 3 3
4 198 117 4 4
6 264 147 16 8
4 260 141 13 6
4 257 138 11 4
4 259 139 9 3
4 283 137 9 4
4 274 130 9 4
4 284 127 8 3
4 283 126 7 3
4 251 129 9 4
4 251 127 9 3
4 248 122 8 3
4 251 126 9 3
7 268 131 3 4
5 275 123 4 4
4 249 117 3 3
7 284 138 6 3
2 213 140 1 3
1 226 139 1 3
2 220 135 1 3
10 213 141 1 3
10 220 136 1 3
4 210 111 3 3
4 214 109 2 3
5 213 113 2 3
4 153 155 16 8
5 152 149 14 8
4 158 127 9 4
5 179 131 9 5
5 176 129 9 5
5 180 127 9 5
5 181 123 7 3
4 175 122 4 3
4 180 121 8 3
4 181 119 7 2
4 160 124 9 3
4 204 110 3 3
5 194 122 4 5
4 199 115 3 3
4 201 114 3 3
1 253 133 1 3
1 251 133 1 3
9 245 137 9 16
4 230 141 6 4
4 232 138 5 5
5 205 108 2 4
1 227 113 1 3
