6 90 276 52 38
6 104 282 54 42
6 130 293 58 64
6 164 296 64 58
6 209 300 51 49
6 251 304 37 42
6 301 307 44 36
6 336 309 38 31
6 183 214 36 22
6 197 210 32 20
6 210 205 36 20
6 221 199 37 18
6 238 196 36 18
6 252 192 30 18
6 262 185 32 24
6 272 182 32 24
6 282 179 29 24
6 294 178 28 18
6 303 176 26 17
6 312 175 26 14
6 318 174 27 14
6 322 171 30 11
5 344 168 14 11
5 338 170 13 11
6 348 166 20 11
6 352 165 24 11
6 355 161 27 16
6 361 158 26 17
6 367 156 24 14
6 391 154 23 11
6 396 153 22 11
6 400 149 24 14
6 404 147 24 14
6 409 147 14 10
4 212 177 23 11
11 62 183 48 27
6 271 230 42 26
6 288 225 41 26
6 300 219 44 24
6 314 215 42 24
6 320 203 28 19
6 337 208 34 24
6 357 217 36 23
6 378 225 39 25
4 399 234 34 29
6 388 176 32 18
6 399 197 35 23
6 405 180 21 13
5 411 175 11 11
6 274 162 24 15
6 285 161 20 12
6 295 159 23 13
6 305 157 23 13
6 315 156 26 14
6 324 149 29 21
6 332 150 19 13
6 365 146 21 9
6 370 144 23 9
11 377 142 19 10
