0 245 132 27 33
0 154 275 14 20
4 90 201 14 6
4 153 194 15 7
4 190 216 14 6
4 229 216 15 7
5 134 202 12 6
5 178 201 12 5
7 184 190 9 4
5 237 198 13 7
4 208 270 7 15
4 209 292 6 16
4 218 268 6 15
4 220 291 7 17
4 276 214 15 7
4 315 214 16 6
4 328 224 15 7
4 308 232 14 7
4 347 216 14 7
4 315 247 11 13
4 324 244 11 16
4 304 245 13 14
5 298 202 18 7
5 353 203 13 5
4 182 139 6 14
4 192 147 6 15
4 191 125 5 14
5 244 152 11 6
1 210 183 2 2
10 263 96 5 4
4 241 106 14 7
4 264 117 5 12
4 267 224 16 7
4 335 243 10 14
4 344 243 11 14
4 360 242 14 12
0 131 250 38 12
10 102 250 3 5
4 240 281 6 14
5 239 304 6 18
4 209 315 6 14
4 222 310 9 16
4 412 218 9 6
4 410 196 11 6
4 365 182 16 10
4 350 173 14 10
4 363 168 12 14
4 334 181 12 11
4 382 175 12 13
4 391 171 12 14
4 405 174 9 14
10 391 244 4 7
10 298 248 4 4
1 288 235 2 2
10 338 232 5 2
2 339 232 2 2
4 169 287 15 10
4 167 305 15 10
10 187 297 2 5
2 188 297 2 2
1 328 255 3 2
10 343 256 4 4
10 344 253 3 5
4 24 245 11 13
4 44 246 11 14
1 69 255 4 2
10 51 261 7 3
10 14 262 3 6
10 7 261 5 3
1 248 305 3 1
1 337 151 4 2
8 208 226 8 3
2 211 227 1 2
4 191 107 7 12
10 287 154 4 5
1 266 187 3 1
1 281 231 2 2
0 229 310 5 30
10 179 228 5 2
0 270 167 18 22
10 273 191 6 1
2 274 190 2 2
10 367 153 4 5
10 359 192 5 3
10 294 225 5 2
2 294 225 2 3
10 230 208 5 3
