4 278 291 26 26
4 212 296 21 28
4 172 289 17 25
4 94 296 26 29
4 34 274 32 25
4 81 234 18 15
4 100 252 20 20
4 125 247 19 19
4 135 273 21 25
4 145 252 19 22
4 179 244 15 15
4 222 235 13 12
4 154 233 14 15
4 113 204 13 11
4 131 212 12 12
5 148 210 12 14
4 157 221 12 12
4 164 212 11 11
4 187 215 10 11
4 203 216 11 10
4 219 211 12 11
4 235 213 11 10
4 199 200 8 9
4 212 196 9 8
4 221 187 8 7
4 126 194 11 9
4 139 192 9 8
4 157 197 9 9
4 193 184 6 6
4 203 182 7 6
4 213 181 7 6
4 194 174 7 7
4 212 174 5 5
2 239 200 3 7
3 239 201 2 6
4 149 180 8 8
5 156 183 7 9
4 156 172 6 6
4 162 176 7 6
4 170 177 7 7
4 163 186 8 10
4 168 202 9 10
4 171 196 9 8
4 174 190 8 7
4 176 185 6 6
4 177 181 8 6
4 180 177 6 6
4 181 174 5 4
4 182 172 5 5
1 252 213 3 10
2 241 206 2 5
3 241 208 3 6
4 395 303 43 22
4 379 279 41 17
4 358 261 40 16
4 347 252 34 15
4 340 246 32 12
4 336 240 28 12
4 302 213 25 10
4 301 209 24 7
4 295 205 22 7
4 289 202 21 8
4 286 200 21 6
4 285 195 19 6
4 280 193 16 6
4 278 191 18 5
4 276 189 16 5
5 273 187 15 6
5 265 184 10 8
4 304 193 13 8
4 315 199 16 9
4 25 206 25 10
4 97 191 12 9
11 117 185 17 21
4 131 174 12 6
4 136 173 10 6
5 137 170 12 6
4 140 170 10 5
4 143 169 8 5
4 146 167 8 4
5 147 164 12 5
0 197 136 65 20
0 302 275 29 50
4 203 171 5 6
4 211 169 5 5
4 196 168 5 4
4 197 162 4 4
4 203 163 4 4
4 214 165 4 4
4 210 161 4 4
9 218 154 6 8
9 216 151 5 7
5 210 157 4 4
4 198 157 4 3
4 203 159 4 4
4 205 155 4 3
4 205 151 3 3
4 199 154 3 3
4 199 152 3 2
9 181 152 7 7
4 168 168 6 5
5 178 168 5 6
4 174 160 4 4
4 186 167 4 5
5 186 165 4 4
4 180 161 5 5
4 176 158 4 3
4 176 165 4 4
4 166 164 5 4
4 187 157 4 4
4 182 159 4 3
4 161 162 6 4
4 189 155 4 3
4 187 153 4 3
4 137 151 7 3
4 143 153 6 4
4 148 151 5 3
1 9 221 4 9
1 15 215 4 8
1 27 220 3 9
1 29 209 4 9
2 8 210 4 4
1 40 211 3 9
1 44 211 3 9
1 42 200 3 7
2 53 203 2 5
1 34 199 3 5
3 35 200 6 4
1 78 195 2 7
1 81 194 3 7
1 80 188 2 6
1 82 188 2 6
1 91 182 2 6
1 95 179 2 5
1 101 180 2 5
1 105 180 2 5
1 107 176 2 5
1 102 168 2 4
1 115 170 1 4
1 87 211 2 8
2 68 212 4 6
10 68 214 4 6
2 83 200 2 5
3 83 203 2 4
1 93 183 2 5
1 92 180 2 5
1 104 168 1 4
1 105 168 1 4
1 107 166 2 4
2 370 312 8 11
1 388 321 8 9
1 398 322 6 6
10 355 294 8 14
2 331 272 4 9
3 331 276 3 9
3 303 236 5 9
1 348 216 3 8
1 351 216 2 8
1 324 197 3 7
1 328 198 2 7
2 278 222 3 4
3 278 225 3 7
3 286 225 3 5
2 287 221 4 5
1 264 194 3 6
2 264 206 2 7
3 263 208 2 6
3 269 213 3 4
2 270 211 2 6
2 255 192 2 5
3 255 193 2 4
2 257 196 2 4
3 257 198 1 4
1 399 244 4 11
2 11 231 5 9
10 10 232 4 7
10 6 241 11 6
1 253 184 1 5
1 255 178 1 4
1 251 178 2 5
2 246 185 2 5
3 246 186 1 4
1 251 171 1 4
1 252 170 1 3
2 247 178 2 3
10 247 180 1 3
1 246 170 1 5
2 248 169 1 2
10 248 170 1 2
10 247 173 1 2
2 247 171 2 3
2 229 179 1 3
2 225 179 2 3
3 225 181 1 3
3 229 181 1 3
1 230 171 1 4
1 235 171 1 5
3 233 171 4 3
2 230 174 2 3
10 230 176 1 2
1 238 169 1 4
1 240 169 1 4
1 242 169 1 4
2 238 172 1 3
3 238 173 3 3
10 240 172 3 3
1 239 165 1 3
1 240 165 1 3
10 305 185 6 4
1 312 190 2 6
1 314 192 2 5
2 278 182 3 4
3 278 184 4 4
1 286 182 2 5
1 284 183 2 5
1 281 186 1 4
1 283 185 2 6
1 310 304 6 17
1 311 308 6 17
1 322 318 6 14
1 331 317 8 15
1 53 212 3 6
1 37 186 3 6
1 42 186 3 6
1 113 163 1 4
1 114 163 1 4
1 116 162 1 4
1 119 169 1 4
1 117 169 1 4
1 125 158 1 3
1 118 163 1 4
1 119 162 1 4
2 121 161 1 2
1 131 156 1 3
1 130 156 1 3
1 127 164 1 4
1 131 165 1 3
1 128 165 1 4
1 135 164 1 3
1 131 162 2 3
1 136 159 1 3
1 139 165 1 3
1 138 165 1 3
1 148 160 1 3
1 153 160 1 3
1 152 155 1 3
1 159 147 1 3
1 151 158 1 3
1 150 161 1 3
0 142 159 8 7
0 263 220 10 9
0 240 183 6 7
0 244 192 7 6
0 252 204 6 6
