1 49 112 3 6
4 144 104 5 7
4 128 116 11 7
4 143 118 7 9
4 155 112 7 9
4 131 135 14 8
4 165 153 13 9
10 124 150 3 5
2 124 148 3 4
2 123 148 2 3
1 103 219 5 9
4 125 266 17 30
4 229 317 19 16
4 195 287 17 35
4 215 247 16 26
4 187 240 14 25
4 184 192 12 17
4 207 207 13 17
4 202 180 11 14
4 196 152 9 11
4 202 115 6 8
10 212 152 3 6
2 212 151 3 5
10 219 143 3 6
2 219 142 3 5
10 364 131 3 6
10 289 125 6 4
10 283 121 6 4
5 238 105 11 6
4 243 97 10 5
4 255 108 10 6
7 267 95 8 4
4 278 105 13 6
5 288 113 8 7
4 273 114 10 7
4 299 102 8 6
4 289 95 12 6
3 275 183 3 7
2 11 229 6 5
2 15 225 7 7
