4 150 210 21 17
4 166 223 22 19
4 240 214 18 15
4 216 184 10 8
4 202 163 5 6
4 216 166 5 6
4 220 174 7 7
4 352 203 26 14
5 16 269 30 35
0 216 139 9 11
0 213 147 27 8
6 296 212 21 20
6 217 159 6 7
4 299 177 8 5
4 86 179 25 8
4 93 176 24 7
5 103 172 14 6
5 48 195 29 8
0 228 159 8 12
10 300 279 19 11
10 332 322 26 7
7 183 232 7 15
7 363 221 22 14
7 339 216 13 7
10 271 208 6 9
1 395 210 4 12
2 303 271 6 14
2 336 314 7 14
2 343 318 6 11
1 71 226 6 14
1 42 225 6 16
1 52 226 5 15
1 77 216 4 10
1 71 215 3 10
10 68 214 7 7
4 204 156 4 5
2 238 174 3 8
1 276 192 6 4
1 283 189 2 9
1 285 193 4 12
1 289 188 3 10
1 321 199 3 6
1 328 181 3 9
1 70 171 3 10
1 66 170 3 9
4 119 166 7 7
4 128 165 10 7
4 156 157 8 4
4 150 149 6 5
2 191 158 2 3
2 195 151 0 3
1 310 193 3 8
1 265 167 4 5
1 269 172 3 8
1 281 177 1 6
1 282 171 1 6
1 274 171 2 8
1 277 170 2 9
5 286 168 7 7
6 276 165 11 8
1 343 211 3 8
1 356 221 5 12
1 369 223 5 14
1 363 214 3 11
1 356 207 3 13
1 362 206 6 14
10 309 224 10 8
1 303 211 2 8
2 310 218 5 15
