4 216 294 7 10
4 166 220 7 11
4 151 178 7 11
4 133 195 8 10
4 83 207 10 7
4 53 233 12 6
4 54 247 11 7
4 5 238 9 10
4 16 143 11 6
4 104 129 6 11
4 108 141 6 9
4 118 127 6 9
4 127 127 6 10
4 124 146 6 11
4 144 155 6 10
4 187 148 11 8
4 291 171 12 4
9 309 161 27 8
4 308 145 10 5
4 297 127 9 9
4 355 132 9 6
6 400 118 11 7
4 363 230 6 11
4 369 245 7 10
4 349 250 8 5
4 356 258 8 5
4 248 132 9 9
4 156 166 5 7
4 126 241 10 3
7 366 108 5 3
10 174 262 3 6
1 174 261 2 2
1 174 263 2 3
1 219 282 2 3
10 219 283 3 5
