4 133 281 21 27
4 171 266 17 23
4 234 247 29 17
4 262 214 18 11
4 141 232 21 16
5 230 205 11 10
4 195 199 10 9
4 211 197 9 8
4 200 186 8 6
4 194 174 6 5
4 196 168 6 4
4 182 177 7 6
4 171 192 9 9
4 184 189 8 7
9 57 202 42 23
2 316 226 5 7
10 315 228 10 9
7 406 271 20 13
2 407 270 9 10
1 264 201 3 8
6 219 182 13 13
1 232 180 2 5
2 231 183 2 4
3 231 185 1 4
2 78 317 9 15
3 79 320 9 11
4 65 187 12 6
6 68 196 63 28
4 5 188 9 7
4 15 191 16 9
4 33 194 13 8
5 58 164 6 8
2 130 218 4 7
10 130 220 9 6
6 172 163 9 12
9 177 155 10 9
6 175 159 6 6
4 156 159 5 3
6 114 161 8 9
4 150 154 3 3
4 162 153 4 3
4 165 151 3 2
5 154 150 4 3
4 141 149 3 3
4 144 146 3 2
4 160 150 4 3
4 113 170 7 4
4 111 168 5 4
5 131 144 5 3
6 132 142 6 5
