4 149 318 19 15
4 72 301 30 31
7 85 262 16 18
4 115 239 20 22
4 92 227 22 20
4 162 284 22 26
4 179 245 17 19
4 156 244 18 19
4 138 231 18 19
4 171 218 15 13
4 210 217 12 13
9 191 209 18 26
4 174 190 16 11
4 152 193 15 13
4 200 173 17 9
4 175 179 16 9
4 176 172 16 8
4 308 152 13 6
4 336 134 13 5
4 323 135 13 4
5 303 130 11 6
4 297 133 10 4
4 361 132 11 4
9 387 135 30 14
9 317 128 21 8
9 284 126 16 9
4 278 128 10 4
4 134 130 11 5
4 120 124 5 4
9 66 124 14 6
4 67 167 15 7
7 209 182 6 8
2 207 182 3 3
2 209 181 3 3
2 209 180 3 3
1 88 216 4 8
2 85 148 2 3
1 121 130 2 4
1 256 125 1 3
4 202 122 4 4
4 190 122 5 4
4 183 122 5 3
4 188 118 3 3
1 191 117 1 3
4 198 116 3 3
4 210 119 3 3
6 216 118 6 7
8 221 110 1 3
4 228 106 2 3
6 233 107 4 6
4 214 98 4 1
5 233 99 2 2
4 230 98 2 2
4 224 98 4 2
7 227 102 2 3
4 223 102 3 2
4 224 101 2 2
4 220 100 3 2
4 218 101 4 2
4 214 103 2 2
4 203 110 3 3
4 205 108 3 3
4 208 106 1 2
7 205 117 1 3
5 207 114 3 3
4 212 116 3 4
5 210 114 3 3
4 214 113 3 3
4 221 105 3 2
4 218 107 2 2
4 217 108 3 2
4 216 110 3 3
4 214 107 2 2
4 213 109 2 2
4 211 110 2 2
4 225 104 2 3
1 295 126 2 3
1 352 170 3 5
3 352 172 5 4
1 10 220 6 9
2 10 218 2 4
4 109 124 9 5
