4 162 301 20 22
4 163 274 16 20
2 184 286 8 12
2 184 268 8 12
2 204 273 8 12
2 203 272 4 8
2 206 320 8 9
10 183 290 6 11
10 203 275 7 13
10 185 269 6 11
2 200 248 4 5
7 200 253 11 13
7 184 229 11 13
2 183 226 4 6
1 146 250 5 11
1 142 247 3 11
2 143 245 3 6
2 325 236 5 6
8 324 237 16 13
2 326 246 5 6
2 323 246 5 7
10 324 250 16 10
8 343 243 19 15
2 348 243 5 7
2 337 234 3 5
2 341 235 3 5
8 340 235 12 10
4 323 220 27 12
6 345 215 34 14
4 304 215 24 9
4 273 219 26 8
4 271 213 22 8
2 286 209 3 7
2 312 210 4 6
2 315 211 3 3
10 312 212 8 5
3 285 211 9 6
2 132 225 5 7
2 124 225 5 7
2 138 206 3 6
2 227 218 5 7
2 230 219 3 6
2 207 216 5 7
2 175 222 3 6
0 168 169 26 71
1 115 205 4 9
1 95 191 4 7
4 344 197 11 9
4 324 195 9 9
5 299 197 18 9
4 309 193 10 12
4 282 193 9 9
1 278 198 4 6
10 274 202 7 6
1 248 196 2 6
0 126 167 56 67
2 194 218 3 6
2 192 217 3 6
0 199 156 33 44
0 230 162 26 19
4 268 192 8 9
4 256 192 8 9
4 245 192 8 9
4 268 182 13 5
4 272 187 17 6
4 220 191 7 9
4 234 191 7 8
4 257 181 12 6
4 250 180 10 6
4 244 179 10 6
4 227 177 10 6
4 222 176 10 6
6 235 177 15 7
5 208 189 13 8
5 205 187 13 8
5 201 184 13 8
4 196 183 12 6
4 192 181 11 5
1 233 196 3 7
1 239 194 3 6
1 246 195 3 8
10 212 197 5 5
10 191 219 8 6
10 206 218 11 6
10 227 221 9 6
2 242 217 3 8
2 244 218 3 6
10 243 219 10 7
8 244 210 13 9
2 242 210 4 7
4 167 222 23 13
10 123 227 6 6
10 133 228 3 7
10 139 207 8 6
10 177 225 6 5
