4 385 307 45 37
4 319 249 24 26
4 298 216 22 20
4 163 305 27 40
4 225 246 20 32
4 182 263 20 34
2 88 280 7 11
2 95 275 4 6
10 122 246 15 11
10 116 240 16 11
7 127 222 26 14
4 321 192 31 15
4 316 185 32 12
4 190 174 20 14
10 160 165 10 6
10 151 167 10 6
10 182 167 9 6
8 185 162 16 10
4 186 158 25 10
5 186 148 19 12
4 181 131 20 10
4 189 125 8 9
10 285 149 9 6
10 286 146 5 5
2 285 140 3 5
1 277 141 2 7
10 279 140 5 6
7 274 143 7 10
10 273 130 6 4
1 270 127 2 6
1 266 130 2 7
1 261 127 2 7
1 259 127 2 6
10 271 125 5 4
10 270 123 6 4
2 220 127 3 4
10 220 130 4 5
4 248 122 9 7
1 241 120 2 7
10 258 112 5 4
3 257 106 5 3
10 255 103 4 4
2 131 182 3 6
1 245 95 1 5
1 233 106 2 6
4 240 105 7 6
4 233 99 6 7
4 234 95 5 5
4 222 101 6 5
4 190 105 6 6
4 194 94 12 4
4 182 95 9 5
4 182 103 6 6
