4 283 310 93 30
4 267 283 87 32
4 228 265 68 33
4 208 249 64 28
4 201 229 57 26
4 317 255 63 31
4 280 240 57 30
4 267 227 52 22
4 251 213 47 20
4 157 214 31 29
3 95 310 14 30
4 39 307 76 37
4 64 236 67 24
4 82 214 54 18
4 88 202 50 16
4 105 192 44 16
4 113 186 36 13
4 126 179 29 14
4 135 174 29 13
4 143 169 30 13
4 149 166 23 11
4 169 158 26 11
4 242 204 39 15
4 233 196 39 15
4 227 185 34 14
4 220 178 33 11
5 221 171 34 15
4 224 167 23 11
5 217 162 25 11
5 223 156 20 10
5 222 150 18 9
4 230 154 22 7
4 214 147 21 8
4 172 155 25 9
4 173 152 25 8
4 174 149 21 7
4 160 147 22 7
4 166 145 15 7
4 168 141 17 7
4 169 140 18 6
4 166 135 14 5
4 173 134 13 5
4 167 133 14 4
0 201 126 34 15
0 166 123 18 12
4 26 156 22 13
4 13 151 23 12
4 15 143 13 11
4 14 129 9 6
0 50 110 37 19
1 351 225 8 18
1 325 217 7 19
1 330 209 5 17
1 319 202 6 16
1 316 192 4 14
1 325 183 3 12
1 331 184 4 12
1 338 184 6 13
1 344 185 4 12
2 380 197 6 11
10 380 199 10 8
4 357 202 44 15
4 369 209 44 17
4 388 220 56 22
1 318 178 6 11
2 310 171 5 13
1 314 168 3 11
1 362 187 4 13
2 347 184 4 7
2 351 186 6 11
2 353 188 5 10
2 357 188 4 10
2 328 173 4 11
2 326 173 2 9
1 338 180 5 11
1 343 180 5 12
1 350 182 4 14
1 356 185 4 13
1 398 182 3 11
1 407 182 5 11
1 292 163 4 10
1 268 157 2 8
1 279 157 2 9
1 272 154 3 10
1 276 156 3 8
1 277 155 2 9
4 127 118 5 4
4 120 116 5 4
0 150 107 26 15
1 394 163 3 8
1 336 152 2 8
1 339 151 4 7
1 350 147 3 8
1 376 149 3 7
10 364 152 7 5
1 273 142 2 7
1 235 138 1 6
0 220 120 7 10
1 228 125 1 4
1 231 126 1 4
0 257 125 11 9
0 361 122 33 11
10 316 143 6 4
2 316 142 3 5
1 400 149 3 9
1 402 150 3 7
1 406 150 3 7
1 411 151 3 7
1 415 151 2 7
0 361 140 9 8
1 379 141 2 6
1 392 139 2 6
1 409 139 2 7
1 399 140 3 6
1 395 139 2 7
1 397 140 1 6
0 375 134 6 5
