0 210 127 30 10
0 196 136 22 9
0 379 166 29 10
0 228 138 12 14
4 275 316 24 19
7 266 267 14 20
4 243 226 24 14
1 257 205 4 9
4 264 211 25 11
4 313 237 31 13
4 320 215 23 12
1 296 212 3 9
1 295 212 3 9
2 400 176 3 4
4 411 201 10 10
5 405 196 17 9
4 400 193 18 6
4 394 188 22 8
4 384 185 21 6
4 371 179 20 6
4 362 175 19 6
4 340 162 10 6
1 341 167 2 5
4 350 167 12 5
4 356 170 14 7
4 355 172 14 5
4 330 162 9 6
4 323 162 8 5
7 322 165 8 5
1 315 163 1 5
4 363 202 27 10
1 316 200 4 8
1 317 192 3 7
4 298 170 8 6
4 348 192 19 7
4 342 188 19 7
4 334 184 20 7
4 329 181 16 6
4 325 179 16 6
4 322 176 15 6
4 319 173 16 6
4 315 171 16 6
4 311 169 14 5
4 307 168 12 4
4 298 193 22 8
4 290 188 19 7
4 289 185 19 8
4 286 182 18 7
4 283 179 16 7
4 283 176 16 6
4 283 174 17 6
5 271 155 16 6
4 255 152 10 3
4 243 150 9 4
1 243 150 2 5
4 227 148 4 4
5 230 152 3 4
1 245 175 2 6
1 248 168 1 5
4 239 179 7 7
4 213 217 12 12
4 200 152 5 4
4 185 144 3 3
7 191 144 3 3
2 191 144 1 2
4 180 151 5 3
4 175 144 9 3
4 172 147 8 3
4 171 149 7 3
4 169 150 5 4
4 172 158 6 4
6 169 164 8 11
4 163 155 11 4
4 159 158 12 4
4 148 170 7 6
10 125 181 3 6
1 67 172 3 6
7 90 213 20 10
3 108 204 8 5
4 111 219 19 16
1 125 200 2 7
4 114 193 23 9
4 133 184 16 11
1 136 210 4 9
4 142 202 12 11
4 158 203 12 11
4 165 220 14 14
4 90 243 23 20
4 69 265 30 27
4 94 264 29 26
4 163 272 31 29
4 16 279 31 21
1 37 321 9 9
3 34 264 13 6
10 36 260 13 7
10 43 254 13 7
3 49 246 12 5
