4 27 243 48 23
4 84 227 24 19
1 93 227 5 12
1 65 225 5 12
0 53 222 17 14
1 48 203 4 9
1 4 316 6 16
4 101 189 20 10
4 164 153 6 5
1 161 149 1 4
4 168 148 7 6
4 176 142 5 4
4 163 144 9 5
4 171 141 5 4
4 183 134 3 3
4 188 134 3 3
4 188 131 3 2
4 190 129 3 3
4 195 124 3 2
5 197 122 2 2
0 216 111 14 13
0 232 118 7 8
0 241 127 5 9
1 237 128 1 3
1 244 136 6 5
1 245 141 1 3
5 258 151 5 5
5 258 150 8 5
0 252 146 4 9
2 248 145 1 3
3 248 147 1 2
4 259 156 9 6
4 263 162 7 6
4 269 164 10 6
1 266 166 1 6
2 256 163 2 4
10 256 164 2 3
4 285 184 18 7
4 284 191 12 9
1 317 196 2 8
2 320 195 3 9
3 321 197 4 5
10 307 195 9 5
10 313 183 4 5
4 304 207 26 9
4 300 216 18 12
4 317 230 22 21
4 332 249 26 25
4 378 252 37 16
4 368 242 41 13
4 391 316 37 19
4 261 242 17 17
5 211 247 17 25
5 226 202 24 15
1 259 215 3 10
1 258 213 3 10
4 179 188 11 11
5 196 182 9 13
10 178 168 2 4
2 178 166 2 4
1 181 163 3 6
10 182 164 1 4
4 215 173 9 7
4 231 173 8 7
4 238 164 7 6
4 234 153 6 5
4 217 155 6 5
5 205 149 5 7
4 195 143 5 4
4 218 150 5 4
4 218 146 5 5
4 219 143 4 3
4 207 142 5 4
4 196 141 5 5
4 199 136 7 3
4 206 136 3 3
4 209 139 4 3
4 218 140 4 3
4 219 136 4 3
1 213 140 1 4
2 228 150 1 3
3 228 152 1 2
4 233 145 5 5
2 225 139 1 2
3 225 140 0 2
2 223 136 1 2
3 223 138 0 2
4 236 142 10 3
4 231 140 4 3
4 229 137 3 3
4 218 131 3 3
4 209 131 3 2
4 211 128 3 3
2 202 130 1 1
3 202 131 1 1
4 204 127 3 2
10 207 128 1 1
2 207 127 1 2
4 211 123 2 2
4 219 125 2 2
0 217 121 18 3
4 406 270 21 17
7 66 206 10 8
1 310 185 2 8
10 267 156 5 3
4 227 126 3 2
2 224 127 0 1
10 224 128 1 1
