0 190 225 19 9
4 93 320 24 11
4 319 307 30 14
4 281 278 25 7
4 281 316 23 17
4 241 271 10 7
4 235 282 12 10
4 227 274 8 8
4 223 267 8 7
4 205 269 9 7
4 204 287 14 12
4 199 254 7 5
4 218 257 7 5
4 222 262 7 5
4 212 252 11 4
4 192 231 2 2
4 175 241 4 3
5 188 252 10 6
6 192 259 6 8
8 217 246 3 4
10 214 284 3 7
10 266 289 5 7
10 229 288 5 9
10 210 258 1 4
10 205 257 1 4
10 201 245 1 3
2 214 281 2 6
2 210 256 1 3
2 205 255 1 3
2 201 243 1 2
4 210 247 5 3
6 208 248 5 4
4 150 260 9 7
4 153 256 7 5
8 158 248 3 4
8 161 245 3 4
8 177 234 1 2
8 176 232 2 2
10 127 306 4 9
10 159 264 2 4
10 162 261 2 4
10 166 248 1 3
10 177 244 1 2
10 184 246 1 3
10 189 235 1 1
10 178 234 1 1
2 127 303 4 8
2 159 261 2 3
2 162 258 2 3
2 166 247 2 3
2 184 244 1 2
2 177 242 0 1
1 170 241 1 3
2 160 253 1 3
3 160 255 1 3
2 177 237 1 2
2 175 237 1 2
2 174 239 1 2
8 210 242 2 3
6 202 232 3 4
1 194 233 1 2
4 152 247 5 4
4 147 252 5 4
7 130 266 5 8
2 90 303 3 7
10 89 306 6 7
4 54 307 13 14
7 230 259 4 8
10 292 285 7 4
10 300 297 10 5
0 283 285 9 4
