1 185 299 6 21
2 191 246 6 14
3 191 249 13 9
3 214 262 12 13
3 234 245 9 10
11 237 260 27 54
4 104 249 19 19
4 16 225 30 14
6 21 197 41 22
0 4 153 6 5
5 14 158 10 7
1 120 191 3 10
10 49 152 5 3
4 58 154 7 4
4 53 159 9 5
4 53 161 9 4
4 60 159 8 5
4 62 162 9 5
4 68 159 8 6
5 73 153 7 5
4 82 154 6 4
4 89 154 6 5
4 99 154 6 4
4 120 154 5 4
4 130 154 4 4
5 144 154 4 4
5 141 159 6 5
5 133 158 5 5
4 124 199 27 10
6 150 215 78 31
4 261 220 32 13
4 276 212 30 11
4 333 198 27 9
4 380 195 26 10
4 210 164 14 5
2 253 165 2 3
2 249 165 2 3
4 174 155 3 3
5 177 155 3 3
0 191 160 6 3
3 215 155 3 2
3 215 155 1 3
4 221 155 6 4
7 228 155 3 3
4 233 155 6 4
4 240 155 6 4
4 247 155 6 4
5 253 154 6 5
4 260 155 6 4
4 266 155 7 4
4 272 154 7 4
5 279 154 6 4
5 282 152 14 5
5 277 150 8 3
6 258 161 13 11
6 273 161 13 11
3 277 167 4 3
10 281 168 2 4
3 290 174 5 4
10 287 173 6 5
3 286 171 5 4
4 332 153 7 4
7 330 149 2 3
4 321 152 6 3
5 325 151 6 4
4 322 150 6 3
4 317 149 7 3
4 311 150 7 3
4 305 150 8 3
4 300 149 8 3
4 310 148 8 3
4 307 148 9 3
4 305 147 9 3
4 302 146 8 3
4 301 144 7 3
4 293 146 8 3
4 290 145 8 3
4 293 144 6 3
4 290 144 8 2
4 289 143 8 2
4 296 143 7 2
4 284 143 7 2
4 284 142 6 2
4 288 141 6 2
4 292 142 6 3
4 302 141 7 2
5 304 141 6 3
4 309 143 7 2
4 311 143 7 2
4 316 144 8 3
