8 399 280 24 19
2 401 288 4 6
2 341 277 3 6
5 350 281 19 26
1 293 243 4 9
10 288 234 8 7
2 288 233 3 5
10 277 243 7 5
2 275 242 3 5
2 277 241 3 6
4 229 220 21 9
4 219 229 21 10
6 240 231 31 17
4 270 220 20 9
4 85 209 20 10
5 106 212 23 12
4 121 204 20 8
4 308 212 18 8
4 328 216 20 9
4 365 185 15 7
4 391 181 14 7
4 396 185 15 6
4 410 178 13 7
1 356 156 1 4
1 358 156 1 4
1 361 156 2 5
1 299 152 1 4
0 156 138 6 4
0 163 140 7 3
0 130 139 13 3
2 143 151 2 2
0 129 156 5 3
0 171 174 5 4
0 180 182 7 12
1 186 185 2 5
0 188 190 3 5
10 210 196 5 4
2 209 194 2 4
5 252 184 10 8
4 242 190 14 7
0 7 161 10 5
1 4 174 2 4
8 43 149 5 3
0 7 167 4 3
6 43 173 14 8
11 30 177 13 12
4 61 274 34 15
4 161 251 25 13
6 101 247 94 39
6 123 233 91 29
