0 224 134 30 12
6 153 211 34 19
6 287 214 33 15
6 318 281 31 36
8 173 307 28 36
7 264 248 14 17
7 245 227 13 17
6 263 203 24 10
3 288 222 24 14
3 322 229 22 10
8 172 181 9 12
7 232 209 7 13
8 208 177 6 9
8 188 178 5 9
8 221 169 3 7
7 247 197 19 11
10 223 198 5 10
10 198 200 2 4
10 192 199 2 6
10 152 191 9 5
10 133 209 2 9
10 135 312 17 25
10 347 250 20 12
10 375 249 22 12
10 314 226 14 9
10 329 235 18 11
10 201 176 1 3
10 197 170 8 3
7 112 226 18 9
1 228 225 4 12
1 253 244 5 15
1 227 178 1 6
1 287 226 4 8
10 294 224 14 10
2 262 240 2 8
2 199 196 3 5
2 192 196 2 6
2 197 167 1 4
2 202 167 1 4
2 244 192 3 7
4 252 161 16 6
10 237 172 7 3
10 245 171 9 4
1 218 156 2 5
2 206 159 1 4
10 206 161 2 3
2 217 167 2 3
10 216 169 4 4
0 233 162 20 13
0 224 146 29 10
