4 156 251 18 30
4 17 181 33 15
4 24 172 32 11
5 35 162 35 17
4 89 111 20 8
4 109 94 17 4
1 65 169 5 11
10 221 286 6 14
2 220 284 5 9
1 263 280 3 7
1 262 275 3 7
1 274 274 5 11
5 255 309 20 31
1 193 232 4 10
1 230 204 5 9
1 179 197 4 11
3 178 198 2 9
2 207 206 3 7
3 207 208 4 10
10 238 192 5 8
4 227 178 12 17
4 204 166 11 13
1 176 147 3 7
1 236 149 3 10
1 241 151 3 8
2 218 157 3 6
7 218 158 6 10
10 228 150 4 13
3 242 155 3 8
2 191 121 3 6
2 190 110 3 5
10 189 112 2 4
10 191 123 2 5
6 175 102 10 13
5 219 114 7 11
1 225 118 2 7
7 155 215 22 11
10 302 295 15 9
10 400 219 5 8
1 365 187 4 9
2 414 213 5 7
