4 8 311 13 6
4 23 292 9 16
4 85 308 8 15
4 119 296 7 15
4 151 295 6 16
5 133 266 7 16
4 150 261 7 14
4 184 302 7 15
4 196 293 7 15
4 188 265 7 14
4 210 263 6 15
4 220 267 6 14
4 260 316 13 12
5 347 316 14 6
4 368 309 8 17
4 394 313 16 8
4 394 304 16 7
4 382 231 10 15
4 393 227 12 12
4 403 225 9 15
4 413 164 6 15
4 409 144 7 14
10 161 245 2 6
2 161 244 1 2
1 154 240 2 2
1 152 240 2 1
4 133 210 9 14
4 150 202 6 14
4 194 189 7 15
10 227 214 2 5
2 227 214 2 3
10 253 201 2 6
2 254 201 2 3
5 219 186 6 12
1 251 161 2 2
4 205 159 7 14
4 216 128 6 14
4 250 120 6 14
1 237 124 2 3
1 235 124 1 3
1 239 124 2 3
10 178 135 2 5
10 178 112 2 6
2 178 110 2 3
2 178 134 2 2
4 193 124 6 14
4 151 110 7 15
11 273 104 16 12
4 44 131 16 8
4 46 111 15 7
4 47 94 16 5
4 31 222 16 7
