0 113 174 14 9
0 243 213 8 4
0 254 226 9 8
0 303 282 19 17
0 334 316 22 18
0 272 247 12 10
0 221 182 9 9
0 148 165 7 7
0 140 174 5 8
0 210 165 8 8
0 142 154 19 4
0 173 147 55 17
0 123 161 10 4
0 135 170 9 8
4 122 165 5 3
4 116 168 6 4
4 109 166 9 3
4 110 168 5 3
10 122 173 1 3
2 122 173 2 3
1 127 170 1 4
1 126 181 1 4
1 126 175 1 4
1 128 175 1 4
1 129 174 0 1
10 123 170 2 2
2 123 169 1 2
1 130 170 1 3
1 95 175 1 4
4 120 186 8 6
2 105 175 1 3
1 115 184 1 4
10 113 182 2 3
2 113 181 1 3
1 103 180 1 4
1 102 180 1 4
3 101 185 2 3
2 101 184 1 3
10 107 184 2 3
2 107 182 1 4
10 109 185 2 3
2 109 184 2 3
10 104 187 2 4
2 104 186 1 4
4 114 192 9 5
5 109 193 14 8
4 107 196 14 7
4 101 199 15 7
1 106 202 2 6
1 87 202 2 7
1 85 180 2 4
1 82 183 1 4
1 86 182 1 4
1 86 183 1 3
2 92 185 2 3
3 97 191 2 3
2 97 189 1 5
3 91 191 1 4
2 91 190 2 4
1 72 187 2 5
1 67 191 2 5
1 64 191 2 6
1 64 191 2 6
1 74 202 2 7
1 71 203 3 7
5 77 222 19 21
1 43 199 2 6
1 55 217 3 7
1 58 208 2 7
1 62 215 3 7
1 35 220 2 7
1 36 219 4 7
1 31 223 3 8
1 21 226 3 8
1 29 238 9 10
3 34 235 3 6
2 34 232 3 9
4 51 227 18 11
1 16 239 4 9
3 28 261 7 8
2 28 258 6 10
10 5 272 7 9
2 5 268 7 10
3 19 280 11 8
3 33 270 9 11
3 43 265 5 10
10 49 259 5 8
4 53 273 26 20
4 72 248 19 17
9 83 254 41 47
4 95 280 22 23
4 118 278 18 21
4 110 223 11 10
4 137 294 19 25
4 147 268 16 20
4 130 252 15 15
4 119 234 13 12
4 138 233 11 12
4 128 217 11 9
4 121 210 9 8
9 124 194 18 17
4 133 189 7 6
4 152 248 14 19
4 156 235 11 12
4 159 221 10 12
4 161 213 8 8
4 163 206 8 8
4 163 200 7 7
4 148 208 8 8
4 152 198 7 7
4 141 190 8 8
4 140 183 6 5
4 144 179 6 4
4 157 190 6 6
4 149 186 6 6
4 149 174 5 4
4 152 171 4 3
4 152 179 6 5
4 159 183 6 6
4 170 170 4 4
4 165 179 6 6
4 155 176 5 4
4 158 172 5 4
4 158 169 4 3
4 163 175 4 4
4 166 168 4 3
4 164 170 4 3
4 161 165 4 3
4 174 163 3 3
4 168 166 4 3
4 168 164 4 3
4 166 163 5 3
4 164 161 3 3
4 169 162 3 2
4 169 161 3 3
9 156 161 6 8
4 181 166 3 3
4 181 172 4 3
4 181 178 5 4
4 181 184 5 5
4 182 196 7 7
4 188 180 4 4
4 195 176 5 4
4 187 165 4 3
4 192 166 3 3
4 188 160 3 3
4 182 160 3 3
4 175 159 3 3
9 189 170 6 9
4 193 195 6 6
4 182 208 8 7
4 205 207 9 8
4 182 224 9 9
4 199 239 11 11
4 216 227 12 11
4 194 272 15 19
4 232 296 21 25
4 261 295 21 22
9 199 165 6 7
9 203 168 6 8
4 203 174 4 4
9 206 181 8 13
3 231 185 2 3
2 231 184 1 4
10 218 190 2 4
2 218 189 2 3
3 216 193 1 4
2 216 192 2 4
1 224 192 2 5
2 226 195 2 5
3 226 196 1 4
1 230 194 2 5
1 230 191 1 6
3 227 191 3 3
10 236 192 4 4
1 239 192 2 6
1 241 181 1 4
1 243 183 1 4
1 245 185 1 5
1 241 187 1 5
1 242 185 1 4
1 239 178 1 4
1 238 179 1 4
10 237 183 1 3
2 237 182 1 3
3 234 181 1 3
2 234 180 1 4
1 234 179 1 4
0 240 208 4 4
1 236 206 2 5
1 244 205 2 6
1 245 196 1 6
1 247 197 2 6
1 249 194 1 5
1 251 193 1 5
1 253 193 1 5
3 242 191 1 4
2 242 190 1 4
3 245 191 1 3
2 245 189 1 4
3 247 190 1 3
2 247 189 1 3
1 248 187 1 4
1 267 203 2 6
1 261 208 2 7
2 270 216 3 7
3 249 207 2 5
2 249 206 2 6
1 257 203 3 6
2 255 205 2 6
3 255 207 1 5
3 249 220 6 5
3 262 220 2 6
2 262 218 2 7
5 276 212 14 11
2 289 210 3 6
3 293 238 3 7
1 290 237 2 6
1 286 235 3 10
1 283 235 2 9
2 274 231 4 7
10 274 233 3 7
3 290 245 4 8
2 290 243 4 9
3 283 250 4 8
2 284 247 4 9
2 285 244 3 7
10 284 245 4 8
1 277 266 3 11
1 326 223 2 8
1 342 220 4 8
2 356 225 4 6
4 334 223 17 10
5 289 217 20 9
4 294 220 21 8
4 298 224 25 9
4 304 228 22 9
4 312 232 25 9
4 317 240 29 11
4 324 246 29 11
1 353 260 3 10
4 348 258 35 13
4 357 265 37 15
4 382 280 42 16
1 401 268 7 14
1 410 307 5 16
3 386 320 13 11
