0 49 159 96 25
0 199 146 54 15
0 349 99 46 14
0 324 117 34 20
0 353 112 33 10
4 307 128 10 5
4 295 134 15 6
6 279 133 16 8
4 284 145 12 11
4 275 156 16 10
10 264 146 5 5
10 260 133 3 4
2 261 132 2 5
10 241 128 4 4
0 231 132 8 6
3 226 137 6 4
1 197 137 2 8
1 200 138 2 7
4 374 110 3 3
4 372 114 4 4
1 379 114 1 3
1 378 114 1 3
4 355 120 5 4
4 370 124 6 4
4 353 129 6 5
4 355 131 7 7
4 356 134 8 8
4 292 176 26 15
4 355 137 7 6
4 355 141 9 8
4 355 145 10 10
4 355 151 10 9
4 352 155 12 12
4 350 164 14 12
4 351 172 15 15
4 348 184 17 15
4 353 198 19 20
4 325 176 14 15
4 319 185 18 19
4 312 200 20 22
5 343 208 21 29
1 406 247 14 21
10 396 262 33 20
2 397 260 13 19
3 349 241 14 13
1 348 239 10 19
1 337 238 10 17
2 327 241 6 12
1 318 239 8 19
3 320 240 18 16
4 275 197 21 19
10 286 223 18 14
2 294 222 7 14
1 287 221 7 18
1 285 220 5 14
10 178 298 16 27
2 180 294 12 29
1 183 202 5 15
0 197 155 25 6
10 291 161 4 7
2 290 160 3 6
2 291 159 3 8
1 257 160 5 10
1 254 151 3 10
1 253 158 3 10
1 249 160 3 10
1 250 158 2 10
10 251 174 6 8
2 251 172 4 12
10 241 177 10 8
2 240 176 5 12
10 233 153 7 6
10 246 200 6 12
2 246 197 5 12
10 211 206 10 11
2 211 202 7 14
2 7 176 5 10
2 10 176 3 9
0 53 170 40 9
10 43 177 7 10
10 53 178 6 8
10 59 177 7 11
10 68 177 7 10
10 81 177 4 10
10 76 173 3 9
10 85 172 3 10
10 90 177 5 9
10 94 172 4 10
1 99 147 4 10
4 34 200 35 20
4 82 201 35 20
4 109 197 30 18
0 112 143 3 10
1 116 144 3 8
1 111 147 4 10
1 123 143 3 10
2 124 147 3 5
0 156 145 8 4
2 169 144 3 5
2 163 145 3 5
1 153 151 2 9
5 212 180 33 18
1 212 168 2 11
1 209 166 3 11
1 206 165 3 11
10 202 168 10 8
10 194 167 8 8
10 195 162 5 8
3 162 158 9 6
1 162 156 4 11
10 169 158 4 7
1 169 158 3 9
10 165 163 3 7
7 164 171 6 9
10 171 167 4 7
10 182 163 9 7
10 185 172 5 9
3 181 176 8 9
10 181 173 3 9
8 175 184 12 16
8 217 161 14 14
10 145 193 7 12
10 124 173 4 10
2 145 190 7 14
2 146 190 4 10
3 149 181 5 11
10 138 181 5 10
10 143 181 5 11
1 148 154 3 9
1 148 152 3 9
10 138 159 4 8
10 142 164 4 8
3 149 159 3 7
3 148 163 4 8
10 150 166 3 8
3 118 171 4 8
10 101 163 4 7
10 101 175 7 10
10 103 170 3 11
10 106 166 4 8
10 108 178 6 11
3 114 173 5 10
1 115 179 4 14
1 114 178 5 12
