1 47 186 11 15
1 5 212 7 14
1 80 173 11 12
1 110 161 8 10
1 118 156 6 10
1 123 156 5 9
1 160 135 4 12
1 260 152 4 6
1 262 147 3 12
1 186 217 6 17
1 318 178 5 15
1 307 124 4 10
1 341 304 15 19
1 396 251 13 14
1 395 217 8 15
1 406 179 7 14
2 385 180 7 13
1 387 144 4 11
1 391 143 2 9
1 301 111 1 8
1 352 125 2 7
1 356 125 3 6
1 368 127 4 6
1 370 127 1 8
1 374 128 3 5
1 385 127 3 6
1 281 105 3 9
1 245 104 3 5
1 250 104 2 6
1 255 104 3 7
1 261 105 3 7
1 269 108 3 9
1 274 107 3 8
1 268 102 3 8
1 274 103 2 7
3 284 117 9 8
3 104 121 5 8
3 109 121 4 7
10 381 183 15 13
10 409 128 6 11
1 390 164 7 14
1 396 165 3 14
1 397 169 7 15
