0 318 105 64 25
0 270 97 33 11
4 180 306 49 30
4 379 296 36 30
4 350 250 27 21
4 332 261 29 25
4 267 195 18 12
0 122 150 72 8
6 112 166 40 19
1 125 175 2 7
1 135 175 3 6
1 139 175 3 8
1 141 174 2 8
1 144 175 2 8
10 147 173 4 6
6 195 171 26 21
4 215 166 15 11
4 183 94 3 3
4 185 97 3 3
4 188 103 3 3
4 196 116 4 3
4 224 130 6 5
4 240 133 7 5
4 235 139 7 6
4 251 144 8 7
4 261 157 10 7
6 196 137 7 9
6 213 144 10 9
0 182 133 6 14
3 187 133 1 4
2 187 131 1 4
10 190 123 1 3
2 190 122 1 3
4 211 110 4 3
4 227 106 7 3
4 211 107 4 3
5 228 122 6 6
5 235 119 5 5
5 201 103 4 4
9 213 102 7 8
6 202 95 4 4
3 307 185 3 6
2 308 183 3 6
3 312 185 3 7
2 313 183 3 7
5 356 116 7 4
4 358 118 8 3
4 356 121 12 3
4 362 118 8 4
4 364 125 11 4
5 365 119 9 4
4 370 121 11 4
4 378 124 11 5
4 355 108 7 3
4 358 109 8 3
4 360 110 9 3
5 366 112 8 4
4 373 114 7 3
4 376 114 9 3
4 380 115 9 3
4 385 130 12 4
4 382 129 12 4
4 409 123 9 4
4 403 122 8 5
4 400 120 10 5
