1 241 322 3 6
2 240 320 2 7
1 242 321 3 9
4 186 314 21 22
4 188 242 12 16
1 364 321 6 9
4 365 299 31 22
4 403 260 27 14
6 331 275 51 29
4 276 267 19 15
2 352 262 5 9
7 356 265 22 10
4 409 227 13 14
4 411 244 10 10
4 404 246 23 14
4 387 243 21 12
4 394 225 14 11
4 378 221 14 10
4 365 218 13 9
4 351 216 16 10
1 372 234 3 9
1 361 229 4 9
1 364 212 2 8
1 353 211 2 8
1 348 212 2 7
2 346 211 3 4
2 300 243 4 7
10 299 245 6 7
4 259 219 11 8
1 6 318 5 13
2 41 318 7 12
2 45 316 12 10
3 21 287 13 8
10 34 285 14 9
4 34 279 33 16
4 40 273 29 14
4 46 266 26 14
4 50 261 24 12
8 62 272 14 18
8 68 265 13 15
8 76 254 14 15
8 82 246 13 12
7 54 255 26 12
6 59 249 26 12
6 64 245 24 13
6 70 240 25 13
4 106 238 28 10
4 111 228 26 10
1 91 220 2 9
2 99 220 3 8
4 125 211 20 9
4 170 206 9 9
4 184 209 9 9
4 200 217 10 11
4 138 198 18 6
4 132 192 17 6
3 143 188 6 3
3 113 190 3 2
10 116 194 2 4
10 119 190 5 3
1 134 166 1 3
10 134 185 5 2
4 197 196 7 8
4 190 189 7 7
4 352 251 32 12
4 344 244 28 12
4 338 239 28 9
4 333 234 27 9
4 327 229 24 9
4 318 224 22 11
4 310 221 22 9
4 303 217 22 8
4 299 212 23 9
4 258 197 7 7
4 297 208 20 7
5 296 204 18 7
2 298 202 2 5
4 289 201 22 10
2 318 195 1 3
2 317 195 2 3
4 285 201 18 6
4 281 198 16 5
4 281 196 14 6
3 298 185 2 3
4 293 185 9 5
3 259 188 2 3
2 250 192 3 5
10 251 193 2 4
1 281 191 2 6
5 277 189 14 7
4 270 188 14 5
4 268 185 14 5
4 267 184 14 5
4 279 167 12 4
4 267 172 12 4
4 253 177 13 4
4 252 176 12 5
2 237 176 2 3
10 237 177 2 3
5 241 174 10 5
4 244 174 9 4
4 253 171 6 4
4 261 171 7 5
5 258 169 8 4
10 262 167 3 2
1 259 164 1 3
1 256 163 1 3
1 250 164 1 3
10 251 159 3 1
4 241 167 7 3
1 240 158 1 3
4 239 157 7 3
4 232 155 7 2
4 184 178 5 5
4 159 175 6 6
4 182 162 3 3
4 198 159 3 3
4 206 160 4 3
1 165 172 1 4
1 166 168 1 4
1 164 169 1 4
4 161 169 5 4
4 162 168 4 4
4 160 166 9 4
4 162 164 9 4
4 167 163 5 3
4 161 159 7 3
6 167 156 5 5
0 157 153 11 3
4 160 149 6 2
4 182 156 3 3
4 182 152 3 3
4 181 149 3 2
2 174 156 1 1
10 174 156 1 2
1 174 150 0 2
4 171 149 3 3
5 179 144 1 2
4 178 147 2 2
5 167 150 5 2
4 164 148 6 2
4 162 147 6 2
0 164 140 7 4
4 165 136 1 1
1 173 145 0 2
7 188 151 1 2
1 174 143 0 2
2 175 143 0 1
10 175 144 0 1
4 174 141 2 1
4 175 138 1 1
4 176 138 2 1
1 177 140 0 1
0 179 128 4 4
0 187 128 5 3
0 180 133 7 3
0 175 136 4 1
5 181 137 3 1
4 179 136 1 1
0 192 130 2 3
0 188 133 4 4
4 192 134 1 1
0 196 135 4 3
4 189 138 1 1
1 193 138 0 1
4 197 141 2 1
4 192 144 2 2
4 194 147 2 2
4 195 150 2 3
4 197 155 3 3
4 211 168 4 4
2 230 170 1 3
2 233 171 1 3
2 232 171 0 2
10 229 171 2 2
10 232 171 3 2
4 228 167 5 4
4 226 165 4 3
4 224 162 2 3
5 221 160 3 3
5 220 158 3 3
4 225 155 4 2
4 223 153 7 2
4 222 151 5 2
6 224 151 5 4
0 221 146 10 3
3 213 155 0 2
2 213 155 0 2
4 221 150 5 2
4 220 149 6 2
10 205 152 1 1
2 205 151 0 2
5 217 140 4 2
0 206 140 8 5
0 213 142 3 3
4 220 143 2 1
1 218 143 0 2
2 202 143 0 1
10 202 144 0 1
2 203 145 0 1
2 204 146 0 1
10 203 145 0 1
10 204 146 1 1
10 205 145 0 1
0 212 147 7 3
4 212 151 3 2
4 210 150 3 2
5 208 149 2 2
4 206 147 3 2
