4 107 323 15 3
4 108 319 15 7
4 112 311 14 6
4 112 306 11 6
4 112 301 10 4
4 113 298 11 5
4 116 293 13 6
4 100 287 11 5
4 143 288 11 7
4 161 287 9 5
4 47 203 6 4
4 62 204 7 2
4 63 201 6 2
4 137 218 3 3
4 139 214 3 3
1 148 208 0 3
4 150 194 3 3
6 153 212 7 8
4 162 203 2 4
4 162 198 3 4
4 159 187 2 2
4 149 188 3 3
4 157 183 5 2
4 161 234 9 4
1 99 314 1 4
1 123 311 2 4
1 129 309 2 5
4 142 324 11 2
4 142 320 14 5
4 144 315 12 4
4 145 310 11 5
4 146 305 14 5
1 173 318 1 4
5 181 305 4 9
2 204 311 1 3
10 204 312 2 4
2 199 281 1 2
10 199 282 1 4
4 216 303 12 6
4 216 293 11 7
5 217 280 7 8
5 172 252 10 5
4 205 252 4 5
1 202 252 1 3
4 201 243 4 5
1 203 247 1 2
4 197 241 3 5
6 190 235 3 8
4 199 233 4 5
1 195 228 0 3
1 199 227 0 3
1 200 228 1 3
4 198 214 3 4
1 118 284 0 3
7 119 283 8 3
10 120 272 2 3
10 121 264 3 2
10 125 257 2 3
0 116 276 3 3
4 184 192 2 3
4 183 190 2 2
4 182 187 1 2
4 183 185 2 2
4 184 183 2 2
4 186 175 2 2
4 194 182 2 3
4 196 185 4 2
4 163 174 4 1
5 208 159 3 2
4 207 158 3 1
4 203 160 3 1
4 233 142 2 1
4 229 141 1 1
0 176 125 7 6
0 103 128 12 7
0 129 125 11 6
0 157 125 8 7
0 225 137 4 4
9 236 147 3 3
0 216 154 3 5
4 335 204 6 3
4 362 206 5 3
4 349 231 6 4
0 149 134 12 5
0 72 130 16 6
5 157 173 6 3
5 158 172 5 2
5 156 171 4 2
5 196 165 2 3
4 191 164 3 2
1 191 172 1 2
1 142 236 1 3
0 201 195 12 10
0 216 121 12 20
