0 136 119 29 16
0 166 122 29 11
9 104 294 36 62
9 77 228 26 45
4 141 232 13 17
4 185 271 20 22
4 213 282 22 23
4 242 272 25 21
4 194 235 16 14
4 169 218 13 12
4 182 205 10 10
4 166 199 11 12
9 215 230 33 43
9 241 229 39 44
9 283 275 73 71
4 175 188 10 9
4 189 186 10 10
9 91 194 20 28
4 112 185 9 11
4 114 164 9 6
1 107 162 1 5
1 109 162 1 5
4 110 160 5 5
4 113 155 6 5
4 122 149 5 4
4 113 149 4 4
4 115 147 4 4
4 116 146 4 4
9 123 142 10 9
1 121 154 1 3
10 121 155 2 3
1 118 152 1 3
3 118 153 1 2
1 106 176 2 9
1 109 175 2 8
1 127 172 1 8
1 127 172 1 8
1 60 162 2 4
3 60 164 2 3
1 65 158 2 3
3 65 159 2 3
1 67 152 2 5
1 65 152 1 4
1 45 162 2 5
1 40 160 2 5
1 38 160 2 5
1 38 166 3 5
1 35 167 3 4
1 33 166 2 5
1 35 163 2 5
1 32 164 2 5
1 30 170 2 5
1 26 171 3 6
1 24 168 2 6
1 22 168 2 6
1 20 159 3 5
1 54 153 2 4
1 31 157 1 3
1 29 157 2 4
1 26 157 1 4
1 145 170 3 8
1 309 197 3 8
1 305 196 3 11
1 251 170 4 8
1 260 168 3 8
1 263 168 2 8
1 276 169 2 7
1 278 171 2 5
1 278 168 2 8
1 295 172 2 8
1 290 170 2 8
1 289 172 3 7
1 272 170 3 8
1 269 169 2 8
1 268 168 2 7
1 235 172 2 7
1 234 172 3 7
1 229 174 4 8
1 219 171 2 7
1 218 170 3 8
1 230 166 2 5
1 222 160 1 5
1 221 160 1 5
1 220 164 2 4
10 220 166 3 3
1 203 162 2 4
1 198 158 1 4
1 203 155 1 3
10 203 156 2 2
1 196 154 2 4
1 223 153 1 4
1 215 155 1 4
1 214 155 1 3
1 213 155 1 4
1 227 152 1 3
2 229 152 1 3
1 258 189 2 6
3 258 191 3 6
1 209 161 2 4
10 209 162 3 3
1 202 146 1 4
1 206 144 1 4
1 166 173 3 8
4 172 158 6 5
4 169 153 5 4
4 172 148 5 3
4 170 144 4 3
4 164 164 7 5
4 162 158 6 5
4 161 153 5 3
4 166 150 5 4
4 158 148 5 3
4 165 147 4 3
4 158 145 4 3
4 163 145 4 3
4 155 143 4 3
4 149 143 4 3
4 169 141 3 3
4 161 141 4 3
4 159 138 3 2
0 177 140 8 6
4 156 142 4 2
4 155 140 3 3
4 154 139 3 2
4 153 138 3 3
4 153 136 3 3
4 164 140 4 3
4 165 138 3 2
4 165 136 2 3
9 160 134 6 6
4 153 134 3 2
4 156 133 3 2
1 104 160 1 5
4 200 141 5 4
4 199 140 5 4
0 190 140 11 6
0 206 141 3 1
4 204 140 3 3
1 190 146 1 3
1 188 148 1 3
0 185 149 4 4
1 191 135 1 3
1 192 133 1 4
1 194 133 1 4
0 112 141 6 5
1 327 229 4 13
1 323 227 3 13
1 331 218 3 11
1 327 218 4 11
1 358 217 3 9
1 361 217 2 11
1 364 216 2 9
1 367 215 2 8
2 351 230 5 4
2 350 234 5 5
3 381 243 5 10
1 377 281 5 13
1 59 235 4 10
11 51 253 9 12
1 52 235 4 10
1 51 234 3 11
1 58 225 3 11
1 51 227 4 9
1 65 223 4 10
1 43 235 5 11
0 64 212 5 10
1 69 215 3 7
1 76 203 2 7
1 78 203 1 7
1 56 213 3 9
1 57 211 3 7
1 14 259 5 13
0 337 291 25 25
0 359 314 21 21
0 294 253 12 11
0 305 265 8 8
0 52 166 10 2
1 52 172 3 9
1 49 172 3 8
1 62 151 1 4
1 61 152 1 4
1 49 153 1 5
1 52 155 2 4
1 42 153 1 4
1 41 152 1 4
0 26 152 7 3
1 33 152 2 4
3 33 153 3 3
3 11 295 17 10
3 15 285 17 9
3 13 280 17 10
1 40 236 4 11
