4 224 306 25 35
4 39 267 33 30
4 85 221 23 15
10 22 253 13 8
10 15 248 12 8
10 20 247 14 6
1 101 242 5 13
1 111 202 3 11
1 115 204 3 10
4 78 202 26 11
4 99 188 22 8
4 128 180 14 13
1 138 181 3 8
1 139 174 4 7
1 144 174 3 8
4 128 163 14 7
4 167 142 5 4
4 170 139 5 4
4 175 134 4 4
4 171 133 5 3
4 183 132 4 3
4 180 128 3 3
4 184 126 3 2
5 186 124 2 3
4 190 120 2 2
0 209 105 7 7
0 208 114 16 8
4 198 123 2 2
4 202 123 2 2
4 203 127 3 2
5 206 121 2 3
5 204 125 2 3
4 203 120 2 1
4 211 123 2 3
4 214 124 2 3
4 211 120 2 1
4 210 131 3 3
4 191 135 4 3
4 192 134 4 3
4 199 138 4 4
5 200 142 4 6
4 210 139 4 4
4 210 136 4 3
4 217 142 4 4
4 223 137 4 4
4 222 133 4 3
4 221 131 3 3
4 224 142 5 4
4 210 149 5 5
4 228 149 5 5
4 212 160 7 6
4 212 173 7 7
4 216 188 10 10
4 282 190 13 12
4 275 183 12 11
4 267 177 10 7
4 260 164 8 6
4 262 161 14 5
4 253 150 11 5
4 248 148 6 4
4 245 144 7 5
0 243 135 9 13
0 231 121 14 7
0 225 113 6 6
10 226 172 1 4
2 226 170 1 4
1 235 164 1 5
1 233 164 1 6
1 237 139 1 4
1 177 158 3 5
10 178 159 1 4
10 180 152 2 3
2 180 151 2 4
2 189 141 1 3
10 189 143 1 3
1 212 134 1 3
1 213 134 1 3
1 217 133 1 3
10 218 127 1 2
2 218 126 1 1
2 214 127 1 1
10 214 128 1 1
4 178 216 18 15
4 213 218 12 14
3 248 217 4 11
2 249 215 4 9
4 302 215 16 12
2 278 216 4 10
3 277 219 5 8
4 329 252 26 21
4 353 267 36 22
2 346 313 8 14
3 345 318 8 15
4 399 261 35 16
4 407 276 19 19
4 406 244 20 21
8 400 205 10 11
4 310 191 18 8
4 305 187 25 7
7 337 178 10 6
2 348 187 3 5
4 325 197 26 7
4 327 199 23 5
4 332 205 26 9
4 407 177 18 7
2 381 177 3 5
5 320 168 15 7
5 355 166 14 7
0 410 188 7 7
1 276 157 2 5
1 274 157 1 5
0 234 131 7 9
