0 163 144 51 27
4 251 238 19 17
4 223 207 13 9
4 208 207 12 9
4 149 190 8 8
4 147 179 6 6
4 149 172 5 6
4 152 165 4 3
4 194 180 8 6
4 213 187 8 6
4 185 176 6 6
4 175 166 6 3
4 130 182 6 7
8 121 262 16 21
1 139 225 6 12
1 127 185 4 5
4 208 183 8 6
4 201 176 6 5
4 198 174 6 4
4 195 170 5 3
4 192 167 5 4
4 190 166 5 3
4 186 163 4 3
4 184 160 3 3
4 182 159 3 2
2 137 173 1 4
4 143 167 5 3
0 136 171 7 9
4 143 160 3 2
4 140 163 3 3
4 140 162 4 3
2 137 195 3 4
10 137 199 4 5
10 257 198 3 7
1 219 176 3 5
2 99 222 4 6
3 99 228 6 7
0 330 160 164 38
