0 252 143 13 21
0 320 155 11 13
0 306 160 23 14
0 295 162 14 11
0 212 137 15 6
0 128 142 15 6
0 145 140 11 1
0 114 143 4 1
4 123 156 4 2
4 132 157 3 1
6 145 149 6 4
4 151 153 2 1
4 155 153 2 1
6 131 168 4 6
6 155 177 9 10
4 165 177 4 4
4 139 192 6 4
4 105 218 9 6
4 196 184 4 4
4 119 320 23 11
4 102 288 14 12
9 136 286 32 34
5 160 304 20 21
4 182 301 13 15
4 184 279 12 12
4 164 282 14 13
4 159 266 13 11
4 178 262 11 10
4 189 264 14 12
4 173 251 10 8
5 185 248 12 13
4 203 249 10 9
1 166 246 2 5
9 159 247 22 20
4 182 238 11 7
4 196 240 9 8
4 193 232 8 7
4 195 221 8 7
4 201 233 8 7
4 202 225 8 6
4 207 237 8 7
4 214 229 7 7
4 207 219 7 6
4 205 215 8 5
4 213 210 8 6
6 221 218 11 14
4 214 203 6 5
4 217 205 7 6
4 228 211 6 5
4 222 208 6 5
4 230 205 5 5
4 232 200 5 4
1 216 194 1 4
1 214 195 0 3
4 219 194 5 4
4 220 192 5 3
9 225 196 9 12
6 228 186 7 11
6 230 179 6 10
6 235 192 7 14
6 238 183 5 7
4 238 178 4 4
4 234 175 3 3
4 240 176 3 3
4 236 172 3 2
4 241 173 2 2
4 243 171 2 2
4 245 169 3 2
9 238 167 6 7
4 245 167 2 2
4 246 166 2 1
4 241 165 2 2
4 242 164 2 1
4 242 163 3 2
4 244 161 2 2
4 243 160 2 2
4 244 159 2 1
4 245 158 2 2
4 246 157 2 2
4 248 162 3 2
4 247 163 3 1
4 247 164 3 2
4 249 161 2 2
4 249 159 3 2
4 250 158 2 1
0 249 155 8 2
4 360 182 6 4
4 343 180 10 3
4 373 178 9 3
4 370 177 9 3
4 366 176 9 3
4 364 175 7 2
4 363 174 7 2
4 313 186 10 6
4 306 180 10 3
4 303 177 8 3
4 302 176 9 3
4 300 174 7 3
4 298 170 7 3
4 329 182 10 3
4 328 181 10 3
4 326 176 10 4
1 313 172 1 2
4 326 179 9 3
4 322 173 8 3
4 327 169 7 3
4 319 172 7 3
4 319 171 8 3
4 323 164 7 3
4 325 167 7 2
4 325 166 7 2
4 332 161 6 3
4 335 162 6 2
4 336 162 6 2
4 338 163 7 2
4 339 165 6 2
5 344 164 9 3
5 353 170 11 4
5 351 169 8 3
4 348 168 7 3
4 346 167 7 3
4 347 168 7 2
4 344 166 7 3
