1 26 317 12 17
4 95 283 33 38
4 114 242 28 29
4 77 227 48 20
4 65 205 46 13
4 75 194 42 16
4 119 202 40 17
4 120 194 37 13
1 140 201 3 13
4 311 290 41 38
4 285 261 37 29
5 279 232 28 27
4 266 218 44 17
4 280 208 37 16
4 272 199 40 15
4 277 188 37 13
4 265 184 30 12
4 261 180 31 11
4 270 175 27 10
4 245 172 27 11
4 240 168 23 9
4 240 163 22 7
5 237 159 20 8
5 236 155 17 8
5 230 153 17 8
4 237 151 22 7
5 218 156 8 11
4 204 156 9 8
5 227 146 17 9
4 236 146 16 7
4 226 141 14 5
4 224 139 14 6
4 224 137 15 4
4 222 135 14 5
5 222 133 14 5
5 219 132 10 4
4 227 130 11 4
4 222 128 5 4
5 222 126 5 4
4 220 125 5 4
5 220 123 4 4
5 218 121 3 4
4 230 123 6 4
1 160 197 4 12
1 164 197 5 12
1 163 201 5 13
5 186 205 17 22
4 150 185 15 15
4 156 177 30 11
4 155 171 18 10
4 162 165 18 10
4 166 159 14 10
5 166 153 19 8
4 169 148 18 7
4 169 146 19 7
1 178 162 3 10
1 179 153 2 8
1 180 153 2 8
4 174 142 16 6
4 176 140 18 6
6 176 135 19 7
5 177 133 12 5
4 179 132 14 4
5 177 130 6 4
4 182 128 6 5
4 179 126 5 4
2 192 133 2 4
10 192 134 2 4
2 189 128 1 3
10 189 130 1 3
5 201 126 5 5
2 209 128 1 4
10 209 129 1 4
1 206 119 1 4
5 214 117 7 3
5 161 127 9 5
4 169 125 5 4
5 176 124 11 5
5 169 123 10 4
4 171 122 11 4
4 178 120 8 4
4 178 117 7 3
2 185 117 1 3
7 186 117 4 2
5 223 117 7 3
4 235 121 4 4
5 228 120 5 4
4 241 121 5 4
1 245 138 1 6
1 249 137 1 5
10 255 150 7 5
1 272 157 1 6
1 262 157 2 8
7 260 157 16 8
10 269 164 8 5
