1 102 250 7 12
1 81 298 8 13
4 129 316 29 18
10 11 319 20 12
1 168 308 6 9
3 169 312 18 11
1 328 310 7 11
1 332 313 9 12
2 335 306 9 7
1 346 289 12 10
1 355 293 8 10
1 347 298 9 9
1 390 223 7 9
2 410 190 10 8
10 408 190 17 9
1 343 186 6 12
1 346 185 7 11
5 363 166 39 19
1 383 139 7 11
1 284 145 4 11
3 286 146 7 11
4 310 149 34 20
2 106 198 3 8
2 106 199 7 13
10 107 199 12 8
2 59 186 7 9
7 58 187 16 9
2 85 143 6 10
2 126 157 5 9
2 132 157 5 7
10 85 144 13 7
7 129 158 16 11
4 17 168 32 20
4 53 133 35 15
4 18 125 34 16
1 44 119 5 11
7 38 110 8 14
3 85 116 6 9
10 90 119 4 9
10 96 118 4 11
4 109 117 18 19
4 132 108 20 19
2 265 113 4 8
1 273 117 5 7
1 278 114 3 11
10 275 116 4 9
10 312 130 12 7
10 315 106 10 7
10 327 110 4 9
1 315 114 5 10
1 321 108 4 7
1 342 97 4 10
1 330 108 4 10
1 337 132 5 10
1 342 132 6 9
2 339 131 5 6
4 237 168 16 27
