4 123 282 31 42
5 145 232 25 25
4 267 242 21 29
4 324 221 22 22
4 235 204 16 21
8 233 243 13 26
5 261 182 14 20
4 254 158 12 13
4 165 187 16 18
4 171 173 14 14
4 137 173 24 12
4 140 166 30 11
4 113 190 37 15
4 108 199 32 15
1 38 245 7 12
1 34 244 6 16
4 64 196 25 19
5 63 175 29 21
10 22 182 9 8
1 85 174 4 10
1 90 174 3 10
1 103 178 4 11
1 99 178 5 10
10 76 167 7 8
2 75 165 4 7
1 110 160 2 8
6 137 151 31 13
10 224 184 4 8
10 224 170 4 8
2 225 181 4 8
2 224 168 3 7
2 224 168 3 7
4 374 185 20 14
10 364 204 5 10
2 365 201 6 9
1 373 193 3 7
1 365 190 6 11
10 326 143 3 6
2 326 143 3 5
2 326 141 3 5
4 249 121 7 7
10 251 116 4 3
2 251 115 2 5
4 110 131 19 8
6 145 130 35 12
1 166 129 3 7
1 156 133 2 7
1 152 134 3 7
1 154 133 2 7
5 191 132 17 11
4 194 123 8 7
4 197 117 7 7
1 203 118 2 6
4 200 108 6 6
4 203 105 6 5
4 205 101 6 7
1 207 97 1 6
4 207 95 5 4
7 214 96 2 3
2 214 96 1 3
10 226 108 1 4
10 233 101 2 3
2 226 107 1 4
2 233 100 1 4
4 225 94 10 4
