4 360 298 35 35
4 313 221 18 18
4 298 200 15 14
4 266 151 7 6
4 240 167 9 8
1 260 149 1 6
4 216 147 7 7
4 199 171 9 11
4 189 159 8 9
4 169 177 11 12
4 164 188 12 11
4 181 200 12 15
4 156 213 16 18
4 141 245 20 24
4 45 292 34 36
10 8 301 15 15
4 18 320 31 11
1 39 319 8 12
5 73 250 27 29
4 95 220 22 19
1 105 221 4 11
1 110 222 5 10
1 117 223 5 11
10 95 207 6 9
10 79 219 8 6
4 113 195 15 14
4 123 185 13 12
4 135 165 11 11
4 148 149 9 10
4 182 133 10 6
4 205 131 12 6
4 216 134 13 6
2 184 179 3 7
2 184 177 3 7
10 184 180 3 8
4 202 124 5 5
4 194 123 5 5
2 187 127 2 3
3 187 128 2 4
1 230 129 3 4
4 247 123 5 5
4 243 115 5 5
4 224 116 4 4
4 223 107 3 4
4 205 112 4 4
4 198 116 4 4
4 192 113 4 4
4 202 108 3 3
4 202 105 3 3
4 203 97 2 2
4 207 98 2 2
4 206 93 2 2
0 187 102 25 15
4 177 112 3 3
1 196 112 2 3
1 131 187 3 9
1 128 188 2 6
