1 59 101 4 9
2 70 108 4 8
10 70 111 11 6
2 78 121 4 9
3 79 123 11 5
2 92 105 2 5
2 89 104 3 7
10 90 106 10 5
1 83 300 10 20
1 93 301 8 17
1 162 210 5 15
1 160 201 5 12
2 109 111 3 6
2 111 111 3 8
10 110 113 10 6
5 130 121 29 14
2 162 111 3 4
2 157 109 3 7
2 154 112 3 7
8 156 114 16 7
4 184 127 30 12
4 228 122 28 12
5 231 137 25 14
5 179 139 32 14
4 214 153 33 15
4 251 171 38 17
1 233 205 4 14
1 251 195 3 12
3 243 198 13 12
1 262 195 3 11
8 257 191 31 19
1 191 197 5 14
2 189 205 4 11
10 187 208 14 8
6 214 194 42 24
1 209 213 6 12
2 193 231 7 11
10 194 235 14 10
1 216 239 4 14
8 201 244 30 22
1 240 232 4 15
8 242 229 29 18
10 214 285 19 12
4 310 253 54 25
1 313 233 6 14
1 316 228 6 12
2 343 231 7 8
3 343 238 19 11
10 290 108 8 6
4 270 137 31 11
4 341 125 26 11
1 276 185 4 14
8 290 188 27 13
1 328 194 6 14
1 326 184 4 11
2 374 216 7 7
1 389 218 5 14
8 397 225 31 14
1 336 191 4 12
1 340 190 4 14
1 348 197 6 14
1 352 197 5 13
5 388 185 39 18
4 358 150 33 14
4 411 185 11 17
4 340 94 24 4
4 237 95 21 7
