0 21 110 40 13
0 66 100 94 16
0 193 105 162 14
0 264 95 63 7
0 314 111 61 35
0 394 117 20 7
5 376 117 11 5
5 388 130 7 7
5 406 121 13 5
4 409 174 9 11
4 382 171 26 13
4 357 167 24 11
4 328 164 22 10
4 312 162 20 10
4 293 158 18 10
4 278 156 14 9
1 365 209 5 14
1 349 203 3 11
10 332 208 7 11
2 355 227 6 16
1 372 240 10 14
2 383 248 9 18
8 316 188 12 15
1 259 182 6 11
4 256 154 17 9
4 243 152 15 10
4 222 153 17 9
0 245 171 12 10
10 241 174 10 8
10 237 168 2 7
1 210 205 3 13
1 201 176 6 10
1 190 207 4 13
4 221 164 11 11
1 171 210 4 14
1 180 210 6 14
1 192 233 7 17
1 194 234 4 16
4 208 151 22 9
5 189 160 11 14
4 192 149 21 8
4 181 146 17 11
4 173 162 15 11
5 163 155 13 14
4 166 142 20 8
8 260 128 12 7
1 262 127 2 6
5 246 130 18 7
4 227 128 14 6
4 206 127 16 6
5 144 151 14 12
4 130 151 13 10
4 129 121 14 6
4 147 138 15 8
4 140 136 16 7
4 157 140 18 8
4 134 136 15 7
4 126 135 16 7
5 118 146 17 13
4 119 133 15 6
4 109 132 15 7
4 107 146 12 9
1 153 278 7 21
1 145 278 7 21
1 150 314 9 22
1 152 317 7 16
1 105 249 7 20
10 29 214 12 13
1 2 171 3 11
0 26 152 19 14
2 80 212 9 13
2 71 212 4 13
1 72 208 5 13
1 83 169 3 7
1 80 170 3 10
1 76 169 3 10
4 91 143 15 10
4 95 130 14 6
4 94 110 9 3
4 73 112 10 4
0 83 109 4 8
0 52 110 21 6
4 51 115 13 6
4 54 113 8 3
10 75 118 5 3
2 75 117 2 4
4 78 141 16 10
1 84 136 3 6
10 83 132 3 3
2 83 131 3 6
1 80 130 2 6
1 78 130 2 6
1 78 158 3 9
2 79 156 1 4
1 55 156 2 10
1 50 156 4 9
1 34 175 4 11
1 38 155 2 9
1 12 151 5 9
1 22 179 4 11
1 29 178 5 11
1 25 173 4 11
1 27 162 5 9
4 15 149 24 9
4 9 147 16 8
4 4 128 7 6
4 5 134 8 5
4 67 141 14 8
4 58 140 16 8
4 22 138 18 8
4 46 139 16 7
4 36 138 17 8
4 22 133 15 6
4 29 128 13 6
4 39 126 10 5
4 32 134 21 7
4 45 133 13 7
4 54 134 12 7
5 64 134 15 9
4 69 128 17 5
1 64 126 2 5
4 64 125 8 6
1 48 128 3 5
1 54 130 2 5
1 57 126 1 5
4 53 125 8 6
10 59 131 4 3
2 58 130 1 3
1 398 262 10 18
