0 292 249 13 23
0 305 277 21 32
0 332 305 24 39
0 310 303 18 29
0 214 132 125 31
4 249 302 28 33
4 95 317 29 16
4 169 309 24 32
4 211 282 19 24
4 196 309 26 33
4 222 312 27 26
4 242 266 21 26
9 274 264 39 69
1 60 243 5 13
3 68 235 13 8
1 52 249 5 14
1 31 278 9 16
1 13 208 5 12
1 6 241 6 16
1 4 238 6 16
1 10 233 6 13
1 6 231 4 12
1 14 225 6 13
1 12 222 6 12
1 18 214 6 12
1 24 209 6 17
1 30 201 6 12
1 26 200 4 14
1 54 190 5 12
1 47 191 6 13
1 43 190 4 12
1 44 187 4 12
1 9 297 8 18
1 9 290 7 16
1 12 283 8 15
2 6 281 6 11
1 20 281 7 15
1 17 272 5 15
2 20 267 4 9
1 25 276 5 16
1 29 272 4 11
1 32 265 4 13
1 31 261 3 7
1 32 259 6 13
1 38 262 6 14
1 45 257 6 13
1 46 247 5 11
4 156 208 13 16
1 136 187 4 13
1 146 191 3 9
1 148 190 4 11
1 96 188 5 11
1 98 186 4 13
1 97 177 4 7
1 108 182 4 8
1 104 181 3 8
1 107 173 3 6
1 101 174 2 7
1 103 174 3 7
1 103 173 3 8
0 125 171 24 18
1 148 163 3 7
10 159 161 4 3
4 172 178 9 8
4 164 171 8 8
4 167 161 7 6
5 174 157 7 8
4 190 155 6 5
4 184 151 5 5
1 210 193 5 9
1 219 190 3 11
1 217 189 4 11
1 219 187 4 11
1 241 193 5 11
1 248 191 3 11
1 252 194 4 9
4 252 170 14 5
1 266 189 5 13
1 263 187 6 13
1 282 191 3 10
1 281 191 5 12
1 298 184 4 10
3 87 214 7 8
4 216 257 17 21
4 237 242 19 17
4 213 237 16 16
5 252 225 14 15
4 233 226 16 13
4 213 220 14 14
9 249 200 22 32
4 229 210 14 16
4 211 207 11 10
4 205 170 7 8
4 202 157 6 4
4 212 185 9 8
4 239 181 9 8
4 213 178 9 6
4 211 149 4 4
4 224 151 5 4
4 212 155 5 3
4 213 174 6 6
9 227 175 15 17
4 236 174 7 8
4 213 169 7 5
1 322 213 4 12
1 319 220 5 13
1 324 219 4 13
1 348 242 6 16
4 212 165 6 4
4 221 164 6 4
4 238 167 6 5
4 230 164 7 5
4 213 162 5 4
4 211 158 7 5
4 218 153 5 3
4 219 156 5 4
4 221 160 7 3
4 226 156 5 4
4 228 160 7 4
4 236 163 6 3
4 235 159 5 3
4 233 155 5 3
5 231 152 7 5
4 231 149 4 3
4 251 166 13 4
4 202 154 5 4
4 251 164 14 4
4 251 161 17 4
4 250 159 14 3
0 285 214 35 11
1 323 234 10 13
1 331 252 11 14
1 380 314 11 20
1 359 261 7 15
1 351 262 7 15
1 353 256 7 15
1 354 304 6 18
1 350 312 7 19
1 354 320 8 11
1 404 318 9 15
1 353 231 4 10
4 377 236 27 18
4 399 237 26 20
4 403 266 26 33
4 395 224 29 11
1 351 217 3 11
1 354 215 3 12
1 306 188 3 6
1 295 185 3 12
1 292 185 4 12
1 286 182 3 8
1 289 183 3 8
2 311 186 4 6
2 294 170 3 5
1 268 166 2 5
1 274 171 2 6
1 270 171 2 6
1 272 170 3 6
2 288 172 3 4
1 282 167 3 6
1 278 167 2 5
1 271 161 2 5
1 296 164 3 6
1 307 180 4 8
1 310 179 2 8
4 250 150 6 4
1 286 163 2 5
1 280 159 2 5
1 282 159 2 5
1 283 158 1 4
1 285 158 1 4
1 273 162 2 5
1 274 162 2 5
1 276 162 1 5
1 277 163 1 4
1 268 157 1 4
1 274 154 1 5
1 278 155 1 4
1 255 150 1 4
1 262 151 2 4
2 257 150 2 2
3 257 152 1 2
2 245 151 1 2
1 241 158 2 5
1 307 171 2 6
1 304 171 2 6
1 302 170 2 6
1 300 172 1 6
1 298 171 2 6
2 159 160 1 3
