5 95 99 12 15
8 40 103 7 9
7 45 114 10 9
4 61 110 10 10
1 68 104 5 6
1 41 126 5 7
4 73 133 27 12
4 82 138 21 10
5 59 145 16 20
5 86 143 25 12
5 80 154 29 13
4 81 164 32 15
5 52 170 18 22
10 15 137 7 8
4 19 168 17 19
6 44 198 22 29
4 81 175 32 15
1 84 207 8 6
6 84 220 44 23
6 83 239 52 27
5 92 256 42 26
4 74 281 48 30
6 91 295 55 30
1 27 301 11 14
4 112 94 14 4
5 100 118 13 14
4 105 133 13 14
2 142 171 6 9
3 141 172 9 16
2 110 183 6 9
7 109 182 10 17
4 159 195 16 23
4 151 305 28 41
4 232 257 29 35
4 143 95 9 7
0 179 98 9 11
5 183 109 12 10
4 197 124 14 10
0 202 113 5 6
0 212 126 6 10
0 217 116 10 16
7 229 123 7 8
3 250 141 9 7
4 244 121 21 9
1 270 130 4 9
4 238 117 19 10
6 234 113 19 11
4 229 109 18 8
4 257 112 11 10
4 272 94 16 5
4 277 96 17 8
4 280 100 17 7
4 273 111 15 9
4 281 115 17 11
10 286 118 7 7
1 274 120 4 8
0 296 123 12 10
5 304 128 19 10
4 311 133 22 11
10 314 138 10 8
5 328 142 20 11
0 304 98 14 7
4 285 159 26 13
4 312 175 24 13
4 325 186 27 18
1 334 171 5 9
1 352 193 7 13
4 373 228 37 20
4 405 227 22 26
8 332 306 26 26
7 319 311 28 28
2 327 317 9 11
6 299 312 34 26
6 350 284 58 50
6 367 267 46 44
7 402 304 29 21
4 295 239 39 26
7 289 223 22 17
4 266 199 23 22
7 243 192 14 16
1 249 191 4 11
7 248 179 9 13
5 236 167 16 17
1 339 148 5 9
4 352 147 24 14
1 349 142 5 10
4 372 157 24 13
1 354 142 3 9
1 366 143 5 9
4 391 165 28 15
4 402 173 26 13
4 408 180 16 16
1 363 100 5 9
1 355 101 5 9
