4 29 98 17 13
1 112 95 6 7
4 157 181 46 25
4 328 113 33 18
4 71 139 39 23
1 73 136 4 13
1 81 136 6 7
1 86 134 6 14
2 121 123 7 7
1 130 121 4 12
1 131 119 3 14
1 147 123 3 12
1 145 122 3 12
7 16 144 14 18
2 13 139 7 10
3 19 185 20 13
2 18 182 11 13
7 204 222 30 26
10 237 252 18 20
4 315 181 49 24
10 266 258 22 17
10 64 169 16 10
2 69 166 5 9
2 63 166 7 11
10 270 309 20 13
3 384 271 6 21
1 237 298 5 13
1 237 292 9 15
10 210 267 18 15
2 216 270 5 11
2 211 267 7 15
2 208 267 3 6
1 174 251 7 15
1 174 255 5 15
1 177 260 4 6
10 162 262 10 20
2 161 258 9 13
2 163 264 8 12
1 356 240 13 14
7 369 244 31 18
3 248 98 11 8
10 242 154 10 11
2 241 155 5 10
2 244 152 4 10
7 394 104 24 18
10 371 157 13 13
10 393 152 11 12
4 393 129 37 17
10 360 129 12 10
2 362 126 7 11
2 366 119 4 7
2 372 117 5 9
7 368 120 18 12
4 374 145 35 29
10 327 144 11 8
4 336 149 37 20
