4 62 96 12 7
5 100 94 16 4
4 76 98 10 8
4 85 101 11 7
4 77 107 14 7
4 72 115 13 9
3 33 117 8 6
10 54 100 7 5
7 8 124 7 5
4 21 132 27 10
4 87 130 25 11
4 85 139 28 11
4 71 150 32 18
1 4 201 7 13
1 9 197 6 13
1 9 194 4 11
1 4 194 5 11
1 44 198 6 12
1 51 197 7 13
4 62 225 25 31
5 166 123 11 14
5 157 152 12 19
4 153 176 14 17
5 148 204 20 28
1 161 200 4 12
1 169 175 3 11
1 163 171 5 11
1 166 162 3 9
1 165 157 3 7
1 168 171 3 8
4 151 286 25 48
4 194 207 17 27
5 193 126 10 14
4 219 178 15 18
4 226 123 10 8
4 234 109 9 9
4 232 101 8 7
4 261 222 28 28
4 294 254 25 31
1 262 193 4 11
1 270 186 4 10
1 277 191 3 11
1 275 195 3 9
7 269 196 12 18
4 273 95 14 6
4 278 108 11 10
1 278 115 2 7
1 288 112 2 8
2 282 117 2 4
2 281 119 3 4
10 281 121 2 4
4 299 112 14 5
4 302 115 14 7
2 309 147 3 7
7 300 142 8 10
1 336 111 3 7
2 348 113 1 3
1 348 114 3 6
1 353 114 1 8
1 355 115 2 6
1 356 114 2 6
4 339 123 14 13
1 375 142 3 8
10 381 135 7 7
3 394 148 7 5
2 396 150 6 5
10 400 151 6 7
1 299 163 3 10
1 334 187 4 13
3 335 192 10 7
1 372 207 5 11
2 383 219 6 7
3 405 225 8 12
7 395 221 20 18
7 323 232 16 23
1 333 224 4 14
7 327 257 26 30
1 342 263 4 13
1 351 256 4 14
7 340 247 15 19
1 354 251 4 13
7 393 243 29 15
2 399 245 6 11
1 381 246 7 13
1 346 267 8 13
1 361 281 9 17
2 355 268 6 7
1 368 275 6 14
7 352 277 32 16
2 379 268 7 14
1 376 265 7 10
10 376 274 8 14
1 395 281 7 18
2 393 270 8 11
10 391 277 9 14
4 368 301 55 8
