4 196 308 25 34
4 151 227 15 18
4 199 181 10 9
4 167 160 15 6
4 144 161 16 6
4 144 152 16 4
4 344 286 34 30
4 319 250 24 20
4 300 228 21 16
4 280 169 10 7
4 288 160 16 5
4 299 170 18 7
4 321 160 14 6
4 338 160 13 5
4 332 173 19 7
4 322 175 21 8
4 311 176 18 8
4 306 178 21 8
0 390 183 52 16
0 350 184 27 7
0 347 198 35 19
0 313 195 31 24
0 369 198 7 8
1 381 199 5 9
1 389 200 3 12
1 393 202 4 10
0 378 210 16 9
1 401 263 8 15
1 407 263 6 16
2 368 283 10 11
2 295 210 6 8
10 225 231 6 9
1 225 227 3 9
1 226 228 3 7
10 92 278 9 13
1 92 272 6 13
3 93 260 8 9
1 92 257 5 11
1 94 258 4 10
4 30 247 34 25
4 28 234 41 18
4 33 224 43 14
1 6 224 6 15
4 73 211 22 15
4 75 200 32 14
4 79 188 24 9
4 76 182 26 11
4 52 180 18 11
4 41 178 21 12
4 25 177 20 12
4 90 169 16 8
4 79 161 18 6
4 79 159 18 7
4 48 158 18 6
4 64 149 5 5
6 54 147 5 6
4 76 149 10 4
4 91 149 14 6
4 124 149 5 4
4 114 149 8 6
11 289 182 14 11
4 277 187 12 8
1 45 147 2 5
4 191 145 4 4
4 181 139 4 4
4 186 129 4 3
4 203 125 2 2
4 197 123 2 1
4 202 121 2 1
4 198 120 1 1
4 195 119 1 1
0 202 111 4 5
4 200 116 0 0
4 197 116 1 1
4 198 115 1 0
4 205 118 1 1
4 210 128 3 2
1 207 126 1 2
1 229 137 1 3
1 227 141 1 4
4 230 139 3 3
1 231 141 4 3
4 233 143 5 3
4 236 147 5 4
4 237 148 6 4
1 238 150 1 5
1 240 150 0 4
2 249 145 1 3
2 240 144 1 3
1 250 152 1 4
1 252 152 1 4
1 249 164 1 6
1 245 164 2 6
1 241 164 2 7
1 236 166 2 6
10 236 167 2 4
4 277 147 9 4
4 286 148 9 4
4 294 149 7 4
4 294 159 11 5
4 315 160 15 5
4 340 159 13 4
10 351 173 9 4
10 124 166 6 2
1 121 165 2 3
1 124 164 3 5
4 133 149 4 4
4 140 148 9 4
4 150 147 5 4
4 153 145 4 4
4 156 143 4 4
4 157 141 4 4
4 161 139 4 3
4 162 137 3 4
4 156 136 4 3
4 158 134 8 3
4 152 132 8 2
4 160 131 3 3
4 135 138 6 4
0 145 135 11 4
0 125 143 9 3
0 101 147 5 3
1 77 174 3 7
1 242 175 3 7
1 246 176 2 7
1 248 177 2 7
1 247 175 2 7
7 330 215 26 14
