0 193 169 35 75
4 133 322 15 7
4 116 317 18 16
4 126 292 14 18
8 188 248 5 10
4 142 306 17 22
4 146 287 15 16
4 159 255 10 11
4 142 266 18 15
5 149 244 9 12
4 190 263 9 11
4 167 233 8 8
2 17 316 8 6
1 13 322 6 6
1 65 315 5 10
1 6 302 4 10
1 16 302 5 9
1 33 273 3 9
1 59 252 3 7
1 63 251 2 8
1 81 254 3 6
1 52 246 3 7
1 5 251 4 4
1 7 248 4 4
1 17 231 2 6
1 47 232 2 6
1 57 233 2 5
1 64 226 2 4
1 25 224 2 5
1 83 217 1 4
1 48 221 1 4
1 28 304 3 8
2 30 302 2 4
1 35 294 4 9
1 31 293 2 6
2 33 293 3 6
1 36 265 3 9
2 5 269 4 6
10 12 271 7 4
10 13 269 7 4
2 12 266 4 5
1 21 268 4 9
3 20 270 8 6
2 14 263 3 4
8 16 263 10 8
8 18 260 10 8
8 24 258 13 9
8 82 279 16 10
1 67 308 2 6
1 71 306 3 10
10 72 303 9 5
1 8 243 3 4
2 33 258 3 5
1 39 256 2 7
10 40 257 7 5
0 39 243 21 14
2 51 235 2 4
10 52 237 4 6
4 33 253 6 4
1 31 234 2 3
1 31 233 2 5
1 32 227 3 6
2 36 231 3 4
10 36 232 3 4
1 55 229 2 3
1 59 225 2 5
2 63 239 4 6
10 63 241 3 5
0 92 185 37 30
2 79 241 3 4
2 81 245 3 4
2 104 256 1 4
2 106 257 3 6
2 87 229 3 4
2 173 251 2 4
2 176 232 2 4
2 196 221 2 4
2 196 239 3 3
2 169 247 2 3
1 107 255 2 6
10 106 258 7 3
10 81 248 3 4
10 79 244 3 3
1 77 231 3 4
1 80 232 2 5
10 78 234 3 4
1 59 219 2 6
1 28 220 3 5
1 29 220 1 4
1 29 218 2 4
1 27 220 2 4
2 45 219 1 4
8 44 219 3 6
1 47 216 2 4
10 48 218 5 3
2 52 214 2 4
2 59 214 2 3
1 48 213 2 4
2 19 214 2 4
2 21 214 2 3
8 65 219 5 6
10 87 231 3 4
2 135 233 2 4
1 75 220 2 5
2 73 220 1 3
3 73 222 2 3
2 72 217 2 3
10 73 218 5 3
2 67 212 1 4
4 67 213 6 3
2 70 210 1 4
2 69 210 1 4
2 78 206 2 2
8 79 205 5 4
8 81 204 8 6
2 90 215 2 3
8 89 213 5 7
2 99 217 2 3
2 100 216 2 3
1 108 218 3 5
10 95 217 3 3
7 131 234 11 6
8 158 223 13 6
10 142 227 6 4
10 137 221 6 4
8 143 225 8 5
10 147 222 8 5
1 163 223 3 6
10 126 272 7 4
2 131 278 3 5
2 131 276 2 4
8 130 271 6 8
1 167 239 2 6
1 170 239 1 5
2 188 210 1 3
2 195 211 2 3
4 209 238 14 12
2 168 226 2 3
2 167 226 1 1
1 114 218 3 4
10 173 254 3 6
10 188 211 2 3
10 195 213 2 3
3 169 249 1 4
3 176 235 1 4
3 195 223 2 3
10 196 242 3 4
2 195 248 2 4
8 196 248 5 8
1 11 302 3 8
2 12 300 2 4
2 27 268 2 4
2 29 266 2 5
10 29 269 6 6
8 160 246 7 7
