4 37 128 18 15
4 157 140 17 7
4 154 210 17 14
4 213 181 17 11
4 218 196 18 13
4 223 223 17 13
4 260 236 16 13
4 306 279 16 13
6 292 213 15 22
4 249 318 17 10
4 146 317 12 15
4 255 114 14 16
4 362 144 12 17
2 11 158 4 4
10 13 160 4 4
1 100 229 3 3
1 97 227 3 3
1 99 272 3 3
1 103 274 3 2
1 132 264 3 2
1 133 266 2 2
1 231 309 5 3
1 292 237 2 2
1 290 235 3 1
1 340 185 3 3
1 340 180 3 3
2 315 173 3 3
10 314 174 6 5
1 269 168 4 4
2 288 157 2 2
10 288 156 4 4
6 318 146 13 17
1 326 144 2 3
1 292 123 4 4
7 325 129 8 13
7 333 117 8 11
7 339 151 7 11
1 344 151 3 1
7 337 168 5 12
0 350 177 15 7
0 376 103 34 22
2 178 186 2 2
10 177 187 6 2
0 231 205 4 2
