0 259 100 36 16
1 199 105 3 12
1 201 107 3 8
2 166 117 6 12
10 166 120 11 9
1 176 122 5 13
1 179 124 4 8
1 180 132 4 13
4 204 124 31 19
1 209 150 6 15
4 177 183 37 22
1 138 216 7 16
1 145 212 9 14
1 144 222 7 16
1 149 222 7 16
1 97 259 10 17
1 108 261 8 20
4 134 279 64 32
10 126 303 24 15
1 103 319 10 12
1 93 321 7 8
1 113 321 7 9
1 133 315 11 21
1 150 314 11 22
1 167 316 5 13
10 182 308 22 14
2 182 311 7 12
1 187 318 10 14
1 224 305 6 15
1 232 301 7 17
1 240 308 7 17
1 196 261 8 18
4 257 220 53 27
5 254 165 38 22
4 265 137 34 18
7 372 164 38 14
2 404 151 8 12
3 402 154 16 10
2 366 161 13 13
6 361 116 111 38
1 288 320 8 10
8 320 310 56 30
2 46 97 5 9
10 45 101 5 10
0 214 99 7 15
1 225 101 4 11
1 233 98 3 11
1 230 99 3 7
1 238 106 4 12
1 238 99 3 10
1 236 96 2 8
1 206 102 3 11
1 205 96 2 7
1 207 96 4 9
1 220 96 3 9
10 225 102 5 10
