4 10 216 19 22
1 8 228 7 14
1 13 229 8 15
1 16 223 8 15
4 46 229 49 20
7 50 217 22 10
4 82 213 27 22
3 54 194 14 9
2 74 178 5 10
2 78 178 4 7
4 100 180 15 16
1 301 306 8 18
1 298 300 11 18
2 332 302 10 13
1 318 289 8 15
10 283 272 10 18
4 331 213 23 19
1 281 219 5 14
2 287 214 6 10
7 289 219 20 12
6 309 220 35 36
2 253 187 4 5
7 251 190 15 14
1 240 179 5 11
1 240 178 4 10
7 243 181 13 10
4 270 174 27 12
7 243 169 18 7
1 238 169 3 10
1 241 166 3 9
4 264 153 12 13
4 237 156 12 12
1 237 142 2 8
4 251 137 18 8
4 225 152 12 10
4 229 142 10 8
4 231 134 9 10
4 229 129 7 7
1 218 129 3 8
1 221 129 3 8
7 178 260 10 22
2 177 257 8 15
10 181 216 6 14
2 180 213 5 11
2 181 212 4 11
4 153 210 19 22
4 173 194 16 19
5 196 188 15 23
4 156 180 19 23
1 171 178 4 13
1 195 163 5 11
2 215 167 3 9
10 215 169 4 8
3 225 166 3 8
2 225 163 3 8
4 163 158 13 14
4 175 167 13 14
4 167 147 11 14
4 170 139 9 10
4 171 132 10 10
4 175 119 8 7
5 177 113 6 6
4 178 111 6 6
4 180 103 7 5
4 181 100 6 5
1 183 109 2 5
1 184 110 1 4
1 186 109 2 5
2 205 113 3 5
10 206 115 3 4
10 234 107 4 3
10 237 101 5 3
1 214 111 2 5
1 218 114 2 6
1 220 113 1 4
1 225 111 2 5
10 225 112 1 3
4 222 110 5 5
1 217 111 1 5
4 210 104 8 5
7 219 102 8 3
4 205 102 6 5
4 204 99 6 4
4 204 94 5 4
1 214 96 1 4
10 198 100 2 3
2 198 99 1 4
