4 66 319 53 13
5 165 317 42 16
4 179 282 38 31
4 319 240 24 21
4 393 230 19 14
4 236 309 30 33
4 239 262 40 22
4 259 198 29 12
1 281 177 3 8
2 285 186 4 8
10 285 188 5 7
4 362 198 16 13
9 358 146 24 18
1 333 149 2 7
2 335 148 1 5
2 336 147 2 3
1 339 149 2 6
1 340 146 2 7
1 343 150 2 6
1 345 149 2 7
4 381 152 10 8
4 373 135 9 6
4 378 133 8 5
4 386 130 8 5
4 390 127 7 5
5 399 133 9 6
4 397 123 7 5
4 409 123 8 4
4 414 129 5 5
4 404 119 8 4
4 415 116 3 3
1 412 119 1 3
0 19 115 16 8
2 5 113 2 4
3 5 114 5 3
4 14 183 27 13
5 11 180 20 12
4 8 174 14 9
4 31 165 27 10
5 36 168 26 12
4 41 173 26 11
5 48 176 23 10
1 100 136 2 6
4 106 141 14 7
1 114 139 1 5
4 86 154 22 9
5 95 157 20 8
5 101 159 20 9
5 107 162 21 11
1 123 122 2 4
3 119 121 3 4
10 131 119 3 4
3 128 120 3 4
2 137 118 2 3
1 145 117 1 5
4 123 133 16 7
5 130 135 10 6
5 136 136 14 8
4 141 139 16 7
4 147 140 16 7
4 153 142 16 8
5 142 130 14 6
4 148 132 13 6
4 159 135 14 8
4 165 137 14 6
5 167 131 14 6
4 170 124 13 5
5 175 126 12 6
4 182 128 16 6
4 204 128 14 6
4 213 130 14 6
4 206 135 13 8
4 185 122 14 5
4 189 124 13 5
4 208 118 9 4
5 212 120 11 6
4 219 122 12 6
4 226 123 11 5
4 221 117 11 4
4 225 119 10 5
4 230 120 11 4
4 235 122 11 4
2 224 108 1 3
2 225 108 1 2
2 230 109 1 2
5 240 114 9 6
4 244 115 9 4
4 251 117 10 4
4 250 113 8 4
1 246 105 1 4
1 248 106 1 4
4 260 115 11 4
1 271 103 1 3
0 287 101 28 7
5 272 111 8 5
4 278 112 9 4
0 326 97 19 6
0 296 111 24 11
