0 157 174 13 9
0 168 189 34 25
0 140 198 19 22
0 121 203 16 12
0 165 208 29 11
0 195 192 15 15
3 145 174 5 7
3 141 173 6 7
3 168 173 6 6
3 96 217 7 14
3 87 218 9 13
3 80 220 9 12
3 85 210 7 12
3 72 215 6 10
3 79 212 5 11
1 76 210 3 14
1 67 214 5 14
3 57 215 13 12
3 52 219 9 13
2 43 228 9 16
3 42 232 18 11
0 19 219 37 14
2 19 246 14 17
3 18 252 17 14
1 29 256 9 22
1 34 252 9 19
1 14 280 10 22
5 71 269 58 37
4 73 245 58 26
3 121 298 24 16
2 122 294 11 19
4 144 261 62 28
1 301 261 13 20
2 259 243 9 13
3 259 247 19 12
1 163 227 7 16
1 172 224 6 16
1 174 222 4 14
4 225 235 44 24
4 221 210 26 23
4 294 224 46 22
4 272 203 29 21
4 265 184 22 16
4 232 167 19 13
4 212 156 20 10
4 189 150 25 9
4 260 147 10 9
4 266 157 14 12
4 145 155 25 9
5 70 136 23 10
4 73 134 19 9
4 44 135 14 8
4 28 139 16 9
4 29 130 18 7
4 12 127 15 6
4 109 142 21 8
4 149 147 23 9
4 238 128 8 8
5 390 158 22 14
5 390 149 18 11
0 104 148 36 8
3 126 151 8 6
3 171 145 5 4
3 209 143 4 5
0 181 143 14 4
0 199 143 16 6
1 189 142 2 6
0 163 143 10 5
3 89 134 8 5
3 95 136 5 5
1 58 143 3 9
1 69 143 3 8
1 83 142 3 6
1 69 172 5 11
1 72 173 5 10
1 88 170 4 10
1 93 170 3 10
10 115 162 9 6
1 167 168 4 11
1 200 205 4 13
2 205 207 6 12
10 205 211 9 10
10 215 201 7 9
2 215 197 5 12
2 212 190 5 10
3 212 192 5 9
1 193 182 4 11
1 190 172 4 11
2 197 155 3 9
2 202 158 4 9
2 213 165 4 8
2 217 163 3 7
2 240 181 5 11
2 245 173 3 9
2 252 172 4 8
2 247 194 4 11
2 245 193 5 9
2 273 171 5 9
2 289 172 5 9
2 306 175 5 9
2 312 187 5 9
2 330 190 6 10
2 338 191 5 10
1 283 133 2 6
1 268 138 2 7
1 243 129 2 6
2 245 129 2 6
2 248 126 2 5
2 250 124 2 5
2 258 158 4 7
3 197 157 4 5
3 213 167 5 8
3 217 165 3 7
3 246 197 5 8
10 240 184 8 8
10 245 176 6 8
10 252 175 5 8
10 273 173 8 8
10 203 159 8 7
3 258 161 8 6
3 289 174 7 8
3 306 177 7 8
3 329 193 9 10
3 338 193 8 10
10 311 189 8 9
3 245 131 1 4
10 248 127 3 4
10 250 126 2 4
1 124 146 3 7
2 135 146 4 6
3 368 197 11 8
3 379 230 10 14
3 380 177 11 8
2 382 174 5 9
2 371 195 6 12
2 380 227 7 13
3 106 206 11 9
3 109 213 8 11
3 118 212 10 9
3 130 211 11 9
3 140 215 8 13
3 130 216 13 10
3 130 214 11 9
3 24 229 12 13
3 16 230 8 12
3 6 234 9 13
3 44 217 8 11
3 49 222 12 11
