0 205 175 43 26
4 276 316 35 14
4 269 305 31 13
5 266 294 34 15
5 269 283 24 14
4 261 277 27 12
4 255 272 25 11
4 251 268 23 10
4 229 284 12 14
4 236 312 16 18
5 307 273 26 13
1 296 283 3 10
1 299 283 3 10
1 304 283 4 10
2 285 277 4 9
3 285 280 5 7
1 323 304 3 11
2 307 303 4 11
3 307 306 4 10
4 348 315 35 14
10 354 308 6 9
4 197 296 13 15
6 197 255 15 37
5 237 254 19 10
1 239 247 2 7
1 260 238 3 6
1 255 231 2 5
4 268 233 13 6
4 259 224 14 5
4 255 220 13 5
4 234 230 15 6
5 230 234 13 7
4 230 222 13 5
4 226 217 11 4
4 228 213 11 4
4 228 211 10 3
4 250 210 11 3
4 249 208 10 4
4 234 203 8 4
4 222 200 8 3
4 238 212 5 3
1 235 216 1 4
1 237 216 2 4
5 131 257 23 11
5 133 253 23 10
8 48 253 20 13
6 92 207 12 8
4 56 213 12 4
5 27 210 11 5
4 23 211 9 4
5 19 213 11 4
6 43 205 7 9
11 46 201 22 12
6 166 188 13 11
6 168 190 7 7
6 165 196 7 8
6 180 194 14 6
4 187 210 4 4
4 198 210 4 4
2 208 218 2 3
10 208 218 1 3
4 203 205 4 4
4 190 204 4 3
4 210 203 3 4
4 204 200 3 3
11 198 200 6 8
4 192 196 3 3
4 204 196 3 3
4 208 192 2 2
4 199 194 3 2
4 193 193 2 2
4 194 191 3 2
4 198 192 3 2
4 204 191 3 2
6 187 191 4 3
10 248 214 2 3
10 257 214 1 3
10 259 214 2 3
10 252 214 2 3
10 243 214 2 3
