0 56 122 20 14
0 106 99 14 10
4 86 108 14 6
4 21 140 16 11
4 87 106 12 5
2 114 121 2 5
3 114 123 3 4
4 135 110 7 6
5 74 182 21 23
4 147 107 5 5
1 148 100 1 3
1 147 100 1 4
4 169 100 4 4
4 151 116 7 5
5 268 306 50 31
2 188 148 3 6
10 187 152 3 6
4 196 153 8 10
4 197 164 9 10
4 194 175 9 11
4 185 186 13 13
4 200 207 18 17
4 208 225 22 22
4 200 251 18 23
4 253 235 40 17
4 252 247 37 15
1 224 237 3 10
1 227 231 3 12
1 233 231 4 12
1 248 229 4 11
4 249 214 44 18
4 238 196 34 15
0 240 167 22 27
1 259 197 3 11
4 248 113 14 6
4 251 116 16 6
4 252 120 15 5
0 263 123 7 6
10 270 130 8 4
4 262 151 12 11
1 285 156 3 9
1 281 155 3 9
6 262 268 109 57
1 327 166 3 9
4 300 167 28 11
4 316 184 33 14
4 327 195 33 16
2 332 177 4 6
1 359 282 8 18
1 365 251 8 16
1 354 247 8 16
1 340 250 7 15
4 395 268 43 22
6 408 305 17 41
