1 112 308 10 20
1 104 303 6 17
0 67 237 67 61
2 105 265 4 9
1 217 313 6 20
1 225 309 6 20
1 230 311 4 15
4 246 305 27 35
4 249 274 24 29
10 106 270 11 8
1 112 260 6 15
1 146 252 6 16
1 156 250 7 16
0 333 282 84 55
0 292 194 44 74
1 225 282 7 17
1 232 283 7 13
4 193 250 18 21
2 163 265 6 9
2 164 263 7 10
10 164 270 8 13
10 138 238 6 14
10 145 232 9 10
10 262 257 21 18
10 263 246 16 9
10 262 241 14 7
10 260 237 14 7
10 260 234 14 7
10 258 230 14 7
2 168 229 6 10
2 219 232 6 9
2 215 244 6 10
2 216 241 6 11
2 182 221 6 9
2 205 198 5 8
2 218 189 5 6
2 202 188 4 6
2 238 195 5 6
2 239 178 3 6
2 241 177 3 6
2 227 168 3 4
0 198 131 168 44
2 199 175 3 3
2 191 176 3 5
2 208 169 3 4
2 234 162 3 3
1 165 220 4 7
1 233 227 4 13
1 238 224 4 13
1 242 211 4 9
0 257 199 23 29
0 258 170 21 26
1 172 205 4 9
1 181 205 4 11
1 178 205 3 10
1 241 201 4 9
1 242 168 3 7
1 244 169 3 7
0 197 160 13 13
4 217 159 7 8
4 175 198 16 14
1 185 194 4 7
1 181 193 3 9
2 176 236 6 9
10 176 240 7 9
7 192 192 7 11
4 255 221 19 12
10 182 225 7 8
10 206 202 5 6
10 202 191 5 6
10 218 192 5 6
10 227 171 4 4
10 240 180 9 6
10 238 196 5 8
10 216 246 5 6
10 219 238 5 6
10 191 180 5 6
10 198 178 4 4
10 208 172 4 5
10 234 165 4 3
1 191 182 3 7
