0 208 129 21 39
0 203 150 31 19
0 238 139 21 15
0 267 161 19 24
0 269 179 17 15
0 225 170 10 12
5 296 318 37 14
1 299 209 1 5
1 293 208 3 6
1 289 198 2 6
10 291 215 4 8
0 297 222 10 4
10 260 248 10 8
10 260 241 7 7
10 252 231 2 6
10 240 231 9 8
7 242 239 9 12
1 283 189 2 6
2 280 195 2 5
2 292 188 4 5
1 280 169 2 5
1 236 245 3 10
1 233 246 3 9
10 109 310 10 9
3 139 283 13 8
10 125 280 10 7
10 116 286 13 8
10 225 296 6 13
2 225 294 5 9
10 233 299 5 11
2 233 297 5 11
2 233 300 3 7
7 183 318 12 14
1 185 313 7 14
1 133 299 4 13
3 123 322 14 6
10 135 318 8 10
10 127 319 12 11
3 127 313 14 8
10 134 308 15 10
10 129 305 14 8
1 108 245 2 10
1 110 241 2 8
1 112 240 3 9
1 114 240 2 8
1 122 252 3 9
6 128 266 29 15
8 147 259 8 15
10 158 239 9 7
4 160 248 13 17
3 166 316 4 13
2 167 311 5 12
10 159 310 6 16
2 159 309 8 13
2 127 221 5 7
10 189 163 3 5
4 210 162 5 5
4 211 169 6 6
4 203 168 5 6
4 197 182 6 7
10 190 218 3 7
2 190 217 3 6
10 176 221 3 6
2 177 220 4 7
4 177 212 10 11
10 172 192 5 3
0 272 222 9 7
4 260 148 9 4
1 221 203 2 7
1 224 203 1 7
10 213 210 3 5
2 213 209 2 6
10 191 198 3 5
2 191 198 2 6
1 230 208 2 7
4 229 200 8 8
10 213 195 3 6
2 213 194 2 5
2 212 194 3 4
1 188 173 1 5
7 176 186 7 5
2 178 185 3 4
7 177 183 7 4
4 183 173 7 6
10 186 181 3 5
2 186 180 3 6
10 198 162 1 3
2 198 162 1 4
10 192 166 1 3
2 192 165 2 4
10 194 169 2 4
2 194 168 1 4
10 195 166 1 3
2 195 165 1 3
3 282 200 5 4
