0 151 130 10 7
0 172 132 11 3
0 214 158 6 3
0 216 161 3 4
0 148 145 5 5
0 155 144 4 4
0 130 147 11 3
0 141 145 6 4
0 143 160 4 9
1 146 161 1 4
0 103 160 3 3
0 106 166 4 5
0 111 165 2 5
0 60 184 10 8
0 229 142 6 3
0 203 143 3 8
4 184 138 2 2
5 187 138 2 2
9 193 138 3 4
4 192 140 3 2
4 191 142 3 2
4 186 141 2 2
4 195 142 3 2
4 196 144 3 2
4 191 146 3 2
2 194 143 1 1
10 194 144 0 1
2 196 145 1 2
10 196 145 0 2
0 199 149 4 4
1 207 149 1 3
4 186 146 3 2
4 186 148 3 2
4 192 148 3 1
0 174 139 8 4
4 171 143 3 2
0 176 142 3 1
4 175 144 3 2
4 175 145 2 2
4 178 147 3 3
4 170 145 3 2
4 169 146 3 2
4 169 147 3 2
4 169 148 3 2
4 165 146 3 2
9 168 140 3 4
0 162 140 4 5
9 165 144 5 5
1 152 149 1 4
1 155 149 1 4
0 165 149 3 2
1 221 150 1 4
4 174 148 3 2
1 127 151 2 4
1 123 151 2 5
1 124 158 1 5
1 125 158 2 5
0 132 163 1 4
0 137 164 2 4
1 122 168 1 5
1 123 167 1 5
4 111 162 7 5
4 101 165 8 6
4 94 165 9 4
4 94 162 12 4
1 89 165 1 4
1 93 171 2 5
1 94 173 1 5
2 95 173 2 4
3 96 175 3 3
1 112 169 1 5
1 117 175 1 5
1 109 177 2 6
0 113 179 2 8
1 115 178 1 5
0 127 173 3 4
4 169 157 4 4
4 169 159 4 4
4 174 162 5 4
4 167 162 5 4
4 163 158 4 4
4 160 160 5 4
4 160 162 4 4
4 156 155 4 3
4 152 160 5 5
4 149 164 5 5
4 156 165 6 5
4 148 171 6 5
9 166 169 12 13
4 141 177 7 6
4 145 182 8 7
4 157 189 9 7
4 125 186 9 7
4 137 193 10 8
4 147 197 9 9
2 106 172 2 4
10 107 173 2 3
2 101 172 2 3
3 101 174 2 3
1 100 177 1 6
2 97 175 1 3
10 97 176 3 3
1 96 179 2 5
1 98 179 1 6
1 100 182 3 6
1 103 186 2 6
1 100 186 2 5
2 93 181 2 5
3 93 182 2 4
1 93 187 2 5
1 96 187 2 6
2 81 177 1 4
1 77 175 2 6
1 79 175 2 5
1 75 177 2 6
1 70 178 2 6
1 67 178 2 6
2 82 188 2 6
3 82 190 3 4
1 81 193 3 8
4 97 193 22 9
4 95 198 13 9
4 87 205 14 10
2 77 193 3 6
3 76 195 3 5
2 72 193 3 6
3 72 195 4 4
1 77 199 3 7
3 77 202 3 5
1 70 199 3 8
2 65 198 3 6
10 65 200 4 6
1 61 194 3 7
4 80 210 19 10
2 59 202 3 6
3 59 204 4 5
0 47 202 8 11
2 57 195 4 4
5 72 213 24 13
1 67 214 4 8
4 66 220 22 12
1 31 200 4 8
1 20 202 4 9
1 21 201 4 8
4 55 226 22 13
1 49 221 3 8
1 52 217 3 9
1 50 216 3 9
1 48 214 4 10
1 44 214 3 8
2 33 217 4 7
3 33 220 5 6
1 24 221 3 7
1 22 219 4 9
1 13 223 4 9
1 9 223 3 9
1 2 215 3 10
1 58 237 3 10
1 6 255 4 11
4 18 308 34 34
4 96 301 26 31
4 129 300 23 32
4 139 272 18 23
4 144 251 16 20
4 125 239 17 19
4 152 234 15 16
4 114 231 16 14
4 155 221 11 12
4 143 209 11 11
4 126 208 11 10
4 158 212 11 11
4 163 204 9 9
5 164 196 8 8
4 200 161 5 4
4 197 156 3 3
4 191 156 4 3
4 186 158 4 4
4 192 161 4 4
4 185 165 5 5
4 199 166 5 5
9 207 161 8 10
9 212 166 9 12
4 193 170 5 5
4 200 171 5 4
2 205 168 1 3
10 205 169 1 3
4 195 175 6 6
4 184 173 6 5
4 185 182 7 6
4 194 186 7 6
4 207 185 7 6
4 207 195 7 7
4 185 199 9 8
4 182 214 10 10
4 213 208 11 10
4 223 224 12 12
4 221 243 13 14
4 179 268 16 19
4 203 266 16 20
4 234 315 24 20
1 271 193 2 6
2 264 190 3 7
3 264 191 2 5
2 267 197 3 6
10 267 198 3 5
1 262 200 3 8
1 259 200 3 8
1 248 195 2 7
1 253 195 2 7
1 253 208 3 8
1 245 209 4 8
3 249 208 7 5
10 262 210 6 8
1 274 199 2 7
2 272 204 3 7
3 272 206 2 6
2 278 206 3 7
3 278 208 3 6
2 269 210 3 7
3 269 212 4 6
1 286 217 3 9
2 251 233 4 8
3 251 235 3 8
2 289 233 4 8
3 289 235 5 8
2 298 244 5 9
10 297 247 5 8
1 289 245 4 9
3 289 248 4 9
1 308 248 5 12
1 313 249 4 11
0 278 248 12 13
0 285 261 16 12
2 271 271 5 10
3 271 274 4 12
3 303 283 13 9
1 326 237 5 10
1 328 236 4 11
5 346 265 35 28
4 370 255 33 16
5 375 280 41 20
4 390 291 44 20
4 398 306 37 22
4 408 317 16 17
2 315 271 5 13
3 313 274 5 11
2 327 288 6 13
3 325 291 9 13
1 341 287 5 14
2 339 271 6 8
1 335 277 6 13
2 331 280 7 11
10 330 283 9 16
3 315 298 14 10
3 317 302 15 10
3 320 308 14 10
