4 174 213 12 12
4 210 197 9 9
4 195 179 8 7
4 182 181 8 8
4 207 169 7 7
4 195 168 7 6
4 303 166 14 6
4 303 164 13 6
4 303 157 9 6
0 191 125 12 5
0 195 134 7 8
0 179 137 6 8
10 213 270 5 11
10 187 263 5 11
10 74 287 9 11
10 91 234 6 8
10 209 237 3 9
10 123 199 2 4
10 147 170 5 3
1 186 258 5 10
1 213 265 5 10
1 209 233 3 9
1 74 281 5 8
1 91 230 5 7
1 123 196 2 4
10 69 217 4 6
1 69 214 2 6
1 146 168 2 4
1 164 165 1 3
1 172 157 1 3
1 173 158 2 3
1 162 161 1 3
1 199 148 1 3
1 140 164 2 3
1 136 170 1 4
1 156 159 1 4
1 154 157 1 3
1 165 158 2 3
1 158 156 2 4
10 136 172 4 3
10 164 166 3 3
10 172 159 4 3
10 155 160 2 3
10 154 158 2 2
5 152 162 8 5
7 141 164 8 5
7 138 160 7 5
4 171 153 4 3
4 172 151 4 3
4 173 142 2 3
0 130 162 6 5
0 195 154 9 4
10 123 172 4 4
1 123 170 2 4
1 195 147 1 2
1 181 156 1 2
1 180 156 1 3
1 179 156 1 2
10 180 158 5 3
10 195 148 2 2
10 199 150 2 2
1 201 144 1 3
4 163 154 3 3
10 167 148 1 2
1 167 147 1 3
1 169 148 1 3
10 308 173 6 3
0 303 150 13 4
2 19 319 13 11
2 60 271 7 10
8 63 269 20 28
