0 272 97 36 10
5 367 313 62 25
10 404 302 25 15
2 410 299 12 19
4 92 218 46 22
4 24 207 45 21
4 79 185 36 14
4 120 189 38 18
1 102 171 3 10
1 121 170 5 10
1 168 216 6 14
1 173 216 5 14
1 183 218 6 15
2 174 195 7 11
7 180 195 23 11
5 174 179 29 17
4 181 172 29 13
4 184 166 32 12
4 182 161 27 9
4 191 158 29 11
6 198 151 27 13
4 211 149 25 10
4 213 146 20 8
4 218 142 22 8
4 222 137 20 9
5 224 130 14 7
5 229 129 16 7
5 233 125 16 7
4 253 116 6 6
4 255 110 5 5
4 254 108 11 5
4 258 106 7 4
4 285 116 8 6
4 286 107 6 5
6 293 106 5 5
4 295 109 13 6
4 296 111 12 4
4 259 130 8 8
4 254 138 10 9
4 250 145 11 9
4 248 152 11 13
4 241 161 14 15
4 238 173 15 16
2 247 222 8 15
10 247 226 9 14
1 226 157 2 9
1 229 158 4 10
1 232 147 3 9
1 235 146 3 9
2 233 154 2 7
2 234 153 3 6
10 233 156 3 7
1 266 153 4 10
2 275 141 3 7
3 275 143 2 6
2 267 134 3 6
10 267 135 2 5
2 286 207 7 14
10 287 209 15 11
1 293 205 5 11
1 293 201 4 11
7 286 200 14 21
4 337 196 43 21
4 334 184 36 16
5 335 159 25 13
5 335 155 23 12
5 332 152 24 11
1 340 168 5 10
1 342 171 5 9
4 283 138 10 11
4 241 117 12 5
5 242 112 12 6
