6 197 222 8 15
6 198 195 6 9
6 79 223 30 44
6 68 275 37 55
6 40 336 41 54
6 178 140 8 14
6 182 129 6 10
6 20 226 26 10
6 14 242 26 10
6 124 146 5 9
6 136 132 6 10
9 97 185 15 21
4 345 133 4 2
4 372 176 7 5
9 391 150 9 8
10 360 175 2 2
2 360 174 2 2
11 311 109 5 5
4 289 276 15 20
4 291 255 12 12
10 248 294 4 7
10 243 281 4 7
2 248 293 3 5
2 243 281 2 3
2 182 333 4 6
1 178 344 2 8
1 139 220 2 5
1 158 233 2 5
1 164 220 2 5
1 164 215 2 3
1 175 220 1 4
1 188 219 2 5
1 177 216 2 5
1 174 215 2 5
1 150 213 2 4
1 149 210 2 4
1 172 218 1 5
4 174 114 2 2
4 147 113 2 2
4 143 114 2 2
4 136 124 2 2
5 142 122 2 3
5 156 90 1 2
5 169 106 2 2
6 170 110 3 6
6 175 123 4 9
6 167 98 2 3
4 164 93 1 1
6 148 84 2 2
6 125 97 4 2
0 137 80 9 4
4 66 259 14 15
10 214 201 2 2
2 214 199 1 3
6 182 158 6 12
4 187 148 4 4
6 241 115 3 2
6 10 100 6 4
6 49 179 13 5
4 54 172 10 5
4 61 166 8 5
4 78 147 8 3
6 71 150 9 3
4 67 139 4 3
4 37 165 12 3
4 40 162 9 3
4 86 141 8 3
4 88 140 8 2
4 82 143 7 3
4 74 138 4 3
7 32 199 6 4
5 34 313 17 22
11 45 225 11 8
4 110 190 5 7
11 148 178 14 14
4 68 152 8 3
11 185 90 6 20
0 172 103 2 5
