6 209 293 17 68
6 202 202 9 22
6 198 172 8 20
4 205 232 6 10
4 190 150 3 3
4 172 125 2 2
4 162 165 4 6
6 178 119 2 3
6 185 136 5 10
10 136 218 1 4
10 145 196 1 5
10 213 211 2 4
11 260 177 27 64
6 247 150 11 13
0 182 127 6 5
4 250 138 5 2
4 246 130 2 2
4 279 170 8 4
4 276 168 6 3
4 274 166 5 3
4 273 164 5 3
4 270 161 7 3
4 269 159 6 3
4 267 158 7 3
4 267 156 7 3
4 264 155 5 3
4 263 153 7 3
4 261 151 5 2
4 259 147 6 2
4 254 141 5 3
4 248 133 4 2
4 250 136 4 2
1 295 172 1 3
4 25 211 10 4
4 28 207 10 5
4 31 204 9 3
4 34 199 12 5
4 40 191 12 4
4 44 188 9 3
4 49 185 7 2
4 75 185 11 5
4 80 180 11 4
4 52 181 8 3
4 85 176 8 4
5 77 182 10 3
4 52 163 11 3
4 386 319 23 10
4 378 308 23 9
4 372 296 20 7
4 356 280 20 7
5 363 286 24 10
11 78 129 4 3
5 133 145 6 4
4 146 143 6 4
4 133 130 2 2
4 130 130 2 2
4 124 107 3 1
4 125 108 3 1
4 126 109 3 1
6 159 104 2 2
9 127 89 1 1
6 48 130 28 8
11 328 281 9 9
