4 160 300 32 54
4 177 241 25 39
1 169 213 9 15
3 262 310 25 13
4 193 199 20 23
10 258 302 26 13
4 259 272 60 31
1 253 217 7 19
1 247 206 7 14
9 51 247 101 115
4 103 189 25 26
4 128 156 20 17
10 286 212 12 7
10 288 199 17 8
3 291 196 12 7
1 289 173 5 12
4 264 171 31 16
4 236 161 14 17
4 201 159 19 24
4 206 146 11 12
4 220 130 10 10
4 204 129 13 10
4 245 138 25 11
4 242 145 26 11
4 248 150 27 10
4 261 157 34 13
4 265 164 33 11
4 282 123 10 10
4 280 110 11 9
4 286 105 10 8
4 291 111 10 10
5 285 95 14 9
4 296 96 13 7
4 306 98 13 6
4 314 98 10 7
1 235 100 2 5
1 244 95 2 6
1 273 84 2 5
2 239 83 2 4
2 248 82 2 4
2 252 80 2 3
2 252 71 1 3
2 255 70 1 2
3 255 71 2 2
3 252 72 2 3
3 251 81 1 3
3 248 84 2 3
3 239 83 2 3
1 263 62 1 4
2 266 61 1 3
1 268 62 1 3
3 266 62 1 2
4 253 68 5 4
1 266 56 1 3
0 274 55 7 5
4 256 94 16 7
4 258 93 15 6
4 257 91 16 5
4 258 90 13 7
4 258 89 15 7
4 258 88 15 6
4 260 86 13 5
4 260 84 14 5
4 261 84 12 6
9 267 81 19 8
4 269 77 11 5
4 267 77 13 6
4 268 75 12 4
4 268 74 11 6
4 269 72 12 5
4 271 72 13 5
4 271 71 13 5
4 270 70 13 5
4 270 69 12 5
0 273 63 6 5
1 284 85 2 5
1 285 85 1 4
1 102 151 6 10
4 160 116 12 13
4 145 134 15 13
4 123 132 17 12
2 121 122 4 6
10 121 124 7 5
4 144 93 11 10
4 16 171 30 22
2 8 187 8 10
3 9 191 12 10
4 13 158 25 12
4 22 153 28 12
4 31 147 30 10
4 39 143 25 10
4 43 138 32 10
4 53 134 26 9
4 59 128 26 10
4 77 130 21 14
4 65 125 25 10
4 72 120 27 9
4 111 110 13 10
4 124 96 18 7
4 129 94 15 7
4 131 92 17 8
4 133 89 13 6
4 140 88 13 5
4 170 81 12 6
1 177 85 1 5
1 182 78 2 5
