5 319 174 32 17
5 326 149 21 15
4 209 171 36 15
4 185 213 48 25
4 150 191 39 20
4 153 160 27 10
4 175 150 24 9
4 73 190 34 17
4 84 170 30 14
4 56 167 25 13
4 27 162 25 13
4 41 148 19 8
9 62 138 46 19
1 64 349 18 30
1 322 351 19 27
1 375 349 18 30
2 250 353 19 22
1 365 326 11 25
2 364 342 16 26
2 255 328 17 24
3 367 346 33 24
10 254 328 26 27
3 251 357 33 14
1 377 162 5 11
1 402 162 5 12
1 398 164 4 9
1 379 162 4 10
1 396 149 5 10
4 393 154 31 11
4 369 141 13 11
4 367 132 8 8
4 367 123 8 7
4 367 118 7 8
4 351 124 9 10
1 331 154 4 10
4 332 142 10 9
4 333 136 10 9
4 334 132 8 6
4 337 128 8 8
4 310 138 20 8
4 293 138 12 11
4 280 139 12 10
4 271 153 27 11
4 297 133 11 8
4 300 129 8 7
4 305 125 9 7
4 311 121 7 5
4 315 119 5 5
5 316 116 7 6
5 321 113 8 8
4 303 117 7 5
4 308 114 6 5
4 312 110 5 4
1 294 150 5 10
7 291 151 18 7
4 314 108 3 3
4 316 107 4 3
4 318 106 5 4
0 322 103 5 4
4 292 117 6 5
4 295 114 5 5
4 300 113 8 5
1 286 116 2 5
1 288 116 2 4
4 267 125 16 6
5 270 122 13 7
1 260 135 3 7
1 254 136 4 8
2 277 134 3 6
10 277 136 6 6
4 245 135 13 11
1 245 146 4 8
1 241 147 3 8
2 238 149 5 8
3 238 151 9 6
1 231 150 3 9
1 219 148 2 9
1 213 152 4 10
1 199 151 3 9
1 201 153 3 6
1 209 152 3 9
1 205 152 2 6
1 207 151 4 9
1 206 149 4 9
1 226 152 3 8
1 223 151 3 8
1 226 148 3 9
1 223 147 2 9
1 221 141 2 8
5 221 137 14 13
4 210 138 12 10
4 200 137 14 10
5 192 136 15 10
4 182 136 9 9
4 174 135 12 8
4 165 135 15 9
4 155 135 13 10
4 148 134 15 8
4 143 141 20 8
1 102 134 3 8
1 106 143 4 8
1 92 138 4 8
1 96 142 3 8
1 95 142 2 7
2 4 138 3 5
10 5 140 6 4
10 134 224 19 12
2 133 219 7 12
2 11 244 16 15
2 8 264 14 19
10 12 246 22 17
3 11 270 18 19
1 25 245 9 19
1 36 238 11 18
1 35 231 10 18
1 24 231 10 17
1 15 229 10 16
1 10 225 10 16
1 5 224 6 16
2 158 307 13 25
3 158 311 24 20
