4 108 192 9 11
6 189 106 9 23
6 200 97 7 10
6 196 111 10 19
6 204 113 6 16
4 216 105 3 6
4 224 113 4 8
5 225 130 5 9
9 218 139 6 28
4 225 151 5 6
5 227 182 5 10
4 218 191 5 10
4 230 203 6 11
6 219 225 8 31
1 336 104 2 4
9 258 128 10 28
4 249 128 4 9
4 269 201 6 12
5 311 317 11 16
9 262 316 9 18
5 217 309 7 17
4 240 262 6 15
4 227 282 6 13
4 228 262 8 16
4 213 265 6 14
4 135 301 9 16
5 145 306 12 16
5 154 310 10 17
6 148 249 20 37
6 161 213 15 24
11 170 190 10 20
11 183 136 5 7
11 179 147 5 8
11 168 276 9 11
5 172 264 12 15
5 176 254 11 14
5 178 242 11 15
5 180 232 9 13
5 187 213 11 13
4 184 223 10 12
10 191 210 3 7
10 191 204 6 3
4 198 184 12 5
4 199 178 12 5
5 200 172 13 6
4 203 162 8 5
4 201 156 12 5
4 201 145 12 5
5 202 135 10 5
5 202 140 11 5
