1 70 356 11 16
1 183 236 6 21
1 192 237 9 21
1 208 178 5 11
1 217 165 4 9
1 218 151 2 7
6 84 134 9 9
6 232 164 13 15
1 216 177 5 10
2 231 141 1 2
2 232 141 1 3
2 233 146 2 3
2 237 147 2 4
2 238 145 2 3
2 234 151 2 6
2 230 151 2 3
2 214 186 7 10
2 254 239 5 8
2 254 240 10 19
10 252 246 11 19
10 215 188 6 11
3 234 152 3 5
10 229 152 3 3
10 237 149 2 4
10 233 147 2 3
10 238 146 2 3
10 230 142 1 2
10 232 142 2 2
1 219 154 1 5
7 228 154 6 5
4 241 144 5 5
4 238 141 5 4
4 237 140 5 4
2 167 136 2 3
4 245 137 4 3
4 254 144 6 4
4 262 159 8 8
4 269 147 8 6
4 261 152 7 6
4 263 140 5 3
4 254 140 5 4
4 281 154 8 7
4 277 148 6 5
4 292 162 12 10
4 284 174 15 12
4 268 135 3 2
4 265 137 3 3
4 275 141 6 4
4 273 139 4 3
4 289 146 6 5
4 288 143 6 4
4 251 130 2 2
4 246 129 2 2
4 249 130 1 1
4 285 133 3 2
4 300 151 8 6
4 302 149 8 5
4 314 181 19 13
4 326 161 13 8
4 324 151 10 6
4 301 145 6 4
4 353 158 13 8
1 390 159 3 6
1 304 138 1 3
9 310 146 15 10
4 331 158 14 8
10 362 157 4 4
2 361 155 3 4
1 295 135 1 3
1 292 134 1 2
4 360 264 57 47
4 369 198 29 20
4 402 219 29 26
5 382 229 49 41
4 408 188 16 12
