4 14 323 27 20
4 85 280 40 18
1 70 307 10 5
1 152 306 7 6
4 14 355 26 18
4 268 233 40 19
1 305 257 8 4
1 302 253 7 6
1 296 251 5 5
1 245 214 5 7
1 216 221 3 6
4 390 204 34 17
8 356 201 27 12
6 303 206 49 24
4 261 61 29 16
4 263 82 23 21
4 265 101 30 24
4 273 139 27 25
5 279 156 34 21
1 262 188 5 6
1 280 189 6 5
1 242 146 4 7
1 252 149 4 8
1 252 167 4 7
1 251 155 6 7
1 263 179 6 6
1 289 176 6 5
1 308 164 5 5
1 304 162 7 7
1 297 161 6 7
1 274 183 6 7
2 272 190 8 8
3 273 189 11 7
1 234 153 4 8
8 240 161 10 17
3 290 222 12 5
1 191 185 5 7
1 214 190 4 5
1 221 200 5 6
1 224 199 2 4
1 217 194 6 6
6 195 208 46 17
4 181 115 35 23
4 185 98 32 24
3 167 80 10 8
10 170 56 12 6
4 43 160 36 17
1 370 357 7 6
1 387 350 9 8
3 368 356 16 6
3 385 349 17 6
