4 206 280 45 20
4 114 313 31 49
4 31 300 49 18
4 53 280 46 21
4 85 257 40 19
4 107 226 30 20
4 143 218 28 15
4 202 257 40 19
4 269 283 52 21
4 255 247 19 38
4 304 250 18 36
4 341 281 52 22
4 367 191 26 24
4 260 188 16 21
4 195 195 12 24
4 176 197 15 21
4 336 250 32 33
4 214 195 14 24
4 210 240 39 19
4 92 243 39 20
4 384 252 34 34
4 380 218 34 15
4 401 241 31 32
5 176 319 46 21
5 355 243 28 28
4 397 281 38 21
4 13 278 25 21
1 331 188 4 14
1 411 239 5 15
1 346 171 6 11
10 289 176 4 10
10 393 171 4 10
10 390 172 6 10
10 405 181 14 7
3 367 173 6 10
3 328 174 6 10
3 357 173 8 8
3 360 173 6 9
