6 38 260 74 88
8 282 316 29 17
4 352 304 26 38
4 284 270 27 27
4 10 119 19 7
4 7 115 12 6
10 26 117 7 5
10 30 128 5 6
10 36 133 8 5
10 44 131 7 5
8 35 124 10 7
8 27 144 12 9
8 39 150 13 11
8 51 155 13 11
8 52 137 12 8
8 66 151 8 11
8 72 168 15 13
8 94 179 14 14
1 99 180 4 8
1 102 178 5 9
1 18 177 6 9
1 13 176 3 5
1 10 175 5 7
2 28 152 4 5
2 25 151 4 4
7 27 153 9 7
4 61 142 21 11
2 75 149 3 6
10 76 150 8 6
10 83 133 5 4
10 81 135 5 4
10 78 138 5 4
10 83 140 6 5
0 87 145 8 11
10 99 147 5 6
10 98 146 5 6
10 98 146 6 6
0 107 149 9 7
3 118 148 6 4
10 111 155 7 6
7 108 154 10 8
4 84 163 19 12
4 117 161 25 11
4 128 164 18 11
8 140 167 11 11
5 143 179 22 14
8 156 182 12 11
2 159 169 3 4
2 162 185 3 7
1 167 187 4 9
2 157 200 4 8
1 177 180 3 8
10 158 202 9 6
10 190 202 10 6
2 190 200 4 7
2 128 243 5 8
7 130 241 17 19
10 110 234 7 11
2 110 232 7 12
1 166 267 6 12
2 210 269 6 8
2 205 266 4 6
10 208 269 15 14
2 211 194 4 8
10 211 195 7 7
4 206 189 20 15
1 203 169 4 8
3 190 173 5 4
8 204 172 11 11
7 194 160 14 10
4 229 171 18 13
1 214 160 2 4
2 224 165 3 6
2 225 164 3 5
1 217 159 3 6
10 224 166 5 6
8 238 151 9 10
8 275 128 8 9
4 288 124 11 8
4 297 118 10 8
5 305 113 11 9
1 310 106 2 4
8 317 109 7 6
4 318 106 9 6
4 331 99 9 6
10 308 98 3 2
11 312 141 22 17
9 263 182 31 32
11 218 219 22 47
2 260 214 6 6
7 252 218 17 10
7 247 228 17 10
1 245 225 4 6
2 241 246 5 9
4 241 248 11 9
