6 17 139 7 2
6 21 137 16 4
6 26 134 16 4
6 32 132 14 4
4 49 91 5 3
4 22 177 5 4
6 19 176 5 7
6 37 193 6 4
6 57 184 8 5
6 20 238 17 6
6 70 237 10 5
6 83 237 10 5
6 111 180 17 8
6 113 165 13 5
6 167 172 7 10
6 182 169 4 8
6 212 94 5 4
9 136 225 17 6
4 128 235 8 3
4 3 265 4 6
4 3 241 5 3
4 6 257 6 8
4 12 255 6 7
4 11 263 8 4
4 29 252 8 4
4 52 258 9 5
4 53 262 9 4
4 75 245 8 3
4 74 254 8 4
5 76 256 8 5
4 78 260 8 4
5 135 212 8 5
5 268 206 8 4
5 309 205 7 4
5 350 204 8 3
5 403 201 10 4
4 33 187 4 4
4 122 152 4 2
4 124 151 4 2
5 125 150 4 2
4 139 143 3 2
4 142 144 3 2
4 144 144 2 2
4 161 144 2 2
4 159 144 2 2
4 156 143 2 2
