2 9 339 3 5
1 7 283 4 5
10 10 339 4 8
1 129 331 2 4
2 132 357 3 4
10 132 357 7 10
4 158 354 16 20
1 260 359 3 3
4 221 261 10 19
4 236 189 9 13
4 216 190 7 10
2 229 175 1 3
10 229 175 2 6
4 244 159 7 10
2 237 157 2 3
10 237 158 3 5
4 213 146 6 10
4 217 133 7 11
4 221 121 7 11
10 279 121 4 3
10 276 120 4 4
10 274 119 4 4
10 264 105 2 5
4 259 101 6 8
10 261 94 5 3
4 263 85 6 8
4 226 111 7 10
4 230 101 7 10
4 233 92 7 9
4 240 75 6 8
4 236 83 6 9
4 243 67 7 8
2 236 62 1 2
10 236 63 2 4
1 261 80 1 4
4 268 70 4 6
6 260 64 4 7
1 55 182 2 2
4 88 99 12 9
4 93 94 12 6
4 98 88 13 6
