4 351 287 47 35
4 221 165 32 22
4 193 131 27 21
4 144 123 27 17
4 32 280 35 28
4 19 225 22 38
4 104 119 26 20
4 150 92 22 16
4 192 112 24 17
4 112 87 20 15
4 97 96 23 17
4 118 77 25 21
4 66 115 24 20
4 41 98 22 16
4 58 90 27 18
4 47 70 21 14
4 13 83 21 16
4 19 70 23 15
4 26 59 23 13
5 157 147 27 21
5 65 250 30 27
5 187 188 33 25
5 271 215 35 26
5 320 218 43 30
4 17 298 32 32
9 153 60 45 14
1 271 81 2 10
1 201 332 5 7
1 200 340 7 9
1 151 304 6 4
1 128 308 5 8
1 138 303 8 6
1 145 304 5 7
1 152 323 8 3
1 347 91 6 11
1 407 107 8 11
1 338 69 3 6
1 308 93 5 8
1 336 66 4 8
1 334 60 3 8
1 307 92 4 10
1 311 71 2 6
1 308 68 4 6
1 332 57 6 9
2 286 65 4 7
2 380 120 7 6
2 62 158 6 5
10 65 161 10 9
10 377 122 12 8
8 311 76 21 15
10 233 56 9 6
1 271 57 3 7
0 154 361 13 7
1 219 339 5 5
