3 298 299 2 6
3 294 296 2 5
4 303 280 8 10
4 314 281 10 12
4 324 280 10 11
4 293 281 8 11
4 284 280 7 9
4 275 277 7 10
4 266 277 7 11
1 180 290 1 4
4 99 283 14 14
4 148 269 10 10
4 158 269 9 10
4 167 271 8 9
4 176 271 7 9
4 185 271 8 8
4 193 272 7 9
4 203 273 8 10
4 212 273 7 11
4 222 274 7 10
4 232 275 7 10
3 243 279 5 4
3 240 277 5 5
3 243 276 6 4
4 272 258 6 8
4 289 260 6 8
4 298 260 8 9
4 307 261 8 7
4 316 261 9 7
1 279 216 1 3
0 269 212 3 3
2 282 218 1 3
3 283 219 2 2
4 242 256 6 8
4 234 256 6 7
4 221 254 6 8
4 211 255 5 6
4 203 253 6 6
4 186 252 13 6
9 166 248 18 9
1 56 279 2 4
2 37 246 2 4
3 37 247 4 3
6 207 236 5 5
0 213 236 4 4
3 213 231 2 2
7 199 233 4 6
1 187 217 1 4
2 183 203 1 3
3 183 204 3 2
5 190 186 4 5
3 215 201 3 2
2 242 216 2 2
7 244 209 2 2
1 253 213 1 3
1 254 209 1 2
