6 271 217 45 40
4 217 261 33 29
4 173 276 19 16
4 166 288 20 20
4 156 280 17 16
5 132 297 18 19
4 133 305 19 18
4 127 294 15 16
4 131 283 14 15
5 111 325 19 19
5 112 308 15 17
8 105 307 8 8
2 102 307 2 4
5 82 344 20 19
4 96 328 17 16
4 78 334 16 16
4 61 350 16 13
4 61 360 19 8
4 55 359 16 10
4 13 361 9 7
4 20 357 10 11
4 27 353 8 9
4 45 338 11 14
4 64 335 14 16
4 72 329 15 18
4 74 319 9 10
8 80 316 10 10
4 84 315 8 10
4 88 319 11 10
6 80 296 19 20
1 89 298 4 4
1 95 292 4 3
1 93 291 2 2
1 92 291 3 3
1 95 291 3 2
1 98 291 5 3
1 112 277 5 4
4 93 285 10 9
5 119 273 11 11
4 109 271 8 6
5 126 261 10 10
4 142 232 5 6
4 140 244 10 8
4 143 239 9 7
4 149 232 10 8
4 154 223 8 7
4 157 219 8 6
4 153 255 10 13
4 162 247 9 13
4 172 238 9 13
4 183 228 9 12
4 159 243 8 11
4 169 235 8 10
4 178 225 8 10
4 188 217 8 10
4 191 207 7 9
4 183 215 6 8
4 193 200 5 7
4 191 207 7 9
4 189 202 5 7
4 177 215 5 7
4 182 208 5 7
4 172 217 5 7
4 176 211 5 7
4 173 224 5 7
9 164 228 16 20
4 180 204 4 6
4 185 194 3 4
4 188 194 4 7
4 196 193 5 6
4 192 196 5 7
9 184 201 7 9
4 199 187 5 6
4 202 182 5 5
4 193 191 5 5
4 192 188 4 5
4 190 186 4 5
4 194 183 4 4
4 196 186 4 5
4 198 181 4 5
4 203 178 3 4
4 201 176 3 4
4 195 180 3 4
4 195 175 3 4
4 198 174 3 4
4 202 173 3 3
4 205 174 3 3
4 206 171 3 3
4 207 168 3 3
5 173 195 9 6
4 185 183 6 5
4 185 178 5 4
4 164 206 11 8
1 324 100 2 3
1 320 103 4 5
