5 73 302 18 22
5 161 276 12 18
4 114 263 13 21
4 210 275 10 24
4 7 204 13 10
4 59 227 29 12
5 120 206 25 10
4 195 233 26 13
4 247 222 27 11
4 266 209 27 12
9 340 278 21 37
9 311 196 21 33
4 303 175 9 12
1 372 154 2 5
1 374 152 2 3
9 335 116 12 24
0 314 97 2 6
0 317 106 2 5
1 313 111 1 3
1 314 110 1 4
1 319 122 1 5
0 318 114 5 8
4 262 100 6 6
4 256 94 6 5
10 238 95 2 3
2 238 94 2 3
5 231 110 6 6
5 257 123 6 9
9 144 109 23 21
1 161 97 1 3
1 165 95 1 3
1 166 95 1 3
1 167 95 1 4
1 169 94 1 4
1 156 100 1 4
1 160 96 1 4
1 154 99 1 4
1 118 120 2 4
6 168 127 16 13
9 78 112 33 21
1 69 153 2 5
5 216 198 8 16
