0 331 135 26 17
4 198 106 2 2
4 194 106 2 2
6 191 105 3 2
6 198 103 2 2
4 189 108 3 3
4 187 113 2 2
4 182 112 2 1
4 182 111 1 1
9 183 120 3 6
4 176 118 2 2
5 176 125 2 3
5 172 122 2 2
4 172 132 2 2
4 169 127 2 2
4 166 134 3 3
6 160 139 4 7
5 168 139 3 3
9 169 154 5 9
5 163 153 3 4
4 156 147 3 4
4 151 151 2 3
4 165 170 4 5
4 177 183 4 6
4 173 193 5 6
4 162 201 5 6
9 190 210 14 19
4 177 267 6 8
4 190 230 7 8
4 201 262 8 10
4 218 301 10 15
9 224 232 8 12
5 229 224 5 5
9 234 235 12 17
9 243 252 15 21
9 238 259 11 18
5 230 246 8 8
9 256 272 17 27
9 267 272 17 22
9 270 298 18 27
9 282 297 20 29
9 250 311 18 26
9 284 318 15 13
9 297 321 11 8
6 237 207 15 8
4 162 266 6 9
4 164 276 8 9
4 166 286 9 9
4 169 297 10 11
4 173 310 9 11
4 176 322 9 7
4 248 208 10 4
1 248 237 2 5
1 251 237 2 4
1 239 218 2 4
1 245 224 1 4
