4 253 221 18 10
4 319 218 18 9
5 259 236 21 13
4 272 295 10 13
4 327 300 24 15
4 292 288 21 14
4 288 305 11 21
4 300 310 12 23
4 313 313 10 21
4 201 264 19 13
4 253 243 19 10
4 285 245 21 14
4 272 249 15 12
4 265 267 20 11
4 206 305 20 14
4 199 286 20 12
4 218 311 27 16
5 268 278 22 15
4 331 314 24 14
4 290 272 27 18
4 296 263 25 17
6 321 237 44 25
6 327 254 23 16
4 389 214 10 14
4 403 228 20 12
4 405 223 20 10
4 400 184 18 9
4 404 204 19 8
4 406 211 21 11
4 402 200 19 8
4 401 194 18 9
4 405 191 20 10
4 358 151 7 13
4 380 160 8 12
4 386 169 7 14
4 394 161 7 10
6 409 174 15 11
9 370 160 14 32
4 188 117 8 10
4 195 116 7 8
4 243 110 12 6
4 241 103 12 7
4 258 101 11 7
4 270 113 11 5
4 273 109 12 8
4 224 96 12 6
5 217 98 11 8
9 320 121 35 18
4 350 121 14 7
4 369 127 14 8
5 195 278 19 12
5 196 254 17 10
5 178 220 16 8
5 181 206 18 10
4 179 214 15 8
4 177 197 15 9
4 173 190 16 8
4 168 162 8 11
4 161 148 8 12
4 157 140 5 7
4 153 158 14 8
4 150 154 14 7
4 148 150 12 8
4 147 146 13 6
4 146 143 12 6
4 146 139 10 7
4 152 134 10 6
4 149 132 11 7
4 147 128 13 6
