5 26 111 51 26
5 84 108 51 28
5 21 154 41 27
4 13 177 24 24
3 16 227 17 21
1 40 308 23 16
1 45 299 22 13
1 57 280 20 16
1 57 248 16 17
1 138 147 10 19
1 150 142 9 16
4 92 183 35 43
4 123 182 29 43
4 152 179 30 45
4 161 217 63 27
4 162 248 51 27
4 94 253 69 28
4 155 283 72 28
3 108 291 20 24
5 142 324 93 39
4 154 356 85 15
4 56 361 89 7
4 354 349 97 31
4 393 271 46 36
4 387 239 59 29
5 328 274 89 37
5 302 212 61 32
4 286 173 35 46
4 371 180 58 27
4 362 153 58 25
1 369 86 5 16
1 360 87 8 20
1 291 81 5 12
1 286 84 4 17
1 278 83 5 11
1 270 84 7 16
4 215 124 45 22
1 257 85 7 16
