4 228 355 78 19
4 222 321 77 39
4 222 285 74 34
4 212 228 55 30
4 216 196 47 22
5 207 177 46 24
5 205 163 35 18
5 204 152 31 17
4 291 245 61 28
1 294 169 7 16
1 154 161 6 17
10 164 127 3 7
10 151 149 4 7
7 146 168 6 15
5 207 141 33 17
5 208 134 40 18
5 204 124 33 15
5 224 110 13 19
1 235 133 4 14
5 200 116 29 14
5 197 110 29 13
4 196 104 29 9
1 172 97 3 10
1 172 96 4 10
6 197 92 27 12
4 219 92 11 13
5 233 71 11 11
5 195 86 22 9
4 194 85 26 10
4 195 79 24 8
5 197 73 26 12
4 195 69 20 8
4 194 66 18 7
4 193 63 20 8
4 190 60 18 7
5 191 56 14 6
4 202 57 14 7
4 238 59 10 9
4 251 57 19 7
5 259 64 23 10
5 259 70 20 9
4 265 77 25 9
4 271 81 26 10
4 278 89 28 9
4 275 95 29 11
1 259 96 3 11
10 299 99 12 8
4 287 106 32 12
4 299 111 30 11
3 320 117 4 8
5 302 117 32 13
6 307 136 55 28
6 317 148 58 28
5 326 163 38 18
4 334 175 47 21
4 345 192 51 20
4 356 211 54 24
4 374 232 58 27
4 386 255 60 29
4 393 284 45 29
1 353 276 12 20
1 352 252 9 20
