1 157 293 5 6
1 128 272 7 7
1 135 265 5 6
1 168 244 6 5
1 176 226 4 6
1 172 223 6 8
1 175 218 4 8
1 178 209 4 7
1 180 203 3 8
1 183 196 6 12
1 213 222 4 7
1 179 220 4 7
1 197 220 5 7
1 164 237 5 6
1 170 238 4 7
1 174 231 5 6
1 169 250 5 7
1 164 248 4 8
1 164 259 5 7
1 158 256 6 7
1 139 268 8 6
1 152 278 6 6
1 154 271 5 5
1 163 274 6 7
1 158 268 6 6
1 170 272 5 7
1 165 268 5 7
1 192 270 6 7
1 204 266 7 7
1 281 247 10 12
1 269 236 5 7
1 398 226 15 8
1 380 162 11 15
1 386 166 11 8
1 377 116 7 9
1 370 102 10 14
1 413 96 6 9
