4 64 311 9 14
4 76 312 9 15
4 88 309 8 13
4 77 298 7 11
4 67 298 8 11
5 88 296 7 11
5 92 280 7 9
4 33 357 23 15
4 16 358 20 13
4 5 358 9 11
4 284 329 20 10
4 359 350 22 13
4 400 353 22 13
4 348 292 18 9
4 367 288 18 9
4 313 269 14 8
4 281 280 16 9
4 270 272 8 9
4 252 276 7 10
4 249 255 10 8
4 244 283 17 8
4 378 255 7 8
4 233 239 7 6
4 197 215 5 4
4 192 212 4 5
4 220 209 7 5
4 172 237 6 6
4 125 195 3 4
4 116 168 2 2
4 123 137 2 2
4 123 130 1 1
4 127 127 1 1
4 122 127 1 1
4 131 127 1 1
5 130 124 1 1
9 134 125 4 1
11 125 123 5 1
0 131 120 3 4
4 123 126 1 1
4 122 129 1 1
4 121 129 1 1
4 121 130 1 1
4 122 128 1 1
4 120 137 2 1
4 119 133 1 1
4 118 134 2 2
4 116 138 1 1
4 117 137 1 1
4 117 136 2 1
4 116 141 4 1
4 110 149 2 2
4 111 147 2 1
4 107 154 2 2
4 106 155 2 2
4 106 158 2 2
4 106 161 2 2
4 105 163 3 2
4 105 166 3 2
4 109 173 3 2
4 106 174 2 2
4 106 178 3 3
4 108 188 6 4
4 96 195 3 4
5 96 191 3 4
5 95 189 3 4
5 96 187 2 3
5 96 183 3 4
4 134 152 2 3
9 134 156 3 4
9 136 161 4 5
4 137 166 2 2
8 142 181 2 3
8 148 186 2 3
4 141 174 3 3
5 108 192 5 4
4 115 198 7 4
5 107 199 11 4
4 108 204 4 6
4 110 210 7 5
4 109 222 9 7
4 95 212 4 6
4 171 184 9 2
4 171 186 8 3
4 174 188 8 3
4 181 199 9 3
4 199 192 8 3
4 211 195 8 3
10 200 191 2 2
3 161 198 2 2
4 183 215 10 4
4 184 218 12 4
4 208 214 10 4
4 206 212 10 4
5 204 210 11 5
5 213 206 5 6
5 223 246 9 11
4 217 206 5 4
4 228 208 7 5
4 225 205 5 5
4 214 221 11 4
4 217 223 11 5
4 225 221 6 5
1 196 230 1 4
1 194 230 1 4
1 195 231 1 4
3 179 213 5 3
4 212 233 7 7
4 217 240 8 7
4 225 229 9 6
4 232 233 11 6
4 240 246 9 8
4 231 256 9 9
4 240 264 11 8
4 258 264 11 9
4 259 286 11 10
4 226 284 17 8
4 230 290 18 8
4 235 295 18 9
4 258 296 7 13
4 270 296 12 11
4 278 293 13 11
4 288 292 13 11
4 297 289 14 10
4 298 280 17 8
4 286 273 17 8
4 325 283 16 11
4 325 266 9 8
4 333 263 14 8
4 335 282 13 9
4 344 280 14 10
4 340 259 16 9
4 346 255 16 9
1 370 255 2 4
4 352 279 15 10
4 361 278 16 11
4 367 277 16 10
4 374 274 16 10
4 383 273 16 11
4 375 266 16 7
4 395 265 14 6
4 393 254 16 8
4 407 263 15 7
4 410 253 12 7
1 391 249 2 4
4 412 278 9 8
4 73 166 3 3
4 77 162 3 2
4 81 163 3 2
4 83 163 3 3
1 120 140 0 1
0 116 144 3 2
0 112 154 5 7
2 130 159 0 1
2 130 149 0 1
1 130 154 1 1
10 130 159 1 1
10 130 150 0 1
1 109 182 1 2
2 114 193 1 2
2 133 189 1 2
2 138 176 1 2
2 141 184 1 2
2 195 279 2 4
2 393 313 3 7
10 114 194 1 2
10 133 189 1 2
3 141 184 1 2
3 139 176 1 2
3 195 281 2 5
3 392 314 5 4
1 81 319 2 6
1 96 299 3 6
2 94 292 3 4
2 102 223 1 3
3 102 224 1 3
1 97 180 1 3
1 169 210 1 3
