4 179 236 3 2
4 192 228 2 1
4 194 228 1 1
4 219 227 1 1
4 218 227 1 1
4 217 226 1 0
4 216 229 1 0
4 217 231 1 0
4 217 230 1 0
4 219 230 1 1
4 215 233 1 1
4 213 234 1 1
4 215 235 1 1
4 216 236 1 1
4 213 237 1 1
4 208 239 2 1
4 210 241 2 2
9 226 230 2 2
9 227 232 1 3
4 225 236 1 1
4 224 232 1 1
6 224 229 1 1
4 222 235 1 1
4 229 232 1 1
4 229 232 1 0
4 225 250 2 2
4 209 246 2 2
4 202 244 2 2
4 241 239 3 1
4 253 241 3 1
6 243 241 5 2
6 245 244 6 3
6 236 243 1 2
4 243 249 6 2
4 242 250 5 2
4 246 258 6 2
1 238 275 1 3
6 273 273 5 9
1 284 274 1 3
4 276 279 8 4
4 284 281 10 4
4 288 284 10 5
4 293 287 9 5
4 299 289 11 5
4 326 295 11 6
4 346 300 9 6
4 360 305 10 6
4 194 254 3 3
6 184 263 5 7
4 184 272 5 4
4 172 283 7 7
4 178 296 7 8
4 140 296 9 7
4 142 332 12 14
4 120 344 16 17
4 112 336 15 15
1 160 269 1 3
1 157 269 0 3
1 156 269 0 3
1 161 266 0 2
1 164 265 0 3
1 163 268 0 3
1 164 268 0 3
