10 56 353 28 22
10 305 357 15 14
10 333 356 19 17
1 400 344 16 35
2 220 346 5 9
1 148 332 10 33
1 203 336 12 33
1 228 335 6 27
1 220 323 8 29
2 181 309 11 19
10 181 316 12 27
1 253 351 11 27
8 130 307 23 41
3 117 261 16 15
1 230 286 16 22
1 250 314 10 23
1 242 276 7 19
1 240 269 6 16
1 231 271 7 19
1 221 268 11 18
1 197 290 8 25
10 211 286 17 22
10 210 273 12 22
1 189 269 8 24
2 169 262 8 11
2 170 257 8 12
10 170 262 7 17
1 205 262 5 18
1 211 260 3 11
1 203 257 6 18
1 216 253 7 18
1 217 251 2 17
2 211 245 3 7
1 211 248 4 18
1 214 243 5 15
1 219 240 10 13
1 232 243 11 13
1 203 240 4 17
1 193 236 6 18
1 182 236 6 18
1 160 240 6 17
2 156 241 4 10
3 155 245 4 8
1 148 245 8 18
1 138 249 7 17
8 141 221 11 13
1 207 231 5 16
1 213 229 4 14
1 218 229 9 14
1 233 230 3 14
10 203 225 5 12
2 209 223 5 7
1 222 217 4 13
1 228 216 3 13
0 227 205 4 8
1 221 205 3 10
1 223 205 2 11
1 208 212 2 8
1 210 211 3 8
8 120 205 8 10
8 133 204 13 7
1 207 209 3 12
1 209 204 2 9
1 211 203 3 9
1 222 197 2 9
1 202 205 3 11
1 194 205 5 12
1 157 204 4 12
10 160 206 3 10
1 156 200 2 9
2 152 200 4 7
1 146 200 3 10
2 196 190 3 9
3 196 192 2 7
1 206 190 1 7
1 208 190 2 9
1 216 188 2 10
1 208 187 2 7
1 206 186 1 9
1 216 184 2 7
1 214 178 2 6
1 213 176 2 6
1 211 177 1 6
1 205 179 2 4
1 202 179 1 7
3 203 180 1 5
1 207 176 2 6
1 204 175 1 6
1 203 172 2 6
1 200 172 2 7
1 199 168 2 5
1 197 168 2 6
2 195 170 2 5
3 195 172 1 4
8 172 187 6 8
3 168 185 2 6
1 156 189 2 8
4 183 171 7 6
1 183 166 2 5
1 193 164 2 5
4 200 165 6 4
5 208 169 6 7
5 207 165 6 5
5 207 162 5 5
4 204 160 6 4
4 195 156 4 2
4 188 157 4 4
4 181 160 7 4
1 189 161 1 4
1 190 158 1 4
1 191 158 1 4
1 191 160 2 4
3 192 160 1 3
1 202 157 1 4
1 204 157 1 4
3 163 177 8 3
0 208 140 17 3
6 198 153 3 4
4 191 152 3 2
0 196 148 16 4
4 203 152 3 3
2 201 153 0 2
2 201 153 0 2
3 201 154 1 2
