6 206 158 5 7
6 240 176 7 6
6 385 324 55 47
8 287 215 7 8
4 218 157 3 2
4 222 157 3 3
4 227 160 3 3
4 223 163 3 3
4 226 168 5 4
4 211 169 4 4
4 246 194 6 7
4 261 203 8 7
5 239 186 6 8
5 319 170 9 3
5 335 174 11 5
4 408 230 16 8
4 394 219 17 8
4 389 204 12 5
4 337 179 7 3
4 255 172 13 5
2 239 169 1 2
6 220 152 4 4
4 216 154 3 2
4 214 152 3 2
4 212 148 2 2
4 208 145 2 1
4 210 144 1 2
4 219 146 6 2
4 200 144 1 2
4 201 140 1 1
4 198 141 1 1
4 198 139 1 1
4 212 147 2 2
6 204 150 5 4
10 239 170 2 1
6 207 142 3 3
6 208 140 2 2
6 199 138 2 2
6 198 136 2 2
0 199 133 12 6
2 213 144 1 1
2 197 147 0 1
2 195 147 0 1
10 195 148 1 1
10 197 148 1 1
10 213 144 1 2
