1 301 327 6 6
5 278 331 26 15
4 281 346 28 16
5 284 357 26 14
4 252 238 20 10
4 250 226 21 11
10 283 229 9 5
2 285 232 3 3
2 289 232 2 3
2 290 236 3 4
2 288 239 3 4
2 282 235 2 3
4 233 170 20 11
4 226 154 11 19
4 260 127 19 11
4 256 118 18 11
4 254 111 17 10
4 252 97 17 13
4 287 87 17 9
4 275 70 17 9
4 273 63 16 6
4 237 72 17 10
4 223 80 10 11
4 210 95 10 16
4 216 115 8 14
4 206 80 9 13
4 204 68 8 12
4 234 65 17 11
4 204 297 13 29
10 175 328 6 12
4 187 199 11 23
4 161 154 11 19
5 171 117 11 21
5 129 142 18 10
5 120 161 19 18
5 116 269 11 23
1 106 344 5 4
1 108 351 3 3
2 97 338 4 3
2 94 343 3 2
2 90 342 4 2
2 93 336 3 3
2 80 344 5 4
2 79 337 3 3
2 79 332 4 3
2 76 326 3 3
2 75 332 2 3
1 81 326 7 3
2 93 324 2 3
2 90 318 4 4
2 94 315 3 3
2 92 313 4 3
2 89 314 4 3
2 92 307 3 3
2 91 302 3 2
2 88 302 3 3
2 79 294 3 4
2 88 287 3 3
2 92 286 3 4
2 88 281 4 3
2 85 284 2 3
2 92 280 3 2
1 117 304 3 4
10 118 297 9 5
10 118 290 9 5
1 128 293 4 7
10 121 283 8 5
10 101 267 5 11
2 102 267 4 5
1 105 234 4 4
2 78 254 2 3
2 81 253 3 2
2 81 248 3 3
2 75 248 3 2
2 75 253 2 3
2 78 246 2 3
2 79 237 3 4
2 82 239 3 4
2 85 235 3 3
2 81 233 3 3
2 70 233 3 3
2 66 238 4 4
1 60 225 4 7
2 69 227 3 3
2 73 224 3 3
2 70 221 3 2
2 66 223 2 3
2 77 222 2 3
2 81 225 3 3
2 84 222 3 2
2 81 218 2 2
2 88 218 3 2
2 88 222 3 2
2 67 215 2 3
2 72 210 3 3
2 66 209 2 3
2 69 208 4 3
2 92 218 2 4
2 59 202 2 3
