9 224 63 8 5
4 234 64 7 3
4 242 65 3 2
4 246 66 2 3
4 251 66 3 3
4 257 67 3 3
4 260 67 3 3
4 274 68 3 3
4 282 69 3 3
4 286 69 3 4
4 290 69 3 3
4 288 75 3 4
4 284 74 3 4
4 293 74 2 4
4 295 69 3 3
4 279 74 3 4
4 276 74 3 4
4 272 73 3 4
4 268 73 4 4
4 253 71 3 3
4 250 71 3 4
4 245 71 3 4
4 241 71 3 3
4 237 70 3 4
4 233 70 3 3
4 229 70 3 3
4 225 69 4 4
4 221 69 4 3
4 217 69 4 4
1 247 85 1 3
4 237 96 8 4
4 232 103 8 4
4 231 111 9 5
4 239 111 9 4
4 235 116 9 4
4 234 119 10 4
4 232 120 11 4
4 231 123 9 4
4 229 127 10 5
4 278 106 9 4
4 277 109 10 4
4 275 113 9 4
4 262 117 9 4
5 260 119 8 5
4 305 101 8 3
4 303 102 9 4
4 302 103 7 2
5 302 105 8 4
4 303 108 10 4
4 302 110 10 4
4 303 112 8 4
4 302 114 10 4
3 310 116 3 2
4 256 133 11 5
4 269 131 11 5
4 269 129 11 4
4 268 139 11 5
4 265 145 12 5
4 264 150 11 5
4 251 142 11 5
4 251 146 13 5
4 303 144 13 5
4 302 146 12 4
4 302 150 13 6
4 301 153 13 6
4 301 159 12 4
4 302 162 13 6
4 302 167 14 7
4 301 173 14 6
4 299 176 15 6
4 299 181 15 8
1 291 174 3 4
1 320 141 2 4
2 359 118 1 2
10 359 119 3 3
1 373 120 2 3
2 362 115 1 2
2 368 112 1 3
2 369 103 1 2
2 368 99 1 2
10 369 104 1 3
10 368 112 1 3
10 362 115 2 2
3 206 131 2 4
3 210 132 4 5
3 213 129 3 3
4 168 243 9 12
4 145 240 7 12
1 245 264 3 5
4 264 271 17 10
4 229 322 16 21
4 244 325 17 22
4 213 318 15 20
4 187 313 13 20
4 164 306 14 21
4 150 306 12 17
4 129 301 9 20
1 363 253 5 4
1 248 57 1 3
