1 213 72 3 11
1 222 109 3 13
4 208 59 9 12
4 226 70 11 16
4 242 147 14 24
1 259 154 4 14
1 269 153 5 13
1 201 190 4 12
1 284 222 7 13
10 277 219 8 17
10 261 202 7 12
4 273 268 36 45
4 203 281 24 58
4 204 340 24 49
4 288 338 33 52
5 195 215 17 33
5 239 121 17 24
5 191 116 15 18
5 188 144 17 30
4 235 103 15 20
4 192 100 14 18
4 190 81 14 17
4 190 66 12 18
4 191 58 11 10
8 115 131 18 16
4 345 56 15 6
7 343 68 11 10
7 339 79 11 10
2 323 59 4 6
2 324 61 3 9
2 328 59 4 5
2 329 60 3 7
10 342 62 11 6
10 343 64 11 6
3 393 57 9 5
10 382 88 6 8
10 377 98 6 8
10 380 118 5 11
10 393 122 6 8
10 396 97 4 10
1 394 156 9 15
1 394 93 5 13
1 407 68 5 13
1 401 71 6 12
1 388 74 6 12
1 391 93 8 13
2 384 85 4 8
2 378 93 5 8
2 381 113 7 8
2 394 118 8 9
1 402 152 10 15
1 373 114 7 13
1 370 134 6 13
1 405 90 7 12
1 407 93 8 11
1 412 95 6 12
1 414 93 4 16
1 415 68 3 11
1 414 59 5 11
5 408 112 16 26
4 410 139 12 26
5 140 346 36 36
