5 34 105 19 22
5 66 150 22 26
1 75 95 4 6
1 80 94 5 5
1 84 100 3 7
1 88 99 3 8
1 92 98 3 8
1 97 113 5 9
1 101 118 3 7
1 117 126 3 8
1 115 127 3 8
1 111 129 4 8
1 110 132 3 9
1 14 267 9 9
1 18 254 8 9
1 20 252 8 10
1 33 264 8 11
1 54 307 9 8
1 53 312 10 6
1 56 319 8 8
5 235 312 43 27
4 372 249 34 28
9 307 257 53 46
1 277 251 5 9
1 273 253 4 8
1 266 257 4 11
1 247 258 3 8
1 251 256 5 7
1 259 249 5 8
1 255 241 4 8
1 251 245 3 10
1 245 250 4 8
1 238 249 3 7
1 213 212 5 9
1 205 242 5 9
2 204 241 2 4
1 192 235 4 8
1 189 246 3 10
1 183 238 3 9
1 188 242 3 9
1 172 199 5 9
4 131 207 26 30
5 108 215 26 32
1 151 161 3 8
1 149 164 3 8
1 152 163 3 8
1 156 175 6 9
1 154 179 3 5
1 158 173 3 6
