9 29 73 16 40
1 30 235 6 3
4 4 356 6 15
5 195 354 10 20
4 177 355 23 10
10 226 355 9 7
4 185 337 22 11
2 226 356 4 4
10 230 343 5 7
10 230 322 4 8
10 236 321 6 6
10 233 316 7 3
10 234 311 9 4
10 235 297 7 5
10 230 285 7 5
1 214 325 2 5
1 217 315 2 4
1 220 314 3 3
4 178 323 20 8
4 180 311 20 10
4 178 295 21 9
5 189 283 17 10
4 186 271 23 10
5 186 248 20 10
10 185 258 7 5
1 208 261 3 3
1 212 258 3 2
1 215 260 2 3
1 204 233 2 3
1 206 236 2 2
1 189 231 2 3
4 182 193 21 9
5 234 166 19 20
5 237 182 17 16
10 241 150 3 8
10 213 162 2 3
10 199 151 3 3
6 179 163 30 12
6 180 149 29 12
6 180 125 26 10
8 184 137 15 7
1 181 138 2 3
2 195 121 2 2
8 192 103 12 10
2 196 104 2 3
1 198 112 4 3
1 174 94 2 3
1 197 95 2 4
10 238 107 7 4
1 192 66 4 5
1 177 79 2 4
1 177 75 3 4
8 173 79 7 10
2 202 63 2 4
1 172 67 3 5
1 174 64 3 5
