4 146 320 48 85
4 189 214 37 46
4 233 340 44 49
4 289 320 34 60
4 287 262 31 48
4 349 221 32 40
4 286 213 24 33
4 255 188 22 31
4 285 171 21 27
4 329 159 21 24
5 341 183 25 31
1 342 269 12 22
1 344 312 14 24
4 245 279 33 57
4 249 228 29 43
4 208 175 24 30
4 221 147 20 23
4 202 130 32 14
4 209 125 30 9
4 207 115 28 18
4 226 99 27 15
4 233 91 20 12
4 244 85 9 13
4 259 157 21 29
4 282 148 17 21
4 283 133 15 18
4 263 126 14 16
4 263 113 13 13
4 284 114 12 15
4 324 141 18 16
4 318 130 17 14
4 312 104 17 13
4 331 100 24 11
4 323 94 24 10
4 319 90 25 10
4 318 85 26 10
4 317 83 26 11
4 303 77 10 12
4 280 103 12 10
5 265 102 11 12
4 266 91 11 10
4 280 96 12 10
4 278 85 10 9
4 267 80 8 8
4 278 77 8 8
4 269 68 8 8
4 279 69 8 7
4 269 60 7 7
4 278 62 6 6
4 279 59 6 4
4 247 76 10 9
4 252 67 7 8
4 252 60 7 6
4 255 55 5 4
4 274 56 5 6
4 294 58 6 6
4 302 57 11 5
4 303 60 12 5
4 304 64 14 6
4 301 68 16 6
