4 109 333 12 13
4 136 297 12 15
4 176 281 10 13
4 198 271 11 12
4 231 210 6 7
4 245 187 6 5
4 265 181 6 6
4 256 168 5 4
4 246 177 5 4
4 274 193 5 6
4 285 151 3 4
4 290 161 4 3
4 280 131 2 3
4 298 124 2 2
4 300 119 2 1
4 251 152 4 3
4 244 161 3 4
4 247 158 4 4
4 241 165 5 4
4 236 171 5 4
4 232 176 5 5
4 226 184 5 5
4 281 215 5 6
4 284 209 5 5
4 284 204 5 5
4 287 199 7 6
4 288 194 7 5
4 289 189 6 3
4 291 185 5 4
4 292 181 4 4
1 292 206 3 3
1 297 196 2 4
1 286 227 3 4
1 270 330 3 6
1 275 334 3 6
1 282 332 2 5
1 267 343 3 7
2 241 318 3 4
3 242 322 3 4
3 226 358 5 3
2 226 354 3 4
4 122 313 15 17
4 154 273 11 12
4 218 193 5 5
4 214 199 6 5
4 209 203 5 5
4 205 208 5 6
1 164 266 3 5
4 251 316 10 14
4 248 334 10 16
4 240 354 9 16
4 269 283 13 12
2 247 269 2 6
2 279 205 1 3
2 277 209 2 3
2 257 251 1 4
2 275 218 1 3
2 272 222 2 4
2 283 234 1 4
2 275 234 2 4
2 267 235 1 4
3 282 235 5 2
3 275 235 5 3
3 268 236 3 3
10 257 252 6 3
10 272 224 1 4
10 274 218 2 3
10 277 210 2 3
10 279 206 1 3
10 216 205 2 3
10 207 226 2 5
10 189 239 3 4
10 188 229 2 3
10 199 218 2 3
2 199 215 1 3
2 199 217 1 3
2 188 227 1 3
2 189 233 2 4
2 189 237 1 4
2 207 226 1 3
2 216 203 1 2
3 231 184 1 3
3 238 175 1 2
10 242 172 1 2
10 257 150 1 2
3 256 153 1 2
3 248 162 1 2
1 235 168 1 3
2 257 149 1 2
2 256 152 1 2
2 247 161 1 2
2 242 171 1 2
2 238 174 1 2
2 231 183 1 3
2 283 184 1 3
4 298 160 2 3
4 296 167 3 3
4 295 171 2 3
4 294 173 3 3
4 306 132 2 3
4 306 135 2 2
4 305 137 2 2
4 305 140 2 2
4 304 143 2 2
4 302 145 2 3
4 302 148 2 3
4 309 123 3 2
4 308 126 2 2
4 308 128 2 3
4 314 110 2 3
4 306 112 2 2
4 298 116 2 2
4 290 117 2 2
4 288 114 1 2
4 287 116 1 2
4 292 114 2 1
4 311 96 1 1
4 308 96 1 1
4 307 98 1 1
4 307 90 1 1
4 303 94 1 1
4 305 93 1 1
4 305 95 1 1
4 307 94 1 1
4 301 97 1 1
4 298 100 1 1
4 301 100 1 1
4 297 102 1 1
4 300 102 1 1
4 298 105 2 2
4 294 106 1 2
4 295 104 1 1
4 295 105 2 2
4 295 108 1 1
4 295 109 2 2
4 294 110 1 1
4 294 111 2 2
9 291 109 3 4
9 299 114 8 5
9 283 122 4 5
9 315 89 1 2
4 314 88 1 1
4 313 91 1 1
4 312 92 1 1
4 314 93 1 1
5 312 93 1 1
4 308 88 2 1
0 315 83 10 7
4 290 101 1 1
4 290 103 1 1
4 289 105 1 2
4 297 96 1 1
4 294 99 1 1
0 296 97 3 5
9 264 136 6 6
4 261 140 3 3
4 273 125 2 2
4 272 127 2 2
4 271 128 2 2
4 270 130 2 2
4 268 131 2 2
4 267 133 2 2
4 280 115 2 2
4 280 116 2 2
4 280 118 2 2
4 278 119 2 2
4 277 121 2 2
4 276 122 2 2
4 275 123 2 2
2 181 251 1 5
2 179 253 2 4
2 165 256 2 4
3 165 258 3 5
3 182 253 3 4
10 179 254 5 5
10 247 270 6 4
8 134 334 8 12
6 391 196 22 13
1 309 218 1 4
1 307 218 1 4
