10 72 239 10 13
10 87 239 5 13
10 89 228 7 13
10 106 251 8 14
10 125 232 7 13
10 143 241 9 11
10 147 238 9 10
10 123 249 9 14
10 128 248 8 12
3 114 232 7 11
3 110 238 5 11
0 78 257 36 18
0 112 277 43 26
10 140 273 8 13
10 150 271 9 11
10 174 256 13 8
1 163 255 8 11
1 175 269 7 7
10 174 303 10 13
2 174 302 5 7
10 199 341 19 8
2 200 340 9 6
10 220 319 15 10
10 214 312 13 12
10 206 303 17 10
10 198 293 14 13
10 192 283 13 12
1 235 302 5 7
1 254 237 6 7
1 300 316 8 7
1 303 310 7 6
1 272 267 5 11
4 293 267 24 31
3 276 231 13 10
2 276 230 9 8
5 311 238 30 23
1 153 193 6 5
1 153 188 6 6
1 173 189 5 6
1 234 193 6 7
10 78 201 9 10
10 86 194 13 13
10 93 191 14 10
10 247 196 11 8
2 249 195 5 6
1 259 223 5 5
10 275 213 8 10
10 270 205 7 13
10 277 202 8 9
1 280 184 7 7
10 311 192 13 10
2 312 191 7 7
5 350 211 30 23
5 342 196 30 24
4 378 193 29 24
7 372 177 19 15
10 389 172 9 10
5 401 174 30 24
10 411 156 11 10
1 347 144 6 7
1 354 127 8 7
10 361 130 7 13
2 399 117 4 4
2 394 115 5 4
2 391 104 5 5
1 179 126 4 9
4 199 105 28 18
4 231 101 19 26
4 207 90 29 16
4 214 78 29 17
4 245 76 21 28
4 255 58 14 11
4 218 67 28 16
4 224 59 29 13
1 190 57 5 9
1 155 79 4 8
