4 155 196 1 1
4 158 195 1 0
4 159 198 1 1
4 156 199 0 1
4 156 201 1 1
4 156 206 1 1
4 156 207 0 1
4 157 209 1 1
4 156 212 1 1
4 159 201 1 1
4 160 199 1 1
4 161 201 1 0
4 160 204 1 0
4 160 205 1 0
4 161 207 1 1
4 162 205 1 0
9 161 232 2 2
4 159 233 1 1
4 159 241 2 3
4 159 247 2 3
4 166 229 2 2
8 174 234 2 2
4 162 237 1 2
4 158 255 2 4
4 158 262 2 4
4 149 281 5 5
4 157 279 3 5
4 165 281 3 6
4 157 298 3 6
4 162 298 3 6
4 168 304 4 8
4 170 315 5 9
4 171 330 5 10
4 173 341 5 11
4 167 347 5 10
4 161 345 5 10
4 177 359 7 10
4 130 304 5 6
6 114 312 18 17
6 107 318 19 19
6 108 314 15 13
5 133 331 4 8
4 122 348 4 8
6 113 340 8 10
4 194 308 6 8
8 409 176 12 6
4 394 197 17 6
4 380 196 7 11
5 371 196 8 12
4 356 199 7 11
4 348 199 7 10
4 340 201 6 10
4 332 204 7 9
4 324 207 7 9
4 311 214 8 9
4 298 223 7 8
4 317 191 8 7
4 299 203 8 5
4 293 201 5 7
4 293 211 8 8
4 285 209 8 8
1 251 209 2 2
8 273 208 5 4
4 271 207 6 7
4 268 206 6 6
4 264 206 6 6
4 262 204 7 7
4 260 203 6 6
4 258 203 6 6
4 255 203 6 6
4 253 202 6 6
4 250 200 5 6
4 248 200 5 5
4 239 188 3 2
4 242 188 4 2
6 247 199 6 7
4 245 199 4 5
6 265 192 8 4
4 293 170 3 7
4 291 170 4 6
4 288 171 4 5
4 285 172 5 5
6 283 168 7 5
4 267 181 5 4
4 269 181 5 6
4 266 180 6 5
4 264 181 5 5
5 260 180 4 5
4 259 175 5 3
4 254 176 4 2
4 242 173 3 2
4 233 176 3 4
4 234 194 3 3
4 231 176 3 4
4 230 176 3 4
4 237 169 2 3
4 236 170 3 4
4 234 170 2 4
4 216 167 2 2
4 215 167 2 2
4 211 168 2 2
4 210 169 2 2
4 209 169 3 2
4 207 170 2 2
4 206 167 1 2
4 200 169 1 2
4 198 170 1 1
