0 218 108 12 6
0 202 106 1 2
0 211 101 4 3
0 200 119 12 8
0 212 121 4 3
0 194 127 10 8
4 195 339 8 23
4 209 335 8 19
4 237 348 10 23
4 283 248 14 7
4 262 207 10 5
4 227 267 7 13
4 290 261 15 6
4 293 267 16 7
4 296 275 16 7
4 304 291 17 8
4 299 283 17 8
9 202 270 10 39
6 215 217 7 11
6 229 230 8 13
6 211 196 7 19
6 220 187 7 13
6 198 167 6 22
6 209 177 5 9
6 213 159 4 6
6 197 146 4 10
6 207 153 5 7
6 204 134 3 8
6 208 128 3 6
6 211 144 5 7
6 212 151 3 6
6 213 116 12 5
6 221 115 9 4
4 222 150 3 3
4 207 159 3 4
4 215 169 3 4
4 208 166 3 5
4 205 146 2 2
4 193 158 3 4
4 208 171 3 4
4 215 174 3 4
4 216 180 3 5
5 228 166 3 5
4 46 278 13 13
5 36 252 16 8
0 198 100 10 7
6 195 113 2 4
6 199 112 2 4
4 225 117 4 1
4 211 128 2 2
4 210 140 2 1
4 209 138 2 2
4 209 135 1 2
4 209 133 2 2
4 227 139 2 3
4 222 147 4 3
4 194 140 2 3
4 206 139 2 2
6 204 141 3 4
0 236 180 19 10
4 225 204 5 6
4 199 207 5 8
5 224 217 6 9
1 139 228 2 6
1 152 209 2 6
1 143 219 2 5
1 176 193 1 5
1 148 202 2 5
1 140 225 2 6
1 154 188 1 5
1 151 185 1 5
1 159 172 2 4
1 156 170 1 5
8 190 169 3 4
10 246 192 4 2
0 232 160 2 4
4 197 109 1 1
4 196 110 1 1
6 158 120 15 5
6 144 122 10 4
0 210 92 7 7
3 265 307 3 7
2 265 305 3 5
