9 258 313 19 24
4 224 239 11 19
4 181 223 10 16
10 180 168 3 7
4 209 149 7 11
4 220 143 8 12
4 325 232 11 19
4 269 162 8 10
9 266 147 10 16
9 267 120 15 23
4 281 125 8 9
4 275 115 6 8
6 258 126 15 22
6 243 103 8 12
6 266 97 11 11
9 166 141 12 33
4 156 118 6 8
4 176 97 5 7
1 64 304 4 6
1 58 264 5 6
1 70 245 3 5
1 77 234 4 6
1 89 226 3 5
1 85 230 3 4
1 80 228 3 6
1 111 159 2 3
1 104 156 2 5
1 110 146 2 5
1 103 135 4 6
1 134 128 2 5
1 132 131 2 4
1 141 126 3 5
1 137 124 1 3
1 137 126 2 4
1 123 133 2 4
1 125 131 3 4
1 126 129 3 4
1 124 128 2 3
1 120 127 2 2
1 122 129 2 3
1 117 129 2 4
1 115 130 2 4
1 116 132 2 5
1 118 134 3 5
1 119 143 2 4
1 113 142 2 3
1 113 146 2 2
1 115 145 2 3
1 117 144 2 4
1 122 166 2 4
1 132 153 3 4
1 124 162 2 4
1 126 173 3 4
1 98 166 2 4
1 73 245 3 5
1 91 247 4 5
1 125 270 3 6
1 120 284 5 5
1 51 323 5 4
4 239 95 6 4
