3 118 345 69 38
1 210 314 11 19
1 225 335 13 21
1 201 344 37 40
4 251 266 32 58
4 199 231 25 38
4 165 237 23 42
4 288 226 29 45
5 312 220 31 41
5 359 333 60 63
5 315 347 39 35
10 373 288 25 16
4 284 187 34 28
4 269 164 32 29
5 244 150 30 26
5 219 194 21 37
4 180 178 43 22
4 158 166 43 17
7 121 182 11 22
4 156 155 40 14
4 159 142 40 15
4 164 128 37 18
4 158 122 34 14
6 195 133 19 28
4 183 107 28 18
4 159 100 29 14
4 181 94 26 12
5 247 87 17 16
1 256 78 3 11
4 335 87 15 14
4 409 154 14 17
5 406 135 20 19
4 396 112 14 16
4 413 113 7 12
5 234 70 19 12
4 229 67 16 9
5 241 58 24 10
5 189 62 9 15
6 176 77 22 12
10 130 242 11 21
3 139 223 19 14
6 169 195 69 32
4 306 69 11 11
