1 386 101 3 4
1 358 109 3 4
1 355 128 4 6
2 347 138 3 4
1 352 140 2 4
1 364 158 3 5
1 357 166 3 3
2 362 184 4 3
1 358 186 2 3
10 368 239 9 5
10 378 241 7 4
2 385 278 3 5
10 273 61 8 5
10 272 69 7 4
10 273 72 7 3
10 271 76 7 3
10 272 81 5 5
10 271 82 7 5
10 269 89 8 5
10 269 94 8 4
10 266 107 8 4
10 265 120 7 5
10 264 123 7 3
10 264 125 7 4
10 263 128 8 4
10 247 88 7 4
1 245 89 2 5
10 239 115 7 4
10 238 122 8 4
10 238 127 8 5
10 237 136 7 4
10 236 139 6 3
1 235 147 2 4
10 228 174 9 5
10 223 180 8 5
8 221 188 10 9
10 249 210 8 7
10 247 223 8 4
10 212 196 5 7
10 199 196 3 8
8 207 196 10 10
10 193 199 4 8
10 205 223 6 8
3 192 202 4 6
10 162 195 4 8
10 158 196 3 8
10 162 208 4 8
10 156 208 3 8
10 246 235 9 5
10 245 240 10 4
10 244 248 8 4
10 244 252 9 3
10 246 271 8 4
10 247 280 8 6
10 248 288 8 5
10 249 294 8 7
10 240 301 9 5
10 267 306 11 5
10 261 323 8 4
10 262 328 10 6
10 267 332 7 3
10 267 336 8 4
10 246 359 8 10
10 162 352 7 10
10 155 347 8 8
10 151 343 9 5
10 163 309 6 8
3 222 256 3 8
8 194 225 5 12
10 129 203 7 4
10 136 221 5 8
10 132 219 6 9
10 129 217 6 9
10 125 213 6 9
10 58 182 3 9
10 14 164 9 12
10 47 204 8 5
10 78 224 9 5
10 66 233 8 4
4 25 180 22 12
4 50 191 20 14
4 55 246 18 13
10 47 255 13 5
10 54 261 11 5
10 59 265 10 8
10 72 275 9 6
10 78 281 10 8
10 83 286 11 6
10 90 289 6 9
10 145 304 6 6
10 119 282 3 10
10 114 311 9 6
10 119 313 7 6
10 119 317 10 7
10 128 323 6 8
10 132 325 7 8
10 136 328 7 8
10 75 260 5 9
8 87 165 12 11
6 248 74 8 19
1 256 74 2 5
1 265 76 2 6
1 252 99 2 6
1 248 110 2 5
1 219 169 2 4
1 247 194 2 5
1 216 214 2 4
1 213 215 2 5
1 215 219 2 3
1 231 264 3 4
1 198 252 2 3
8 237 263 6 18
2 240 300 3 5
1 221 255 3 3
2 247 359 5 5
6 282 359 13 11
2 164 309 4 4
2 77 223 5 3
2 66 233 4 3
2 46 203 4 3
4 97 260 24 19
4 108 288 23 21
4 133 292 21 22
4 152 228 18 21
4 151 248 20 20
4 164 263 21 20
4 178 244 19 21
4 189 252 20 23
4 198 277 22 19
6 162 283 27 20
5 210 317 25 26
4 198 335 24 27
4 176 346 23 24
