4 147 125 5 12
1 149 136 2 2
1 200 98 1 2
4 225 57 13 6
4 225 64 11 5
5 225 76 13 6
5 225 89 14 6
4 225 110 13 5
6 225 123 16 8
2 212 87 1 3
3 211 85 1 4
4 225 83 11 5
5 256 57 12 6
6 257 64 10 6
5 257 75 12 6
1 271 76 1 3
5 258 115 10 5
5 258 109 10 5
4 257 82 10 5
4 257 88 12 6
4 257 95 12 6
4 257 102 12 5
1 283 115 2 2
2 280 129 1 2
10 280 129 3 5
4 257 155 12 5
4 257 167 12 5
5 258 174 12 5
4 259 202 11 4
4 262 338 11 7
4 262 315 12 6
1 251 308 1 2
1 248 308 1 2
6 229 317 16 8
6 212 318 17 8
6 211 307 17 8
6 261 294 18 6
6 211 295 17 7
6 210 275 17 6
6 263 270 17 6
6 263 237 17 6
4 209 265 13 5
4 227 167 12 5
6 208 181 17 6
5 112 173 5 10
4 363 64 12 6
4 393 64 12 6
5 392 54 11 3
4 385 217 10 9
4 378 255 11 10
