4 177 261 61 39
4 150 245 60 34
4 276 166 14 15
4 341 234 59 36
5 224 148 24 12
4 308 150 15 12
4 387 143 17 9
4 380 136 17 6
1 329 203 5 16
1 289 261 11 23
1 373 309 20 29
1 9 317 16 29
1 84 266 10 22
1 35 213 7 16
1 74 206 7 15
1 71 182 6 12
3 219 285 18 21
3 314 259 19 19
2 315 253 10 17
1 394 349 19 24
1 409 348 15 25
1 389 173 5 14
4 198 316 82 52
4 222 340 89 48
1 202 235 11 19
4 214 191 37 20
1 359 181 4 12
1 355 179 6 14
1 293 166 3 14
1 260 132 2 6
1 165 139 1 6
11 154 136 9 7
4 142 128 7 6
4 121 140 19 7
1 84 153 6 8
1 65 186 7 12
3 6 224 11 8
3 107 219 18 9
1 106 213 4 14
2 96 207 8 11
2 101 207 10 13
10 102 210 15 11
10 190 149 3 5
2 190 146 2 5
10 346 170 11 6
4 16 150 19 11
4 5 146 7 11
4 51 149 16 9
4 58 141 12 8
4 67 139 10 8
4 121 129 10 6
4 86 141 17 10
4 82 137 16 5
4 89 136 14 5
4 94 146 19 8
4 93 134 12 4
4 93 133 17 6
4 96 131 11 5
4 90 130 12 4
4 90 128 15 5
4 91 125 15 5
4 91 124 13 5
4 90 123 13 5
4 120 133 8 7
4 179 128 8 9
6 153 131 13 12
1 102 138 3 6
1 109 139 2 5
1 107 139 2 6
0 108 127 8 8
4 116 125 6 5
4 115 122 5 4
4 113 121 4 5
1 109 123 2 4
1 103 128 2 4
1 105 120 2 4
2 133 130 1 3
10 133 132 2 5
9 189 116 20 11
4 101 118 10 4
4 101 116 9 4
4 104 114 9 5
4 99 112 8 2
4 98 110 8 2
4 96 106 4 3
4 394 122 10 4
4 329 124 8 4
4 322 124 10 7
4 314 125 9 6
4 305 125 7 5
5 286 122 10 6
