1 13 177 6 8
1 53 193 3 6
1 82 199 9 13
1 58 217 5 10
1 31 176 4 6
1 60 213 5 9
1 72 212 2 8
1 109 215 3 7
0 123 210 27 15
1 113 223 4 7
1 120 226 5 10
1 125 228 4 8
1 137 231 5 11
1 146 232 6 11
1 156 236 3 10
1 170 238 4 9
1 189 242 4 10
1 205 245 3 8
1 212 251 2 7
1 214 250 6 13
1 219 235 5 11
1 230 248 4 8
1 232 256 4 9
1 241 252 4 12
1 242 248 2 8
1 229 269 4 8
1 236 270 5 10
1 245 267 8 12
1 257 263 3 8
1 261 265 3 8
1 256 280 5 8
1 269 259 5 10
1 280 256 5 6
1 302 251 2 7
1 302 245 5 13
1 289 294 5 8
1 299 294 8 12
1 327 291 6 13
1 341 289 4 6
1 347 292 5 9
1 357 290 7 8
1 327 282 5 7
1 329 276 4 8
1 339 276 6 9
1 396 281 11 13
1 400 305 5 8
1 351 315 8 9
1 378 320 9 9
1 396 315 7 9
1 405 303 5 8
1 402 294 10 11
1 209 230 6 9
1 237 234 2 9
1 234 229 3 9
1 372 263 8 13
1 385 267 8 10
1 390 258 6 12
1 407 265 5 11
1 413 266 5 12
1 71 310 6 11
1 8 321 9 8
