2 392 291 3 5
10 392 293 5 4
4 168 357 21 15
4 128 335 18 16
4 114 300 12 10
4 86 282 10 7
4 74 270 7 6
4 83 263 7 5
4 82 256 5 3
4 56 249 5 4
4 57 240 5 2
4 48 235 3 2
0 53 227 16 7
9 42 226 6 3
4 29 226 3 2
4 35 237 4 2
4 37 245 4 3
4 45 249 4 4
4 47 253 5 5
4 47 258 5 3
4 48 262 8 5
4 49 265 6 7
4 51 270 8 6
4 51 274 8 6
4 56 279 8 7
4 57 285 8 8
4 61 294 10 8
4 64 303 11 12
4 69 314 12 13
4 71 327 14 14
4 85 354 18 20
4 51 342 16 21
4 61 360 17 9
4 49 322 13 15
4 49 312 11 11
4 46 303 11 11
4 45 292 10 11
5 43 286 8 9
4 43 281 7 8
4 40 276 7 7
4 38 271 8 6
5 40 266 5 6
4 38 264 5 5
1 29 273 2 5
4 29 256 6 7
9 38 254 7 14
4 28 246 3 4
4 28 239 2 6
