9 265 203 63 32
9 334 189 43 20
9 390 177 40 18
9 191 220 51 25
4 251 145 7 10
4 239 113 7 7
4 230 102 11 6
5 251 126 5 11
5 247 118 6 8
6 222 96 7 7
10 152 230 5 14
10 145 231 4 14
10 140 232 7 15
10 129 236 6 13
10 122 236 6 15
10 118 238 5 14
10 112 238 5 14
10 97 243 5 13
10 91 243 5 16
10 80 247 4 10
10 74 248 5 12
10 68 248 7 16
10 55 253 4 12
10 50 253 7 15
10 40 258 5 13
10 107 240 7 13
10 103 242 8 13
10 85 244 5 14
10 61 249 7 16
5 16 262 31 21
1 158 213 6 9
1 173 208 4 8
1 102 226 5 9
1 82 234 4 6
1 57 237 9 11
1 130 298 5 10
1 184 280 3 10
1 185 278 2 5
1 200 280 5 10
5 190 315 13 19
4 252 286 13 24
4 270 282 11 23
1 220 323 3 5
1 256 263 4 10
1 309 312 4 9
1 317 304 5 10
1 311 307 2 6
1 314 307 3 8
10 316 276 7 14
1 376 227 5 10
1 339 176 5 7
1 318 178 3 7
1 265 184 4 5
1 265 185 3 3
11 61 142 26 13
11 15 170 13 20
4 17 162 10 11
4 8 147 10 11
4 30 143 8 10
4 5 173 8 15
4 5 164 9 12
10 43 143 4 6
10 38 144 5 8
10 94 136 3 7
10 97 134 2 7
10 91 136 2 7
10 87 137 4 7
10 82 137 3 7
10 104 96 2 4
10 101 96 2 4
4 118 104 5 6
4 120 100 11 5
4 96 110 14 4
4 95 106 14 3
5 120 98 12 5
5 117 96 12 6
1 161 187 2 5
1 164 173 2 6
1 170 166 2 6
1 170 162 2 5
1 170 126 1 4
1 170 120 2 3
1 153 96 1 3
1 156 103 1 4
1 169 118 1 3
1 251 108 2 4
