5 9 207 16 8
4 56 318 21 14
4 69 311 22 17
4 114 281 18 15
7 112 267 12 14
4 153 257 17 11
5 168 247 14 10
4 190 230 13 8
4 183 234 14 9
4 201 225 15 8
4 204 220 14 7
4 210 216 14 7
4 262 159 9 3
4 262 157 7 3
4 266 155 8 4
4 269 154 7 3
4 271 153 7 3
4 272 151 6 3
4 275 150 6 3
4 277 149 7 3
4 335 137 3 2
5 320 129 3 3
4 329 131 2 2
4 336 131 2 2
4 318 134 6 2
4 318 133 7 2
4 325 136 6 2
4 325 135 6 2
4 326 134 6 3
4 340 131 3 2
0 333 129 2 2
4 290 139 4 2
1 305 135 1 2
4 318 122 3 1
4 394 159 10 4
4 392 155 9 3
