9 129 182 63 27
6 115 206 51 28
4 176 156 19 31
4 199 163 19 35
4 222 161 17 33
5 249 157 20 34
5 274 158 18 29
5 192 253 21 43
4 215 254 21 44
4 245 260 22 48
6 272 266 24 52
10 116 261 9 16
8 132 252 18 27
7 321 186 22 15
8 177 110 13 15
5 198 110 17 29
4 217 109 13 21
4 236 112 14 27
2 246 123 3 4
4 252 112 13 17
2 340 119 6 8
3 340 122 5 12
10 385 101 12 9
10 384 111 12 9
1 324 154 3 8
1 327 154 5 10
10 394 125 12 7
10 393 128 12 7
10 383 130 11 10
10 374 130 7 11
10 372 137 10 11
10 391 148 16 9
10 389 152 15 8
8 365 152 18 21
8 396 169 25 17
10 402 178 14 9
10 396 184 14 9
1 382 197 9 10
10 408 197 15 9
10 410 212 12 9
3 398 203 16 10
10 330 172 11 13
2 358 163 8 6
7 360 167 13 17
3 347 245 9 14
3 338 241 8 14
7 345 259 13 23
7 373 282 24 31
