4 208 156 20 17
4 192 138 19 14
4 167 135 18 13
4 151 146 29 14
4 121 175 19 22
4 100 175 24 30
4 241 125 19 12
4 306 124 21 14
4 330 111 19 10
4 208 65 9 5
4 216 73 9 5
5 170 76 12 11
4 304 105 19 10
4 293 97 17 9
4 316 97 16 8
4 378 120 22 13
4 345 108 17 9
4 373 104 16 8
4 365 102 16 8
4 221 206 37 22
4 221 191 36 17
4 255 166 29 14
4 224 144 27 13
4 233 151 26 13
4 220 139 27 13
4 212 133 21 11
4 204 128 23 12
4 200 123 21 10
4 191 118 23 10
4 186 113 19 10
4 181 109 17 10
4 178 106 19 8
4 175 103 18 7
4 171 100 20 8
5 161 93 16 8
4 155 88 15 8
4 161 72 8 6
4 165 66 7 6
5 155 67 8 7
4 153 60 6 5
1 174 84 3 6
10 128 147 11 8
3 168 122 5 6
4 157 174 36 16
4 152 164 37 15
4 179 195 36 18
4 178 213 35 18
4 123 202 38 17
4 72 181 19 25
1 28 185 5 10
1 26 184 5 10
4 191 55 5 4
5 216 61 7 5
4 209 55 6 4
4 232 66 7 5
4 255 76 10 6
4 274 82 13 7
1 243 71 2 5
1 239 71 1 5
1 236 70 1 5
1 233 69 1 5
1 235 69 2 6
1 239 70 2 5
1 210 60 1 5
1 204 57 1 4
4 238 59 10 5
4 233 59 10 5
6 273 140 24 21
1 280 150 4 11
1 291 146 4 9
1 323 158 3 10
1 320 156 4 10
1 356 145 5 9
1 357 106 4 8
4 332 89 15 9
1 236 209 4 13
