5 42 98 19 12
4 78 312 26 15
5 73 297 25 14
4 80 288 26 13
4 84 276 23 14
4 89 265 23 13
4 97 256 23 14
4 103 243 24 12
4 108 232 21 12
4 110 221 21 11
4 114 213 18 10
4 117 204 21 12
4 123 199 20 11
4 141 186 17 12
4 127 191 19 12
4 143 179 19 9
4 145 173 18 9
4 139 202 12 15
4 118 251 15 21
4 130 218 13 19
4 211 180 12 19
4 222 182 10 16
4 253 151 15 15
4 266 169 17 16
4 263 147 12 13
4 283 152 15 15
4 281 164 13 15
4 310 207 19 21
4 330 226 19 21
4 350 247 20 21
4 344 206 20 22
4 405 263 21 25
9 233 122 27 38
9 301 182 27 24
5 248 129 13 18
5 227 138 13 16
5 302 168 16 18
5 289 187 17 18
5 367 225 21 22
6 378 269 24 30
5 353 230 19 23
5 382 258 23 24
4 409 283 14 19
6 54 119 20 21
