2 97 272 7 6
2 102 273 5 5
10 98 273 18 9
10 3 153 5 17
10 11 154 7 16
10 57 164 7 16
10 41 180 11 11
10 50 178 7 17
10 63 165 5 14
10 69 166 7 15
10 75 168 8 13
10 82 167 10 16
10 65 144 7 14
10 80 131 4 9
10 73 129 6 9
1 114 139 7 8
10 102 173 8 10
10 97 186 10 16
10 102 189 7 13
10 123 172 7 14
10 169 166 6 13
10 161 163 6 16
10 176 167 7 15
10 181 149 5 12
10 175 147 5 13
10 170 147 5 12
10 164 146 5 11
10 154 197 9 13
10 189 200 15 7
10 156 182 7 13
10 162 183 5 14
10 167 184 5 14
10 184 187 4 13
10 192 189 5 13
10 202 190 6 13
10 199 205 4 13
2 215 217 3 8
2 218 217 5 6
10 215 217 13 6
10 221 208 15 11
10 214 192 4 14
10 227 176 4 11
10 222 192 5 15
10 230 193 6 16
10 225 156 4 13
10 232 158 4 12
10 238 158 5 13
10 237 177 5 14
10 239 195 5 16
10 262 216 13 13
10 289 219 11 14
10 258 197 6 18
10 265 198 5 17
10 259 180 5 14
10 265 163 4 12
10 270 163 5 12
10 270 201 4 13
10 274 202 4 13
4 351 212 17 32
4 357 239 39 19
4 401 241 31 18
4 275 250 39 19
