1 125 347 7 17
1 132 345 6 19
1 138 347 6 18
1 147 352 7 17
1 149 330 6 18
1 139 329 6 17
1 133 329 7 16
1 153 286 4 13
1 149 286 5 11
1 170 259 4 12
1 169 240 3 9
1 172 239 3 9
1 175 240 3 9
1 159 236 2 9
1 162 235 3 8
1 173 224 2 8
1 173 216 3 7
1 184 216 2 8
1 204 204 2 6
1 177 202 2 7
1 179 200 2 6
1 174 199 1 5
1 173 196 1 5
1 176 192 1 4
1 176 196 2 5
1 178 193 1 5
1 179 193 2 5
0 179 186 8 7
1 205 183 2 4
1 207 180 2 4
1 175 180 2 4
4 194 175 9 4
1 214 175 1 3
10 214 176 4 2
1 215 174 1 4
11 174 175 4 2
1 125 177 2 4
1 130 177 2 4
1 140 177 2 4
1 143 174 1 4
1 142 174 1 4
1 156 172 1 4
10 220 174 4 3
1 411 191 3 5
1 403 187 3 5
1 381 183 2 5
1 305 169 2 4
0 274 159 7 7
5 270 144 3 3
0 150 141 29 6
