1 62 193 1 2
1 68 190 1 3
1 86 188 1 2
1 152 177 1 2
1 167 176 1 2
4 157 198 7 4
4 109 203 8 4
4 20 210 10 4
4 31 224 10 5
4 74 216 10 5
6 7 227 13 10
4 3 222 5 3
6 52 215 15 9
2 30 200 1 2
3 29 201 3 2
9 108 209 13 7
4 134 205 7 4
9 167 199 12 8
5 187 190 8 5
5 201 194 9 4
4 220 192 8 4
4 223 185 8 3
5 244 184 10 4
6 251 185 19 9
4 267 185 8 4
5 274 181 8 4
9 286 170 12 4
4 298 178 7 3
1 241 164 1 2
1 257 153 1 2
1 204 170 1 2
1 218 167 1 3
2 189 174 0 1
3 188 175 2 2
0 254 201 3 3
3 284 234 3 2
3 282 232 3 2
5 316 178 9 5
5 354 134 4 5
4 354 138 4 4
5 359 137 4 4
6 365 140 8 8
4 359 141 4 4
4 363 145 4 2
9 368 148 7 7
5 361 146 4 5
4 367 151 4 4
4 371 156 4 5
4 374 155 4 4
5 304 164 6 3
6 310 165 13 5
4 311 172 6 2
4 317 169 6 2
4 320 171 8 2
5 315 163 6 3
4 317 161 7 2
4 327 161 6 2
4 326 163 6 2
5 323 166 7 3
6 328 167 10 5
6 332 170 9 4
9 332 178 21 8
4 338 168 6 2
4 343 174 6 3
4 344 170 6 3
4 335 166 6 2
4 333 165 5 3
4 336 161 6 2
4 339 163 5 2
5 343 165 7 3
5 346 167 6 3
1 340 295 2 3
1 326 281 1 3
1 325 279 1 3
1 323 278 1 3
1 326 278 1 3
2 375 318 2 2
3 374 318 3 5
4 397 178 7 3
4 382 176 6 3
4 412 176 8 3
6 373 147 10 10
6 411 204 11 15
4 403 203 7 8
