1 110 326 16 23
1 85 133 5 14
1 4 244 6 9
1 3 261 4 6
1 16 248 15 15
1 19 273 17 17
1 34 235 12 16
1 62 257 16 17
1 67 209 10 14
1 97 203 5 14
1 94 197 6 11
1 97 239 6 14
1 102 250 5 11
1 111 252 9 13
1 128 206 3 10
1 126 200 5 7
1 145 229 9 13
1 137 224 6 13
1 155 218 7 11
1 193 222 8 14
1 196 211 7 14
1 224 200 6 13
1 234 206 6 12
1 243 219 7 12
1 269 209 8 14
1 290 197 9 14
1 323 185 8 16
1 336 180 6 13
1 332 174 7 13
1 349 190 6 13
1 366 186 7 14
1 409 180 10 15
1 300 120 6 10
1 283 130 5 9
1 296 144 5 12
1 344 147 5 15
1 205 155 7 15
