4 255 214 22 44
1 119 242 11 6
1 134 234 10 6
5 131 84 22 34
5 169 98 18 43
4 192 120 16 38
1 195 139 8 9
4 167 284 22 46
10 67 355 13 19
3 81 231 8 17
10 109 96 6 14
4 174 65 24 24
4 215 84 17 36
4 286 76 18 32
6 270 107 24 54
1 251 147 6 10
1 221 177 5 10
1 287 133 7 10
1 266 105 8 10
1 249 90 8 12
2 235 85 6 8
10 235 87 6 19
10 250 95 10 19
4 316 67 38 21
4 396 59 40 13
1 373 140 12 11
1 296 125 7 9
1 285 120 5 12
1 284 128 4 8
1 266 138 7 9
5 310 284 24 48
2 281 288 8 9
3 280 289 5 19
4 397 231 38 21
8 299 139 10 22
