4 118 274 27 46
4 151 260 23 37
4 187 220 18 31
4 176 307 25 46
4 155 156 17 23
4 180 141 13 20
4 190 109 14 17
4 201 130 13 21
4 197 167 17 25
5 132 227 23 32
5 164 77 10 16
4 215 81 10 12
4 209 59 8 9
4 181 62 11 14
4 146 185 20 26
4 170 186 17 25
4 94 340 39 49
4 132 342 31 45
4 33 60 20 10
6 21 64 31 14
10 68 62 3 7
10 26 91 10 8
10 16 83 8 8
10 117 65 3 7
10 51 171 11 12
4 169 58 12 10
10 271 60 3 7
10 291 136 4 10
10 265 147 5 11
1 322 85 3 8
1 319 85 2 7
1 320 75 2 7
1 317 75 2 8
1 300 68 3 8
1 305 68 3 8
1 310 71 2 6
1 313 72 2 6
1 315 72 2 7
10 68 133 10 11
2 68 60 2 3
2 116 63 2 2
2 15 81 3 2
2 25 89 4 4
2 68 131 5 4
2 52 168 4 5
2 271 58 2 3
2 291 134 3 4
2 266 144 2 4
