4 147 344 60 41
4 83 337 73 54
4 61 310 72 59
4 209 277 50 48
4 179 257 46 36
4 141 250 47 36
1 140 198 8 11
1 150 191 5 15
2 139 196 5 8
2 151 187 3 8
4 88 175 36 22
4 61 177 36 22
4 104 155 33 18
4 142 141 26 16
5 171 127 22 18
5 191 118 18 13
4 211 109 17 12
1 46 149 7 12
1 12 120 6 10
1 21 113 5 10
1 74 68 2 5
4 15 85 21 8
4 28 80 18 6
4 17 66 19 6
4 12 64 14 6
4 7 64 13 6
4 23 61 17 6
4 7 57 12 4
4 6 63 10 7
9 73 60 22 10
4 43 55 10 5
4 36 55 8 4
0 29 54 3 3
10 85 67 4 7
1 270 211 5 15
1 279 203 6 13
9 263 128 35 33
1 245 96 3 8
1 230 91 2 8
1 225 88 2 8
10 238 89 6 7
1 238 88 2 5
4 393 136 22 20
0 366 102 17 17
0 346 83 15 12
0 329 63 38 15
5 230 65 15 7
4 229 70 13 6
9 199 69 38 16
4 152 65 10 5
4 158 62 7 4
4 125 62 8 5
0 169 62 8 5
0 139 62 11 6
0 146 58 11 6
1 364 67 3 5
1 389 63 2 5
0 292 171 7 19
