9 5 113 9 19
9 5 98 9 13
9 13 104 9 21
1 11 116 1 2
1 16 118 1 2
1 20 147 2 2
1 5 194 3 2
1 35 223 2 2
1 26 216 2 2
1 3 192 1 1
1 2 192 2 2
1 18 186 2 2
1 25 192 2 1
1 35 187 2 2
1 30 187 2 2
1 34 187 2 1
1 35 182 2 2
1 31 183 1 2
1 33 176 1 2
1 31 172 2 2
1 35 174 2 2
1 42 177 2 2
1 46 164 2 2
1 51 167 2 2
1 47 171 2 2
1 30 175 2 2
1 29 175 2 2
1 18 188 2 2
1 28 215 2 1
1 28 217 2 2
1 28 220 2 2
1 29 219 2 2
1 50 213 2 2
1 62 206 2 2
1 49 188 2 2
1 46 201 2 2
1 45 170 2 2
1 45 188 2 3
1 44 193 2 2
1 49 195 2 2
1 24 191 1 2
1 58 216 2 2
1 47 212 2 2
1 71 219 2 2
1 111 219 2 2
1 78 222 2 1
1 74 228 1 1
1 72 231 1 2
1 76 223 2 1
1 51 239 3 2
1 74 282 1 2
1 53 307 2 2
2 12 285 2 1
2 14 271 2 1
2 113 221 1 2
3 113 221 1 3
3 12 285 1 3
3 14 271 2 2
1 27 264 2 2
1 26 272 2 2
6 39 307 18 8
6 41 284 21 8
1 156 229 1 2
9 100 275 26 10
5 103 266 21 8
5 102 259 25 11
4 133 196 4 8
1 117 211 1 1
4 133 166 3 6
4 149 150 5 6
4 146 157 5 6
4 149 140 8 7
5 149 135 6 6
4 154 109 6 5
4 146 107 7 5
5 151 106 6 5
4 180 306 5 11
4 191 292 5 11
6 210 306 6 30
6 182 271 8 24
6 211 242 6 21
6 220 237 8 27
9 211 214 5 13
4 181 241 5 10
4 193 231 4 9
4 203 201 3 8
4 190 210 5 8
4 195 177 3 7
4 189 159 4 8
6 188 177 5 17
5 211 173 3 9
5 195 154 4 7
4 205 159 4 9
4 211 144 3 8
5 205 131 3 8
6 191 121 5 17
6 206 111 4 12
5 197 108 2 6
4 212 119 3 6
10 197 134 1 2
10 196 125 1 3
2 196 125 1 2
2 197 134 1 2
