1 45 216 10 23
1 298 242 9 32
1 369 250 18 33
1 228 193 6 15
1 247 193 6 15
1 120 228 11 24
2 122 221 5 10
2 238 195 5 8
1 70 187 3 12
1 67 187 5 15
1 57 188 8 14
1 51 188 7 14
1 46 188 5 13
1 42 187 5 14
1 70 187 5 15
1 64 185 6 15
1 50 184 6 15
1 44 187 4 16
2 65 189 5 8
2 64 188 6 10
2 59 187 5 9
1 16 167 3 8
1 16 168 4 9
2 88 186 11 10
2 107 182 8 8
1 90 181 6 11
1 87 181 4 12
3 76 187 12 8
10 26 190 14 12
10 32 187 12 8
3 35 191 13 9
3 36 191 11 8
5 23 163 19 6
5 6 161 10 6
4 15 161 13 7
5 23 160 13 8
4 9 160 12 6
4 72 162 14 6
4 112 162 11 6
5 101 160 11 6
5 111 158 9 6
4 122 160 9 4
2 82 163 3 5
4 107 160 8 5
0 137 157 24 7
1 148 167 2 5
2 134 176 3 6
2 145 175 5 5
2 151 172 3 5
2 154 172 2 5
2 174 170 3 5
2 185 169 3 5
3 160 172 6 5
2 163 165 2 5
0 201 157 12 5
1 201 160 1 3
1 205 160 2 4
4 221 163 10 4
5 239 165 10 5
4 238 164 9 5
1 211 156 1 3
1 286 170 3 6
2 276 167 2 4
2 293 167 2 4
10 292 168 6 4
10 277 169 4 2
1 321 167 2 5
1 319 167 2 4
2 329 168 5 5
0 17 155 23 6
