1 290 211 6 13
2 283 241 7 11
2 233 237 8 12
2 231 217 4 10
2 77 209 5 9
2 258 146 3 4
2 246 137 3 4
7 12 115 5 6
1 7 136 3 7
8 19 150 7 9
2 19 150 3 4
6 15 175 27 30
7 78 211 8 10
8 77 232 17 19
6 81 277 75 96
10 283 243 7 12
10 234 240 6 13
10 231 219 5 11
2 245 193 5 8
7 245 191 8 18
8 232 193 8 17
10 258 148 3 6
10 246 139 2 5
3 244 131 2 4
2 244 130 2 4
2 244 126 2 3
10 244 126 2 3
1 223 150 4 9
2 249 128 2 4
2 255 126 1 3
2 258 121 2 4
2 257 116 1 3
7 249 129 3 4
10 255 128 2 4
10 258 122 3 3
10 257 117 1 3
10 254 112 1 2
2 254 110 1 3
1 261 117 2 3
1 284 121 2 4
10 275 116 3 2
5 264 120 10 7
6 238 112 7 7
5 237 109 4 5
8 252 107 3 5
2 253 103 2 2
7 253 103 3 4
7 249 99 3 3
6 248 97 3 4
2 244 95 1 2
2 251 95 1 1
2 252 95 1 2
10 244 96 1 2
10 251 96 1 1
10 252 96 1 2
8 245 94 1 3
0 250 93 6 2
4 225 111 5 6
4 226 108 4 4
4 218 110 7 5
11 266 136 12 18
4 341 133 16 9
2 336 141 3 4
10 337 142 6 3
2 354 144 3 5
7 354 145 8 5
2 395 155 3 6
10 394 156 6 5
1 166 100 1 2
0 155 96 8 4
4 240 100 3 3
4 240 97 2 3
