4 50 144 19 8
4 59 177 23 10
4 64 170 23 9
4 65 166 21 7
4 75 137 18 8
4 83 143 19 7
4 71 147 19 6
4 92 154 16 5
4 65 159 19 8
4 88 159 20 8
1 100 225 2 7
1 99 224 2 6
1 123 252 3 9
1 106 251 4 8
1 111 272 3 8
1 150 281 4 9
1 149 266 4 10
1 157 261 3 11
1 171 239 5 10
2 162 184 3 5
2 149 179 2 4
10 162 187 3 7
10 149 182 3 8
4 155 71 6 5
4 174 109 7 7
4 170 117 6 8
4 176 137 7 8
4 193 153 8 11
4 186 168 9 12
4 207 190 11 16
6 194 190 13 27
4 190 270 27 21
4 261 285 19 26
2 271 193 2 4
10 270 195 3 7
1 268 155 1 5
1 242 164 2 5
1 260 153 2 4
4 278 231 27 15
4 289 351 23 27
2 310 271 2 4
10 308 273 5 9
1 304 194 3 6
4 352 217 23 11
1 363 305 4 10
2 411 295 4 5
10 410 296 11 6
4 410 208 13 13
