4 188 258 12 16
4 210 282 15 20
6 190 211 12 16
6 280 327 66 74
4 239 252 12 14
4 297 263 32 12
6 204 230 16 22
4 344 256 26 12
4 346 240 22 10
4 334 235 20 8
4 330 228 22 7
8 228 212 6 7
4 207 200 6 4
6 215 198 7 7
6 194 193 7 8
4 186 182 3 3
4 192 182 4 3
4 202 180 4 3
4 212 179 9 2
4 187 174 3 2
0 182 174 4 3
4 191 176 3 3
4 198 177 3 2
8 337 218 8 5
2 390 259 3 7
4 301 201 14 7
4 307 198 10 4
4 284 193 6 4
4 262 185 7 3
4 264 180 5 2
4 227 169 2 1
6 226 166 1 1
6 202 176 2 3
5 197 174 2 2
4 196 171 2 2
4 198 169 1 2
4 195 170 2 1
4 194 168 2 2
4 197 168 1 2
6 189 165 2 2
6 195 166 2 2
6 195 167 2 1
1 193 167 1 1
4 186 161 3 1
4 186 163 1 1
4 187 163 1 1
0 192 161 7 8
