6 148 233 32 44
4 236 292 19 41
4 234 250 19 32
4 234 217 15 28
4 237 189 13 21
4 239 169 14 17
6 243 145 16 27
4 173 145 17 17
4 189 121 10 16
4 196 104 10 12
4 247 107 11 10
4 245 118 12 10
4 244 130 11 11
1 228 124 2 7
1 230 125 2 8
1 233 125 2 7
10 234 126 3 7
4 199 95 9 11
4 205 87 8 12
4 209 79 10 10
4 248 95 9 11
4 252 86 10 12
5 253 76 17 11
4 257 65 8 8
4 214 70 8 8
4 219 63 8 8
4 224 57 10 7
4 261 58 8 5
4 330 67 14 5
4 329 69 11 4
4 330 72 13 4
4 329 77 13 6
4 330 84 17 6
4 332 91 17 6
