3 404 270 13 8
5 406 335 21 40
3 362 328 9 12
4 301 348 40 33
4 267 312 32 31
5 245 280 19 24
4 207 319 22 31
4 196 292 19 24
5 230 264 18 17
4 279 245 27 11
4 187 268 15 16
4 217 251 16 13
4 179 252 12 14
4 208 238 13 10
4 200 229 11 8
4 174 240 11 12
4 170 230 10 10
1 186 227 3 7
1 192 223 2 6
1 191 224 2 3
4 191 213 9 8
4 187 201 5 5
5 165 220 8 9
5 163 214 6 9
4 162 210 7 8
4 160 206 9 6
1 162 200 1 5
4 179 201 7 6
4 176 198 6 5
1 145 198 2 3
1 146 203 2 4
1 130 200 1 4
1 124 204 1 4
1 120 203 2 4
1 113 205 2 5
1 118 189 1 4
1 135 198 1 4
1 111 204 2 4
7 134 200 2 4
1 134 198 1 4
5 173 193 5 6
4 157 201 6 6
4 155 197 5 5
4 154 194 4 5
4 170 191 5 4
4 169 188 4 4
4 167 186 4 4
4 165 184 4 3
4 158 186 4 4
4 150 184 4 3
4 154 180 3 3
1 147 182 1 3
4 147 178 3 3
4 162 181 4 3
6 161 179 6 4
5 158 175 3 3
4 157 175 3 2
4 156 173 3 2
5 155 171 2 3
4 154 170 2 2
4 153 169 2 2
4 152 168 2 1
4 152 167 2 1
6 146 175 4 4
4 145 172 2 2
0 138 160 41 10
0 142 168 5 5
4 147 167 2 2
0 305 176 16 11
1 316 213 2 6
1 318 213 1 6
2 317 212 1 2
2 257 201 2 3
1 280 195 1 4
2 304 197 1 2
1 312 192 1 3
4 291 191 11 5
2 301 195 1 3
4 298 193 12 4
1 299 190 1 4
1 294 188 1 4
1 295 188 0 2
1 269 186 1 3
1 259 184 1 3
4 233 176 5 3
10 242 178 2 2
1 238 186 1 2
1 242 187 2 2
1 252 183 1 2
1 255 182 1 3
0 229 182 15 5
4 233 166 4 2
0 321 191 8 3
6 109 159 3 2
4 74 162 5 1
1 14 185 2 2
1 23 180 1 3
1 28 175 1 2
5 3 181 4 4
1 30 198 2 4
1 26 199 2 4
1 27 198 1 4
1 21 198 2 4
1 21 197 2 4
4 31 176 3 3
4 24 176 4 4
5 46 170 6 2
1 53 176 1 2
1 54 176 1 2
0 16 168 5 8
1 33 168 1 2
4 42 170 4 1
4 38 170 6 2
4 40 174 7 2
4 40 173 6 2
4 37 173 6 2
4 22 171 6 2
4 25 172 5 2
4 28 172 4 2
5 30 172 6 2
4 32 172 6 2
4 34 173 5 2
