0 252 80 6 5
0 245 91 5 6
0 272 88 9 5
0 258 90 6 6
0 250 98 2 3
0 261 116 2 3
0 261 129 7 5
0 280 133 3 5
0 285 112 3 5
4 262 104 2 2
4 277 98 2 1
6 276 94 2 4
6 287 119 6 10
6 259 137 4 5
6 247 137 5 9
9 240 175 9 21
9 233 148 2 4
4 233 169 5 7
4 268 162 5 5
4 252 126 3 2
4 236 132 3 4
4 249 132 4 4
10 256 158 1 1
2 255 156 1 1
1 273 140 1 2
1 287 136 1 3
1 205 129 1 2
7 205 129 3 1
4 240 223 9 13
4 230 262 9 17
1 43 158 1 3
1 41 163 2 3
1 57 167 2 3
1 59 168 2 2
1 61 167 2 3
1 64 161 1 3
1 64 153 1 3
1 67 148 1 2
1 50 153 1 2
1 49 158 2 3
1 44 166 1 3
1 45 157 1 2
1 45 160 2 1
1 42 159 2 3
1 39 159 2 4
1 38 165 2 2
1 34 164 0 2
1 26 163 2 5
1 212 225 3 6
