2 197 304 6 8
4 198 303 22 14
1 191 281 4 9
3 196 285 8 7
3 202 275 5 6
10 207 292 9 7
10 200 294 10 6
4 226 298 14 21
8 252 288 8 17
8 244 265 6 12
8 229 264 8 14
8 205 265 15 12
10 206 254 9 5
4 213 248 20 10
4 215 237 18 9
8 244 216 9 8
8 234 205 9 8
10 227 201 6 4
10 224 197 5 4
10 229 196 6 3
2 221 191 2 4
2 253 185 2 4
2 254 200 2 4
2 248 200 2 3
2 246 205 2 4
2 256 222 3 4
10 256 223 2 5
10 254 201 2 5
7 246 206 3 6
7 248 201 3 5
4 289 221 20 8
10 291 227 7 5
10 294 226 6 4
1 303 224 2 6
1 307 224 2 6
10 305 237 8 6
10 315 267 8 6
10 308 276 9 7
10 323 280 8 6
4 312 287 29 14
2 291 281 3 6
2 294 282 4 7
2 294 281 3 5
3 290 282 3 6
3 294 283 3 8
4 318 300 33 15
10 334 314 11 8
10 333 318 12 8
1 293 195 2 5
1 245 176 2 4
2 249 171 1 3
2 261 171 1 3
1 267 174 1 4
10 249 172 1 3
10 261 172 1 3
10 267 174 3 2
2 262 163 1 2
10 262 164 2 2
8 262 151 2 3
8 262 151 3 3
1 227 171 1 3
1 227 169 1 3
4 230 160 9 4
5 235 151 6 4
4 244 151 3 4
4 247 140 3 3
2 258 149 1 1
2 258 146 1 2
2 259 146 1 2
2 253 144 1 2
2 258 142 0 1
2 256 140 1 1
2 256 138 0 2
2 255 141 1 1
1 260 146 0 2
1 261 146 0 2
10 258 149 1 1
10 258 146 1 2
10 259 146 1 2
10 253 145 1 2
10 255 141 1 1
10 258 142 1 1
10 256 138 1 1
7 256 141 1 1
8 256 144 2 3
8 260 143 2 2
4 259 138 2 2
8 250 137 1 2
8 258 134 2 2
8 258 133 2 2
4 258 129 2 2
4 257 128 2 2
4 256 127 1 1
4 256 125 1 1
4 251 123 2 1
2 256 134 0 1
2 255 128 0 1
2 252 129 0 1
2 251 129 0 1
2 249 129 0 1
10 256 135 0 1
10 255 128 1 1
10 252 130 0 1
10 251 129 0 1
10 249 129 0 1
8 249 130 1 1
8 248 132 1 1
0 251 118 7 6
0 248 125 4 4
0 256 124 2 1
2 255 132 0 1
7 256 132 1 1
