1 127 322 4 5
4 153 287 11 21
4 198 289 11 21
4 176 232 10 16
1 170 183 2 4
1 172 183 2 4
10 203 242 2 6
4 87 170 15 7
4 93 153 16 8
0 42 157 69 35
6 122 170 19 9
9 143 147 23 15
4 184 107 6 10
5 196 63 5 8
4 242 176 6 12
4 243 140 6 10
4 243 129 5 9
4 243 119 5 9
4 244 102 5 8
4 245 95 5 8
4 245 85 5 8
6 257 70 6 14
4 245 76 6 10
4 246 56 4 6
4 245 67 5 6
1 302 355 4 6
4 279 329 19 21
6 279 311 23 23
4 279 298 20 17
4 277 284 19 17
4 278 272 19 15
4 275 257 17 16
4 276 244 17 15
4 275 233 16 13
4 273 222 17 14
5 274 212 15 14
4 274 205 15 14
4 300 230 8 15
4 331 216 10 11
4 274 163 6 10
6 276 148 10 19
4 295 147 6 11
4 293 160 7 9
5 319 161 7 11
4 338 163 9 10
4 329 290 15 19
4 345 293 13 19
5 295 132 7 12
6 277 90 8 12
5 274 79 4 6
5 291 84 5 6
5 289 77 5 7
4 274 72 8 6
6 243 154 9 17
