5 144 252 31 25
5 177 271 32 25
5 210 290 36 32
5 112 234 30 22
5 85 217 28 24
4 62 205 27 19
4 327 165 14 17
4 303 156 16 19
4 362 161 15 16
4 337 149 13 14
4 289 134 13 13
4 313 140 13 15
4 326 144 14 16
4 351 153 15 16
4 278 129 15 16
4 305 109 14 15
4 327 113 10 12
5 291 149 20 27
5 343 169 16 20
5 268 141 16 18
5 317 157 15 21
5 224 143 21 25
5 358 131 32 18
5 249 117 13 15
5 239 129 16 17
5 300 137 16 15
5 239 103 24 15
5 248 101 17 11
5 262 179 34 23
5 220 169 24 24
5 262 202 23 23
5 17 178 25 21
5 38 190 25 19
5 4 172 7 13
1 55 185 6 8
1 60 184 6 8
1 24 153 6 8
1 211 258 6 8
10 234 308 9 14
10 244 310 8 19
10 248 313 8 15
10 253 314 13 19
10 261 316 10 18
10 265 321 8 9
10 273 323 5 5
10 280 322 6 5
10 287 323 8 3
1 74 308 7 8
10 387 134 5 10
10 393 135 6 8
10 398 137 6 9
10 403 138 7 10
10 408 136 6 7
10 334 119 6 8
10 340 119 6 8
10 265 99 7 6
10 282 105 9 6
10 284 102 9 4
10 285 99 8 4
10 267 95 8 6
10 271 94 6 4
