5 127 95 7 7
5 122 103 10 7
5 126 113 11 8
5 148 109 7 10
5 164 100 7 8
5 157 119 9 8
5 179 106 10 8
5 163 160 8 10
5 196 135 10 7
4 198 129 8 6
5 213 132 11 7
5 204 184 7 9
4 184 181 5 8
5 164 182 11 5
4 168 196 9 6
4 216 205 9 8
4 242 141 9 7
4 245 134 9 6
4 249 129 8 6
4 250 124 9 6
5 230 160 12 8
9 241 159 23 17
9 237 226 21 21
1 249 218 1 1
4 87 321 7 9
1 151 288 1 2
1 151 286 1 2
1 153 285 1 1
1 154 287 1 1
9 181 297 16 19
9 180 322 6 5
9 186 318 10 13
9 192 315 13 19
9 198 311 16 27
9 207 312 11 18
9 210 302 16 28
9 214 296 16 28
9 219 287 16 27
9 223 280 16 27
9 230 278 13 21
9 235 271 16 27
9 219 258 15 16
4 195 260 10 10
4 256 294 7 11
1 250 281 1 1
1 254 268 1 1
4 279 282 8 13
5 250 312 7 12
4 263 277 7 11
4 269 261 7 11
4 274 249 7 11
4 281 253 7 11
4 281 236 8 10
4 287 223 7 10
4 291 233 7 11
4 292 210 7 10
9 301 211 10 14
4 309 195 7 10
4 322 173 8 10
4 314 171 7 10
9 305 189 19 26
5 352 199 11 6
4 343 188 7 10
4 340 142 7 9
4 347 147 8 9
5 320 161 7 8
5 311 148 7 7
5 323 133 8 8
9 330 145 16 20
9 333 154 10 13
9 359 102 19 21
9 358 114 11 13
9 384 107 20 24
4 352 96 7 8
4 380 96 7 8
5 366 103 6 7
4 347 118 8 8
4 365 118 7 9
4 338 114 7 8
4 340 130 7 8
4 349 127 8 9
1 329 103 1 2
1 325 107 2 2
1 318 118 2 2
1 318 113 2 2
1 320 115 2 2
1 328 107 1 1
1 18 280 2 2
1 29 277 2 1
1 25 283 2 1
1 20 288 1 1
