5 244 114 15 8
4 243 153 8 13
4 245 169 8 13
4 248 195 9 16
4 249 217 10 18
4 249 248 12 25
4 231 289 23 9
4 230 277 23 9
4 230 264 23 10
4 229 252 19 9
4 229 243 24 10
4 228 232 20 9
4 227 222 19 9
4 228 214 19 9
4 226 205 19 9
4 226 196 19 9
4 228 189 19 9
4 227 182 16 8
4 228 174 18 10
4 227 167 21 8
4 227 159 18 9
4 226 154 18 9
4 224 146 17 8
4 226 141 17 7
4 225 136 17 8
4 228 304 26 12
4 229 319 26 12
4 176 301 26 23
4 175 281 26 26
4 176 267 25 19
4 177 253 22 15
4 179 241 22 16
4 180 226 22 15
4 182 211 18 16
4 184 197 19 16
4 178 188 18 16
4 174 177 19 10
4 172 168 19 9
4 174 160 19 10
4 173 154 17 8
4 174 147 13 9
4 191 137 7 13
4 176 114 14 7
4 206 99 6 9
4 135 122 6 8
4 117 112 17 6
4 116 107 17 8
4 119 95 14 6
4 175 320 19 10
4 254 320 12 10
4 313 260 11 19
4 306 232 11 19
4 300 210 11 17
4 291 191 14 15
1 197 211 3 6
1 138 144 4 6
1 137 141 3 6
1 21 187 5 6
1 21 184 4 6
4 244 109 15 7
4 244 103 17 6
4 241 98 12 6
4 244 94 10 4
4 193 95 6 6
4 154 113 19 8
1 181 142 3 5
