4 199 347 22 35
4 218 341 24 40
4 245 337 24 43
4 269 343 25 42
4 279 292 21 36
4 257 283 20 32
4 237 290 17 29
4 253 255 17 23
4 292 243 19 28
4 278 232 16 23
4 286 198 13 17
4 316 135 10 12
4 349 96 7 8
6 320 120 7 11
6 308 108 9 12
4 330 97 6 7
4 321 98 5 6
4 319 88 5 5
4 326 84 5 7
4 330 70 4 5
4 322 70 3 5
6 341 60 6 8
4 336 58 3 4
4 334 59 3 4
4 328 63 3 4
4 326 61 2 3
4 331 57 2 3
1 323 59 1 1
4 311 77 6 4
6 316 68 6 6
4 320 60 4 2
4 321 58 3 2
4 321 58 4 2
4 321 57 4 2
4 322 56 4 1
4 322 55 3 1
4 323 54 3 1
10 305 96 3 3
4 298 102 8 5
4 294 94 3 3
4 304 77 3 2
1 272 121 2 2
4 264 156 7 9
4 258 160 7 9
4 251 163 7 9
4 215 202 10 7
4 211 208 11 7
8 198 210 7 6
4 184 227 11 8
4 178 229 6 9
5 174 231 5 10
4 166 236 6 9
4 161 239 6 9
4 156 242 5 8
4 151 246 6 8
5 148 239 7 6
0 83 263 22 8
1 76 269 2 2
4 90 278 3 3
4 91 276 4 2
4 83 276 3 3
4 79 273 2 2
4 9 337 4 4
4 14 329 3 3
4 18 324 3 3
4 19 320 2 2
4 20 318 2 2
4 23 315 2 3
4 22 314 2 2
4 25 311 2 2
