4 11 66 20 25
6 9 162 16 37
1 134 176 8 17
4 100 60 17 14
6 113 78 45 51
1 181 103 6 18
1 215 117 4 18
1 202 157 5 16
1 229 156 5 15
1 220 168 5 17
1 228 162 6 17
1 242 168 7 18
5 235 84 26 26
4 265 65 14 24
5 299 63 17 20
5 333 62 20 18
4 361 59 36 13
4 263 85 18 20
4 325 81 21 27
5 304 81 23 27
1 281 98 6 16
1 281 87 5 12
4 369 82 27 24
4 391 80 27 28
1 391 101 7 18
1 386 101 8 15
4 404 125 24 22
4 401 166 31 26
4 381 134 35 34
4 374 172 41 49
4 340 172 32 44
4 310 170 32 40
5 282 171 29 46
4 299 134 23 33
5 349 132 31 30
1 308 144 5 10
1 298 149 5 15
1 263 144 6 18
5 364 335 54 59
5 239 322 52 82
1 117 309 14 18
4 86 208 38 47
9 32 225 63 131
4 405 342 23 43
