9 218 122 5 7
9 221 153 10 12
6 188 166 9 10
5 205 176 5 5
4 104 289 27 15
4 176 252 15 17
5 203 227 15 14
4 185 209 13 8
4 214 200 13 8
5 248 205 12 11
6 289 179 22 18
6 343 152 12 7
4 370 144 8 4
4 393 134 6 4
4 411 131 6 4
4 273 218 12 7
4 285 213 12 7
4 296 207 7 8
4 317 208 10 5
4 304 204 8 8
4 316 199 7 5
4 323 195 7 6
4 314 195 6 6
4 375 174 6 5
5 247 268 11 12
4 229 267 10 11
4 229 299 10 14
4 307 246 8 9
4 322 253 13 8
4 330 241 16 11
4 334 236 9 6
4 346 222 9 9
4 354 226 8 8
4 362 228 9 8
4 370 231 8 8
4 378 233 8 9
4 387 237 8 9
4 396 240 8 10
4 407 241 8 12
5 381 253 20 11
4 378 259 18 11
6 332 271 26 24
6 355 280 28 27
6 369 284 25 29
6 405 305 23 29
5 393 285 12 12
4 383 282 11 11
6 284 289 22 17
6 291 297 22 16
6 298 304 18 17
6 312 312 17 19
6 328 313 21 22
6 342 319 25 13
0 352 177 13 10
6 410 121 9 6
4 402 123 5 3
5 392 158 10 5
5 315 185 9 6
5 307 188 7 6
4 279 205 7 5
4 356 218 6 8
4 353 207 10 4
4 368 222 8 9
4 377 225 8 9
4 388 228 8 9
4 399 233 8 9
4 288 196 6 6
4 213 114 2 2
4 214 110 2 3
9 192 147 8 12
4 213 133 3 4
1 204 273 5 8
1 204 302 5 8
4 377 158 11 4
