4 129 100 7 3
4 143 99 3 3
4 148 98 3 3
4 153 99 4 4
4 158 99 5 3
4 164 99 5 3
4 184 137 11 6
4 137 150 14 5
4 131 99 9 3
4 147 136 11 3
4 146 138 11 3
4 185 134 11 4
5 170 100 3 4
5 170 107 3 4
4 139 146 12 4
4 141 144 13 4
4 143 141 11 4
4 113 153 13 5
4 113 148 12 5
4 119 143 11 4
4 123 137 12 4
4 128 133 12 5
4 130 130 11 4
4 112 116 10 3
4 100 115 9 4
4 142 133 11 5
4 157 127 10 4
4 144 113 5 4
4 136 111 6 5
10 192 151 2 4
2 192 151 1 2
8 179 230 10 8
10 150 234 8 3
2 149 233 2 4
1 112 243 5 5
4 111 188 16 6
4 114 182 16 6
4 117 178 15 5
4 120 174 15 5
4 123 170 14 5
4 95 173 18 5
4 82 186 15 6
4 97 168 15 5
4 70 174 9 9
4 61 182 12 11
1 51 201 4 6
4 54 330 29 30
5 143 270 22 14
5 227 305 13 30
4 219 61 2 2
5 226 62 3 4
5 233 64 6 5
6 223 72 8 6
6 215 72 4 5
10 200 137 3 3
10 198 217 8 5
10 232 202 5 7
10 252 190 3 7
2 200 136 1 3
2 232 201 2 3
2 252 189 2 3
1 198 235 2 5
1 205 234 1 5
1 202 211 1 4
4 279 60 2 2
1 280 58 1 1
1 347 110 1 4
5 285 53 2 1
4 288 53 1 1
5 304 54 3 2
5 324 65 3 2
4 319 65 3 2
5 286 80 9 5
5 321 94 7 7
9 333 98 10 11
9 375 155 23 23
5 382 147 14 13
5 343 117 7 6
5 325 70 4 8
5 331 71 5 8
5 318 76 10 4
5 319 74 9 3
5 361 77 11 5
5 382 99 11 5
5 345 98 6 4
9 318 86 12 8
9 310 76 7 9
4 323 82 5 3
4 325 80 7 2
5 321 78 7 4
5 328 78 4 3
4 349 80 5 2
4 349 99 3 4
4 356 92 6 3
4 369 91 7 3
4 376 87 7 4
4 379 91 7 4
4 353 106 9 3
4 356 99 4 4
1 332 90 1 2
1 334 93 1 2
1 336 94 1 2
10 323 101 1 2
2 323 100 1 2
4 292 55 3 2
5 299 62 4 5
5 401 114 8 7
4 385 121 5 5
4 380 122 4 6
4 391 121 7 7
4 403 147 11 8
4 411 133 9 5
4 403 132 9 5
4 409 137 10 8
4 412 148 8 6
4 414 137 4 6
5 413 115 6 7
4 411 123 9 6
5 260 167 13 13
5 404 237 25 44
6 385 304 31 58
