1 165 274 4 6
10 231 181 3 7
1 232 177 3 6
1 194 176 2 7
1 191 176 2 7
1 187 175 3 7
1 185 174 3 7
1 182 175 3 7
1 235 166 2 8
1 235 149 2 7
1 226 122 2 6
1 230 123 3 6
10 232 115 3 5
2 238 116 2 3
1 211 99 2 5
1 211 85 1 4
10 203 85 2 2
2 203 84 1 4
1 195 79 1 4
4 189 76 4 4
1 180 76 1 4
1 176 73 1 3
1 166 75 2 3
1 162 76 1 3
1 141 77 2 4
1 139 77 2 3
1 136 78 2 3
1 135 78 1 3
0 172 70 6 8
4 170 63 4 3
1 175 64 1 3
1 172 64 1 2
1 192 79 2 4
1 231 107 2 5
1 233 107 1 5
1 235 63 1 3
0 236 63 2 3
1 246 63 1 3
7 259 184 10 13
1 336 170 5 6
