4 193 297 19 26
4 154 281 14 18
4 226 313 24 24
4 210 253 10 11
4 180 237 13 15
4 156 225 10 14
4 106 187 9 10
4 140 172 9 8
4 132 159 8 10
4 124 161 7 10
4 116 148 6 5
4 91 143 5 5
6 84 125 7 9
4 106 126 5 6
4 98 110 4 5
4 87 113 5 5
4 80 105 4 4
9 217 211 15 26
9 204 205 15 21
9 172 202 15 27
9 204 188 16 21
9 192 189 14 20
9 170 182 17 20
9 182 174 14 18
9 192 174 16 17
9 172 162 15 17
9 167 167 12 13
9 151 155 8 9
9 155 150 7 10
5 160 158 5 8
6 169 132 15 7
4 72 111 6 3
4 89 178 5 6
4 91 185 6 6
4 93 192 5 6
4 95 198 5 5
0 85 195 9 26
1 94 252 3 6
1 91 264 3 5
1 89 262 2 4
1 101 278 3 5
1 98 278 3 6
5 114 320 22 9
4 216 267 10 13
1 192 165 2 3
9 164 151 11 14
1 159 135 2 3
1 148 136 3 3
1 151 148 2 3
1 158 147 2 3
1 145 153 2 3
1 143 150 2 5
1 147 150 3 4
