10 5 220 6 11
2 24 219 6 7
1 36 230 9 11
1 43 232 7 12
1 57 203 3 11
1 61 196 5 9
1 103 187 3 9
1 106 189 3 6
1 123 177 3 7
2 122 145 5 6
1 122 141 2 7
4 156 67 4 4
4 152 78 6 7
6 163 89 8 13
1 155 93 2 6
4 183 54 4 3
4 184 58 3 3
4 182 61 4 4
4 182 65 3 3
1 187 69 1 4
4 182 71 4 5
5 185 82 4 7
4 176 87 6 7
1 170 91 1 5
1 173 91 1 5
4 175 95 5 6
4 187 89 8 6
4 229 70 10 4
4 218 87 5 6
4 247 88 13 7
1 196 78 1 5
4 199 95 6 6
4 199 83 6 7
4 199 78 5 5
4 190 96 6 7
4 193 104 7 7
4 201 107 8 8
4 203 115 7 7
4 193 117 7 8
5 203 127 8 14
4 194 128 9 9
4 194 138 9 11
6 207 143 11 18
1 166 131 3 8
10 172 131 4 5
4 174 139 9 10
4 184 137 8 9
5 186 148 10 18
4 174 151 10 15
1 170 166 3 6
4 168 163 20 11
1 187 159 3 7
10 186 168 7 7
2 186 166 4 6
10 180 175 4 6
2 181 173 5 7
4 167 172 21 13
10 127 170 8 7
10 130 167 9 5
2 130 165 3 6
2 130 180 3 6
1 137 169 4 7
1 139 171 3 5
10 142 177 11 5
2 141 175 3 7
1 153 179 3 8
1 161 189 4 8
10 165 181 10 4
1 164 180 3 7
2 168 183 4 6
10 169 185 8 4
4 164 215 14 26
4 158 248 32 28
1 137 280 7 11
4 161 337 24 54
10 149 306 10 13
1 151 305 6 11
5 218 288 17 37
4 191 264 19 33
4 208 241 16 31
4 207 214 13 21
1 172 227 4 9
1 173 219 4 8
4 184 228 16 24
4 182 197 12 19
4 201 192 21 19
5 238 210 14 24
1 196 183 3 9
7 196 182 11 12
4 191 174 14 15
10 210 169 6 7
1 209 166 4 7
7 205 156 4 6
2 204 154 3 5
2 208 152 3 6
1 223 154 2 6
3 216 162 8 5
2 216 160 4 7
6 221 144 9 17
2 223 162 3 5
4 230 167 24 10
4 226 178 26 13
1 223 184 3 6
1 230 181 3 8
6 252 158 25 8
4 262 173 21 10
1 266 179 4 7
1 273 180 3 8
2 269 186 5 7
3 298 166 11 5
6 314 151 32 19
5 315 184 25 16
6 306 189 36 27
1 342 164 6 7
