4 236 313 16 24
5 237 243 10 14
4 134 256 24 12
4 145 241 22 12
6 242 197 17 37
11 227 179 9 16
6 233 158 11 21
8 155 217 11 8
10 164 204 7 4
10 161 203 6 4
10 162 200 5 3
4 174 180 7 9
5 185 167 6 5
10 188 162 5 2
10 190 163 4 2
7 188 160 5 3
2 181 152 2 2
8 188 155 3 6
8 195 142 3 4
10 190 138 1 2
1 195 139 1 3
8 192 140 2 4
2 187 139 1 2
1 192 137 1 3
10 193 138 2 2
10 181 148 2 2
10 183 146 2 2
10 197 137 3 1
8 198 134 4 4
4 196 129 4 4
8 201 124 4 3
1 203 126 1 3
2 207 122 1 2
2 210 126 1 2
2 210 126 0 1
2 209 124 1 2
2 209 122 1 1
10 210 126 1 2
10 209 124 1 2
10 209 122 1 2
10 207 123 1 2
10 203 123 2 2
10 203 120 3 1
1 198 118 1 3
1 200 116 1 2
1 198 116 1 2
1 204 115 0 1
1 199 114 1 2
1 200 113 1 3
1 201 109 1 2
1 202 108 0 1
1 206 106 1 2
5 208 108 2 2
7 208 106 2 1
1 202 105 1 2
0 206 99 3 6
4 210 101 2 2
0 212 97 1 2
2 219 93 0 1
10 219 94 1 1
1 213 107 1 2
1 213 107 0 2
10 215 107 1 2
2 214 107 1 1
4 222 105 3 2
4 228 105 2 2
4 228 101 2 2
4 228 97 2 2
4 227 95 1 1
4 228 93 2 2
4 228 109 3 3
4 227 117 3 3
6 233 111 3 3
2 232 108 1 1
10 232 109 1 1
1 233 117 0 2
1 234 117 1 2
1 233 117 1 3
4 234 122 3 3
0 237 117 2 3
1 239 117 1 3
4 238 116 5 3
2 241 122 1 1
6 228 131 5 8
2 242 128 1 2
2 242 130 1 2
3 241 123 1 2
10 242 128 1 2
10 242 131 1 2
4 228 144 4 4
1 242 144 1 3
2 246 145 1 3
2 243 144 1 2
10 243 144 1 2
3 246 146 1 2
2 248 150 1 2
10 248 150 1 4
7 251 164 4 5
10 310 313 11 10
10 307 307 11 7
10 322 277 4 8
2 322 275 4 5
7 295 272 11 7
7 294 263 10 9
7 289 256 10 5
8 288 248 9 12
2 306 246 3 6
2 295 242 3 6
2 299 239 3 5
2 299 234 3 4
10 306 248 3 7
10 296 243 4 7
10 299 241 3 6
10 299 236 3 6
10 307 232 7 4
10 300 221 6 4
7 284 229 13 8
7 279 221 8 4
10 291 195 5 3
10 273 210 6 4
3 273 204 5 4
10 274 207 6 3
10 267 184 5 4
1 278 179 2 5
1 280 164 2 4
7 260 162 8 6
10 258 160 4 3
8 259 157 7 5
8 258 154 7 4
7 268 148 4 4
8 253 142 5 4
10 264 139 3 2
10 256 136 1 2
2 256 135 1 2
8 247 121 3 3
1 251 118 1 2
1 252 117 0 3
8 253 117 1 3
2 254 117 1 2
0 246 117 3 4
1 251 108 0 2
1 252 109 0 2
2 254 109 1 1
10 254 109 1 1
2 256 106 0 1
10 255 106 0 1
4 256 103 4 2
4 252 101 1 1
8 253 99 2 1
0 256 99 3 4
1 251 101 1 2
7 248 102 1 2
4 250 97 2 2
4 252 96 4 2
5 239 95 2 2
0 244 105 8 17
