4 149 250 23 32
4 135 212 37 22
4 131 183 34 14
4 143 170 13 14
5 137 157 10 14
1 124 159 4 10
1 124 154 2 6
1 128 155 3 12
1 121 146 3 9
2 130 159 3 7
4 137 149 10 9
4 165 146 11 11
2 139 114 3 2
10 139 116 2 3
4 151 116 6 6
4 161 120 6 8
4 166 112 6 6
4 171 90 3 3
4 154 97 5 3
4 129 102 11 4
4 118 100 10 3
4 121 96 8 3
4 119 111 17 15
4 28 101 7 4
4 36 98 6 4
4 37 101 5 3
4 37 104 8 3
5 57 103 36 11
4 79 98 4 3
4 85 98 6 3
4 86 100 5 4
4 92 100 6 4
4 99 100 6 3
4 96 103 12 4
4 82 103 9 4
4 76 117 18 6
4 83 112 16 7
4 89 108 14 5
2 136 90 1 1
2 137 89 1 1
2 135 77 1 1
10 135 78 1 1
10 136 92 2 1
10 137 89 0 1
4 140 88 3 3
6 139 84 4 5
5 142 84 3 3
4 147 87 3 2
4 144 82 2 3
6 161 82 4 4
6 157 77 2 3
4 154 77 2 2
4 153 78 2 1
1 153 73 1 1
0 136 68 8 3
4 127 78 1 2
4 130 78 2 2
6 130 75 3 4
4 127 72 3 1
6 132 71 11 3
1 26 175 5 13
4 34 158 21 12
4 73 175 15 12
4 207 103 5 6
1 214 104 1 6
4 229 134 11 8
7 239 120 4 5
4 272 139 14 7
4 283 145 16 8
4 296 153 19 10
4 311 162 22 11
4 344 172 25 14
4 374 188 30 16
4 394 195 30 21
1 353 189 6 16
4 125 78 2 2
0 122 74 4 4
4 149 73 1 1
6 144 70 2 3
4 155 71 3 1
