1 11 65 7 9
6 43 58 22 10
5 52 63 25 16
5 81 94 24 17
5 130 59 20 13
4 144 72 23 18
4 101 110 29 19
5 111 127 27 18
5 129 144 32 24
4 120 137 28 20
1 56 167 6 7
1 60 169 4 4
1 51 240 8 6
1 21 278 12 3
10 33 289 15 4
10 57 311 17 5
1 185 268 7 6
11 232 279 12 19
5 206 238 27 24
5 160 175 23 20
1 154 209 4 7
1 153 205 3 6
1 319 356 7 5
1 299 309 5 5
1 307 298 4 5
6 287 304 45 46
8 351 250 24 22
10 370 223 13 8
11 409 176 14 27
11 392 202 25 23
1 299 244 5 5
8 282 228 17 16
6 283 191 38 32
6 230 139 37 37
4 207 124 24 19
4 170 90 23 19
5 178 98 22 21
5 262 80 21 21
6 301 100 38 29
6 263 112 34 34
1 347 198 6 5
1 349 203 6 7
1 353 200 4 8
1 368 204 8 6
2 363 195 10 8
10 363 196 9 8
1 407 164 9 7
1 376 170 7 7
1 395 174 8 6
1 387 179 7 7
6 406 128 21 30
8 403 103 27 16
4 378 84 24 21
10 366 68 7 5
2 367 66 4 7
