10 210 252 6 10
4 191 304 10 21
4 108 314 14 23
4 151 274 14 21
6 196 230 13 30
4 135 220 11 15
5 188 195 8 16
4 214 189 8 13
4 161 180 9 11
4 196 141 8 11
4 180 141 8 10
4 157 148 9 10
6 171 128 11 20
4 201 113 6 8
4 191 101 6 8
4 178 109 6 7
4 169 107 7 8
4 63 183 11 9
4 6 256 11 12
4 90 142 9 10
6 99 128 13 19
6 107 114 13 17
6 122 102 15 19
1 80 149 2 4
1 69 164 4 5
1 329 294 3 5
1 312 278 5 6
1 272 297 10 4
1 289 260 4 4
2 259 256 7 2
1 268 236 2 3
2 276 224 4 4
1 261 223 4 4
1 256 218 2 4
1 297 219 2 5
1 302 209 2 3
1 280 196 2 4
2 278 199 3 2
1 270 189 2 4
1 281 191 2 3
1 249 194 3 4
1 233 200 2 5
1 246 186 2 5
1 242 187 3 5
2 254 172 2 3
1 244 176 2 2
1 239 168 3 4
1 234 159 2 4
1 231 153 2 4
1 278 168 2 5
1 282 157 3 5
1 256 156 2 3
1 243 154 3 4
1 236 148 2 4
1 233 147 2 3
1 230 139 2 3
1 237 140 2 5
1 246 146 3 4
1 251 145 4 5
1 279 145 2 3
1 289 148 2 5
1 291 144 2 4
1 286 139 1 3
1 282 128 1 4
1 259 131 3 2
1 261 125 2 4
1 263 121 2 3
1 258 122 2 4
1 287 118 2 4
1 275 115 2 3
1 285 106 2 4
1 278 98 2 4
1 273 104 2 3
0 258 97 7 9
1 240 101 2 4
1 265 238 4 3
1 312 230 2 4
1 298 218 2 4
2 262 176 3 2
2 259 174 1 2
2 256 177 2 4
1 284 169 2 3
1 258 152 2 5
1 264 153 2 3
1 262 150 2 3
1 260 149 2 3
1 284 139 2 4
1 281 141 2 4
1 280 128 1 4
1 242 100 2 3
1 274 115 1 3
2 258 254 7 3
0 262 143 4 4
