1 142 88 6 13
10 80 102 14 10
1 67 66 7 11
1 54 82 9 11
1 47 78 8 10
5 30 83 28 26
5 122 175 27 39
5 20 159 30 32
10 46 171 18 8
10 50 161 20 10
10 54 150 13 10
10 39 182 18 13
10 34 194 19 11
10 26 202 22 13
10 18 215 20 12
10 9 231 16 8
10 12 222 19 10
2 5 221 8 9
1 52 141 11 12
1 41 142 9 13
1 46 141 11 12
1 38 140 9 11
1 52 133 9 11
1 53 139 8 13
10 59 139 15 8
1 45 133 8 10
1 42 137 8 9
1 40 133 7 9
2 67 153 12 11
10 66 156 10 14
10 232 264 10 21
2 196 276 7 7
10 196 276 10 16
2 188 266 9 6
2 180 239 6 11
1 176 233 6 10
10 186 255 19 10
10 188 267 16 10
10 187 221 20 11
2 188 221 7 10
10 189 230 18 8
7 188 246 16 10
10 188 238 16 8
10 192 174 15 10
10 195 184 17 9
1 193 174 6 9
4 100 61 21 17
4 335 323 62 29
1 390 271 14 8
3 293 341 20 9
10 217 180 21 13
10 192 211 18 10
10 194 192 19 10
10 192 201 17 9
