4 11 286 21 12
4 18 268 24 9
5 311 348 29 19
4 249 283 12 21
4 312 283 13 20
4 266 255 19 8
4 267 263 20 9
6 265 282 13 23
4 232 192 15 7
4 234 185 15 6
4 282 219 19 9
4 228 135 12 7
4 256 133 9 5
4 177 178 7 10
4 209 103 5 7
4 98 105 10 4
4 122 108 10 4
4 124 105 10 4
5 131 99 9 5
6 85 118 12 5
4 89 113 11 5
6 78 131 18 7
6 88 146 11 5
5 48 156 13 8
4 88 158 11 5
1 86 189 3 5
7 212 161 8 6
10 184 152 2 5
10 193 146 2 5
10 288 247 8 5
10 296 246 8 5
7 289 239 15 7
10 291 233 7 4
10 295 229 6 5
10 302 262 3 7
10 312 269 8 4
10 318 275 4 8
10 323 275 5 9
1 321 337 6 4
2 184 151 2 3
2 193 146 2 2
5 129 93 8 5
10 211 83 1 4
10 214 72 2 4
1 265 166 2 5
10 260 148 4 4
10 263 148 3 4
10 260 170 5 4
1 255 164 2 4
10 259 164 5 3
