2 228 317 18 22
2 228 305 14 18
2 257 254 9 23
10 227 337 18 32
10 258 263 12 17
4 187 256 30 47
5 138 265 34 48
10 84 233 19 17
3 121 182 15 11
10 132 166 14 11
4 195 183 19 22
4 190 166 19 16
4 192 149 17 15
4 189 126 9 10
4 189 115 8 14
2 209 154 5 11
2 187 137 5 10
3 186 140 4 5
3 209 158 4 9
4 190 103 7 6
1 181 100 2 6
1 183 93 1 4
1 184 93 1 4
1 186 92 1 4
4 189 93 4 4
4 191 96 5 4
5 186 97 13 3
5 187 100 11 5
4 214 93 5 4
4 201 80 3 2
5 197 76 2 2
4 200 76 2 2
5 191 74 2 2
2 194 74 1 2
10 194 75 1 1
4 210 73 2 1
4 218 79 2 3
6 221 80 3 5
6 233 85 5 5
4 182 83 4 9
4 188 73 1 2
6 195 72 3 3
4 199 74 1 1
4 197 72 1 2
0 198 69 2 2
6 190 71 2 2
0 215 73 1 2
4 386 147 26 12
4 365 137 21 10
4 340 136 18 11
4 330 127 16 8
4 349 130 17 8
10 357 126 9 7
4 335 123 17 8
4 314 116 12 7
4 320 119 9 7
0 327 115 8 6
4 299 110 11 7
4 238 83 3 3
1 242 84 1 3
4 243 92 3 5
4 252 89 8 4
4 264 95 11 6
4 273 97 8 4
4 281 99 15 6
