4 157 346 15 16
4 165 326 14 18
4 151 329 13 16
4 153 311 19 17
4 169 305 11 19
4 181 310 16 19
4 192 316 15 19
5 203 319 16 18
4 214 328 19 16
4 196 338 19 12
4 232 349 23 17
4 205 354 17 21
4 229 358 24 13
4 181 358 21 13
4 141 288 8 13
4 143 271 13 12
4 177 244 15 10
5 178 229 15 10
4 122 212 13 9
4 118 202 13 9
4 117 194 13 7
4 59 184 12 7
5 42 171 10 7
4 38 165 11 5
6 8 162 12 9
4 18 139 9 5
4 16 133 9 4
6 3 130 4 7
4 33 149 8 5
4 38 146 10 5
4 45 143 10 5
4 67 162 10 5
4 74 159 10 5
9 93 157 23 13
4 105 176 12 6
4 112 172 11 6
4 129 168 11 5
4 142 182 12 6
5 147 189 14 8
4 201 169 5 6
4 195 205 12 7
4 239 216 14 8
4 261 267 18 12
4 270 280 16 11
6 315 294 26 17
4 327 281 19 13
4 296 261 18 11
4 321 245 17 9
4 391 329 22 16
4 379 273 22 12
2 323 330 4 5
3 323 331 8 4
10 249 312 4 7
2 249 311 3 4
2 382 351 4 6
2 385 348 4 5
3 381 352 8 4
3 385 350 8 5
2 226 293 2 4
2 249 287 2 4
3 248 288 6 4
3 226 294 4 6
3 382 241 6 4
2 383 240 3 4
2 334 230 3 3
10 333 231 5 4
0 376 85 13 6
0 363 80 11 6
1 319 78 1 2
1 315 77 1 2
1 299 84 1 2
1 280 112 1 2
1 279 113 1 3
4 302 75 6 2
4 294 74 6 2
4 277 71 6 3
4 299 72 6 2
5 286 72 5 2
0 240 67 13 5
1 226 177 1 4
2 223 186 1 4
10 223 187 3 3
10 152 169 3 3
2 152 169 2 3
10 188 151 2 2
10 197 144 2 2
10 194 146 2 2
3 193 148 2 2
3 174 156 2 2
3 169 155 3 2
3 146 155 2 3
10 212 133 2 2
10 215 131 2 2
10 234 120 2 2
1 227 127 1 3
1 164 258 3 4
