4 212 226 1 0
4 211 234 1 1
6 211 239 1 2
6 219 239 2 3
4 225 235 1 1
4 208 242 1 1
4 200 253 2 2
4 197 266 3 3
4 193 284 4 4
4 189 294 5 6
4 187 300 6 6
4 193 302 5 6
4 195 296 4 5
2 203 307 1 2
8 202 308 2 5
4 243 320 9 7
4 226 344 16 8
4 212 347 16 9
4 193 336 15 8
4 139 357 16 10
4 165 340 16 8
4 151 324 13 7
4 128 314 12 6
4 123 322 13 8
4 65 342 16 9
4 78 336 14 10
4 96 327 13 8
6 93 306 16 11
4 92 319 12 7
4 81 323 13 8
4 78 298 10 5
4 73 308 12 6
4 63 300 10 5
4 57 308 11 6
4 67 318 13 7
4 54 314 12 8
4 42 310 11 7
4 8 293 9 5
4 15 287 9 4
