4 196 288 27 34
4 316 332 56 35
4 122 276 34 35
4 176 245 27 25
4 171 222 23 19
4 137 225 28 22
4 216 189 17 14
4 183 180 15 13
4 225 165 13 9
4 253 166 10 10
4 241 157 10 9
4 218 150 10 9
4 197 161 11 13
4 211 144 8 8
9 190 150 25 27
4 223 133 8 7
4 240 133 8 6
4 234 129 7 6
4 232 124 7 5
4 240 124 6 5
4 246 118 5 5
4 237 120 6 5
4 242 116 6 5
4 252 114 5 5
4 247 111 5 5
4 254 110 4 4
4 256 109 3 5
4 258 106 3 3
4 261 104 3 4
4 263 102 2 4
4 252 106 4 4
4 255 104 3 4
4 257 102 3 4
4 260 100 3 4
4 261 98 3 2
4 267 96 4 4
4 271 87 3 2
0 283 80 11 3
0 288 75 8 3
0 298 78 9 6
2 289 142 2 2
2 295 144 2 3
2 287 159 2 3
3 288 144 1 2
3 295 146 1 3
10 286 162 2 3
4 283 203 23 12
5 347 175 20 12
4 385 183 26 10
2 378 213 4 6
10 378 215 11 5
2 63 246 4 7
10 65 250 8 6
2 96 225 5 7
10 90 223 11 10
0 145 181 7 8
0 295 67 8 10
11 126 121 23 18
