4 284 331 52 32
4 315 314 49 29
4 274 293 44 30
4 293 266 42 17
4 277 254 33 18
6 249 250 22 29
4 282 241 38 14
4 275 231 29 11
4 271 222 30 14
4 253 216 25 14
6 258 206 39 16
5 231 210 11 15
4 241 199 11 14
4 239 181 10 10
4 256 199 11 11
4 262 182 15 8
4 253 174 20 8
4 245 172 19 8
5 245 166 19 9
5 254 159 13 8
2 244 155 2 5
4 241 155 16 6
4 246 152 16 5
4 247 149 14 5
6 249 145 19 7
4 242 147 12 4
5 247 142 10 4
6 244 137 19 6
6 242 132 14 5
4 240 129 11 5
4 236 128 9 4
4 241 126 11 3
5 217 113 5 4
4 218 110 4 3
3 226 108 3 1
2 226 107 1 2
1 219 107 1 2
4 243 113 6 3
1 243 113 1 3
5 166 137 5 6
4 163 144 11 5
4 155 145 14 4
4 152 146 14 4
4 150 148 16 4
4 148 151 17 4
4 147 154 16 7
4 153 162 10 10
5 139 160 16 8
4 6 112 7 3
1 90 241 6 11
4 76 228 22 15
5 50 240 40 19
4 13 243 26 14
1 41 347 9 14
5 142 246 31 19
5 192 222 25 22
4 190 215 24 16
5 188 200 10 15
4 200 201 10 12
1 207 192 2 8
5 208 181 8 13
4 194 182 10 12
10 180 189 7 6
3 203 158 5 4
4 200 153 15 7
6 201 148 17 7
5 202 146 13 6
4 204 144 11 4
1 210 144 2 5
1 212 143 2 5
4 204 139 12 5
5 204 136 11 6
2 200 134 1 2
4 203 134 4 4
1 201 123 1 4
6 202 120 14 7
4 207 119 8 3
5 207 117 9 3
5 205 116 6 4
1 232 132 2 5
0 229 117 12 14
0 240 120 10 8
1 233 174 3 8
10 286 210 5 7
10 204 128 1 3
4 165 113 8 3
4 165 109 7 2
4 174 109 7 3
5 159 348 33 32
