4 95 111 27 10
4 80 182 11 26
4 96 183 11 25
4 110 181 11 24
4 127 181 11 24
4 143 198 11 25
4 159 198 11 24
4 173 199 9 25
4 206 202 10 27
4 221 204 11 26
4 219 225 28 11
4 214 240 23 10
4 215 254 26 10
4 151 238 12 26
4 170 304 14 26
4 136 237 10 27
4 121 240 13 28
4 107 228 12 26
4 93 236 11 24
4 78 238 12 27
4 60 239 12 24
4 46 234 12 28
4 32 234 13 28
4 15 235 13 25
4 4 240 7 26
5 191 204 10 21
5 237 199 9 25
5 331 215 13 22
4 288 198 11 24
4 275 220 12 23
4 297 153 25 12
4 379 135 26 11
4 383 185 15 27
4 364 185 13 27
4 380 245 11 24
4 364 245 11 24
4 345 245 17 23
4 348 220 12 22
4 402 184 14 24
4 350 184 12 25
6 308 193 18 34
6 331 180 30 38
7 398 151 17 7
1 399 168 8 3
1 399 166 7 4
1 55 275 4 3
1 58 270 6 3
1 135 276 3 4
1 156 270 3 1
1 177 283 2 3
1 186 278 4 4
1 190 283 3 5
1 183 284 3 4
1 158 272 4 2
1 234 241 2 2
1 242 239 4 4
1 258 269 3 4
1 272 258 4 3
1 255 298 4 6
1 248 319 4 5
1 281 271 4 4
1 284 270 2 4
1 286 268 3 4
1 299 263 6 4
1 305 270 4 5
1 314 270 5 3
1 311 260 5 3
10 298 247 10 5
1 262 180 4 3
1 393 251 2 3
10 392 251 7 2
10 379 281 9 3
7 268 256 14 17
1 289 258 4 4
8 285 253 9 16
