4 18 203 23 11
4 24 228 25 12
4 90 214 23 10
4 116 208 22 10
4 143 204 21 11
4 195 182 20 9
4 176 176 18 10
4 211 171 20 10
4 265 161 19 10
4 253 199 21 10
4 280 195 20 10
5 290 233 15 23
4 371 276 27 13
4 384 286 29 14
4 385 297 29 13
4 391 311 26 13
4 340 252 16 23
4 341 228 13 19
4 333 232 13 21
4 398 271 23 13
4 407 280 19 13
4 407 294 18 12
4 410 306 13 15
4 399 321 28 9
6 381 250 38 20
5 392 261 25 13
5 323 237 14 24
9 315 247 37 61
4 386 140 14 15
1 302 111 3 5
1 285 106 3 7
1 345 105 2 6
1 345 107 2 6
1 325 139 4 4
4 238 165 20 9
4 223 180 20 10
4 263 172 19 8
9 307 151 51 21
9 302 165 33 13
9 269 179 52 26
9 316 175 29 15
9 223 191 32 16
5 48 198 24 11
5 29 214 22 12
5 57 219 24 12
5 93 200 22 12
5 131 194 21 12
5 133 182 22 12
4 107 187 21 10
9 61 206 32 18
6 172 198 23 14
5 165 188 21 11
4 7 282 12 19
6 312 185 31 18
2 279 122 3 5
2 283 126 2 4
2 273 126 3 5
