4 101 189 28 33
4 163 223 54 24
4 228 176 40 21
4 235 162 41 19
4 333 180 47 24
4 335 164 53 19
4 373 101 31 15
4 388 95 19 17
5 341 147 45 15
6 278 173 35 47
4 336 76 13 16
4 364 85 14 14
4 63 70 19 10
4 17 80 27 9
4 26 71 28 14
4 314 333 36 61
4 235 327 31 74
4 273 330 30 67
4 355 334 40 58
4 390 331 50 64
4 99 58 17 10
4 10 117 19 28
2 62 92 5 7
2 84 83 3 6
2 91 70 5 7
3 63 96 7 8
3 92 73 5 7
10 84 86 6 6
10 207 76 2 8
1 215 149 3 13
1 166 165 5 13
1 173 167 6 14
1 177 166 6 12
1 167 204 5 13
1 371 262 9 14
