0 181 111 8 9
0 139 156 10 11
4 280 270 12 8
4 257 358 15 13
5 269 352 19 23
4 197 353 11 17
4 294 281 10 8
4 300 286 12 8
4 286 276 11 7
4 265 257 11 5
4 270 260 12 7
4 274 265 12 7
4 226 302 17 10
4 305 293 14 10
4 312 300 14 10
4 228 271 11 7
4 229 266 10 5
4 227 260 8 4
4 268 243 12 8
4 228 255 7 5
4 224 246 11 5
4 226 250 11 4
6 267 230 13 9
4 154 208 5 5
4 181 121 1 1
6 183 122 2 4
6 182 118 2 4
1 165 151 0 1
1 157 177 1 3
0 186 158 2 4
11 167 355 10 12
10 122 331 4 6
2 122 329 3 4
2 172 300 2 4
2 173 299 2 3
0 184 286 2 17
9 187 112 2 2
4 247 361 14 7
6 146 166 6 8
