5 304 309 15 22
4 230 297 17 21
10 191 252 7 4
10 198 247 2 4
10 263 199 2 3
2 263 199 1 1
4 264 206 11 4
4 304 193 5 5
4 310 184 5 4
4 315 177 3 2
4 317 175 2 2
4 322 167 2 2
1 252 222 1 4
2 252 221 2 2
1 300 208 1 3
1 314 207 1 4
1 302 209 1 2
10 323 191 1 3
10 300 265 3 8
4 294 180 4 2
4 274 237 8 8
4 269 243 9 9
4 250 269 13 14
4 311 277 11 16
4 318 228 9 10
4 316 257 8 12
4 320 241 8 9
4 320 203 6 5
4 329 179 3 3
4 335 176 4 3
4 342 183 3 2
4 342 169 2 2
4 338 166 2 2
4 342 162 2 1
4 337 161 2 1
4 339 159 2 1
4 337 155 2 1
4 339 157 2 1
4 340 154 1 1
4 340 155 2 1
4 339 152 1 1
4 340 199 5 4
4 340 215 6 4
4 325 218 8 6
4 328 207 5 5
4 347 178 2 2
4 348 173 2 2
4 343 172 2 2
4 348 176 2 2
4 329 203 4 4
4 350 221 6 6
4 355 201 12 5
4 385 236 9 7
4 381 226 6 6
4 396 265 10 10
4 393 256 9 8
4 375 212 5 5
1 200 250 1 4
4 348 260 10 11
10 347 207 2 4
2 323 190 1 1
2 347 206 1 2
4 379 204 4 4
4 369 196 4 3
4 368 194 5 3
4 366 190 5 3
4 378 217 5 3
4 361 177 2 2
4 360 175 3 1
4 360 174 2 2
4 359 172 2 2
4 358 170 2 1
4 357 169 2 1
4 357 167 2 1
4 356 166 2 1
4 345 150 1 1
4 373 173 3 1
4 371 171 2 1
4 371 170 3 1
4 371 169 2 1
4 371 167 2 1
4 371 165 2 1
4 373 163 2 1
4 368 163 2 1
4 381 175 4 2
4 380 180 4 2
5 382 184 5 2
5 383 191 5 2
4 383 189 4 1
4 382 187 3 1
4 387 194 3 2
2 301 262 2 3
