4 259 349 31 17
4 264 312 34 19
4 266 295 32 17
4 204 345 29 32
4 208 313 28 29
4 214 293 27 33
4 218 272 25 27
4 224 254 24 26
4 225 234 23 22
4 228 217 21 23
4 231 198 24 21
4 230 184 26 19
4 232 172 26 14
4 237 163 25 17
4 238 150 23 10
4 276 174 25 14
4 275 165 26 13
7 202 190 9 19
5 189 192 10 20
4 184 218 14 27
4 177 250 16 28
4 167 286 19 31
4 158 329 19 35
4 121 343 19 34
6 135 295 19 36
5 150 258 17 29
4 158 227 14 26
4 162 198 13 24
6 117 235 22 41
6 104 274 24 31
4 92 314 22 35
4 69 354 33 21
10 107 185 8 4
10 110 179 9 8
2 113 169 5 5
4 158 159 13 20
4 360 283 14 34
4 378 287 17 33
4 399 293 18 36
4 140 145 14 18
3 130 139 8 4
4 146 129 19 13
6 211 133 31 28
0 176 94 39 62
