4 174 98 3 3
4 179 95 3 4
4 192 96 2 4
4 168 169 6 6
4 193 111 3 6
4 196 148 5 7
4 171 214 9 10
4 196 167 5 8
4 205 146 5 8
4 159 118 3 4
4 44 123 7 4
4 267 155 7 6
4 265 164 6 6
4 269 161 5 4
10 267 224 5 7
10 160 129 2 3
2 267 223 2 4
5 140 264 13 20
5 173 143 6 7
6 201 119 6 10
6 161 111 4 7
9 157 105 8 7
4 209 112 3 3
4 208 109 3 3
4 210 106 3 3
4 205 97 3 3
9 215 105 6 7
1 80 124 1 3
4 124 125 7 3
4 119 130 6 3
5 123 111 3 5
4 92 96 4 2
4 93 94 5 2
4 95 94 5 2
5 84 97 6 2
4 86 96 5 2
4 87 95 5 2
4 88 94 5 3
