4 256 308 23 27
4 229 297 20 24
4 259 288 25 27
4 230 277 21 23
5 206 265 19 23
4 207 251 18 18
4 219 247 17 18
4 183 240 15 18
4 190 228 15 17
4 174 207 14 18
4 157 188 13 14
4 145 175 10 12
4 158 174 10 12
9 261 261 49 49
6 214 222 44 43
6 181 191 31 33
6 127 155 22 27
6 403 342 27 44
4 95 110 8 6
4 241 95 8 5
4 247 95 7 5
4 386 172 14 9
1 366 179 3 5
6 285 92 25 13
6 290 94 23 14
6 266 89 23 12
4 120 60 3 4
4 173 80 5 4
1 177 80 1 3
1 177 77 1 2
10 121 174 4 5
10 88 127 2 3
10 67 109 2 3
2 120 171 2 4
2 87 125 2 3
2 67 107 2 3
