4 148 210 10 6
4 151 212 10 6
4 155 214 10 7
4 158 217 11 7
4 161 220 11 7
4 165 223 11 7
4 169 225 11 8
4 172 229 10 7
4 177 231 10 7
4 181 235 10 8
4 186 239 11 10
4 205 243 11 9
4 156 202 10 6
4 178 204 10 7
4 188 201 7 7
4 198 196 10 6
4 180 261 9 8
4 235 194 8 5
4 240 193 8 5
4 244 191 8 4
4 247 189 8 5
4 250 187 8 5
4 246 199 9 6
4 257 194 9 5
4 269 181 8 3
4 273 183 7 4
5 280 186 7 4
6 284 187 8 7
4 294 193 7 4
4 347 324 13 17
8 360 338 7 12
2 361 334 2 3
7 378 296 7 9
9 375 270 24 29
4 407 223 8 7
6 180 285 26 24
5 321 193 9 6
6 361 186 15 15
5 370 163 8 4
0 408 115 16 10
