4 153 257 65 43
4 87 238 69 45
4 35 227 65 33
5 26 205 52 38
4 97 186 53 27
4 156 173 51 20
5 206 163 48 22
4 222 153 39 18
4 251 144 41 17
4 299 140 32 19
4 288 132 33 17
4 315 122 34 16
4 290 113 26 16
4 364 108 22 14
4 391 111 19 14
5 382 96 19 19
5 354 90 19 13
5 349 83 12 14
5 331 78 16 12
4 342 71 11 9
5 354 72 13 13
4 364 77 10 9
5 378 77 10 12
4 390 76 20 9
4 406 78 21 10
5 412 75 9 9
6 345 65 28 14
6 318 59 19 13
3 57 163 9 13
3 67 163 7 13
10 93 155 6 12
10 110 150 8 14
1 195 121 5 13
1 164 160 8 14
1 181 173 12 16
1 319 102 3 10
1 274 108 4 12
1 266 108 3 11
10 258 115 6 9
7 339 106 12 6
2 339 109 4 7
10 325 99 6 7
10 325 97 7 7
