8 11 281 16 19
2 9 275 8 7
5 4 131 7 8
5 6 172 10 12
4 11 192 13 12
8 7 240 11 16
6 47 230 22 31
1 36 308 7 7
10 37 308 10 13
8 148 265 20 17
7 175 258 16 15
4 114 210 14 18
7 122 199 18 10
10 144 213 11 7
8 129 226 18 15
8 171 212 16 13
1 152 206 4 10
2 145 225 5 7
10 145 226 6 11
1 149 234 5 7
7 152 232 16 13
4 164 246 30 19
10 147 190 4 7
7 158 189 13 9
2 176 204 6 7
1 180 204 3 8
10 176 204 6 6
7 185 203 11 9
8 193 247 9 18
8 191 207 14 13
8 198 199 11 14
1 386 311 7 11
8 348 286 15 23
1 317 264 4 9
1 318 257 4 9
4 318 254 9 7
4 326 248 22 19
2 336 245 4 9
2 338 246 6 5
10 335 245 8 9
10 337 227 9 6
10 330 231 10 5
10 328 227 9 6
10 327 224 8 5
8 287 233 16 17
2 227 198 3 6
10 226 200 7 6
2 217 194 3 6
10 217 195 8 5
1 185 191 3 7
2 185 186 3 6
2 185 186 3 5
10 186 188 5 5
8 224 188 15 11
6 309 181 21 11
11 301 163 26 15
7 307 158 11 8
10 318 146 4 5
1 303 145 3 5
8 329 152 9 8
10 334 151 3 5
8 342 150 9 8
7 349 147 9 9
10 354 146 5 4
10 361 146 6 4
10 361 143 3 4
10 365 143 4 4
7 369 140 7 5
7 381 137 12 6
7 374 131 6 5
10 393 134 3 5
10 398 134 6 4
10 398 133 4 3
10 404 132 5 4
10 405 131 4 4
10 409 130 4 4
10 410 129 4 4
1 393 128 2 3
10 395 126 4 3
3 405 123 3 3
2 229 167 2 4
10 276 162 5 5
10 271 164 4 4
10 269 164 4 5
10 266 165 3 4
10 265 165 3 4
10 264 165 4 5
10 261 166 4 4
10 260 167 4 5
10 257 168 5 6
10 256 168 5 4
10 255 168 5 4
10 253 168 6 4
10 251 169 5 4
10 250 170 5 5
10 248 170 5 5
10 246 171 5 6
10 244 171 4 6
10 241 172 5 5
10 239 173 5 5
10 249 176 6 6
7 243 178 8 8
8 254 174 11 10
8 260 173 8 9
8 265 171 10 11
8 273 175 14 9
7 276 168 9 10
10 260 159 4 4
10 262 159 3 4
10 254 161 4 5
10 251 161 3 5
10 249 162 4 6
10 247 162 3 6
10 245 163 3 6
10 244 163 4 5
10 241 164 5 5
10 235 165 5 4
10 233 167 6 5
10 226 174 4 6
10 223 174 4 6
10 217 174 4 6
10 215 174 4 5
3 200 171 6 5
1 205 176 3 6
10 214 188 6 5
10 207 189 8 4
10 207 187 8 5
10 211 183 4 4
0 199 180 17 16
2 183 180 3 4
2 182 180 3 4
10 182 180 5 6
10 165 165 6 6
1 166 163 3 5
1 169 161 3 6
1 167 161 3 6
10 154 168 8 6
2 146 161 3 5
8 172 157 9 7
3 172 148 4 4
1 158 153 3 7
7 160 155 3 5
0 165 153 6 8
1 155 148 2 6
1 157 141 3 5
7 133 150 11 6
3 141 136 2 3
1 138 133 2 5
7 142 132 6 6
2 134 133 3 4
10 135 134 4 4
8 127 140 9 6
2 121 140 3 3
8 130 128 6 7
2 119 127 3 4
2 114 124 2 3
7 118 127 4 5
3 114 124 3 2
10 117 141 2 2
10 118 135 4 3
4 78 136 16 7
4 67 130 8 8
8 63 123 9 6
7 91 132 9 4
10 103 121 2 3
7 103 114 5 4
10 109 110 4 3
7 110 109 4 4
10 113 111 4 3
2 101 107 3 3
2 101 107 2 3
10 101 107 3 3
2 98 109 2 3
10 99 110 3 3
10 105 119 5 4
2 97 103 1 3
2 94 104 3 3
10 97 104 2 3
10 94 104 2 3
7 92 95 4 3
8 90 93 5 2
10 101 94 3 3
4 76 220 14 18
