4 170 320 14 11
4 229 319 14 12
4 219 318 13 13
4 207 309 13 14
4 200 304 13 15
4 193 300 16 18
4 172 287 13 16
4 166 282 14 17
4 160 278 14 16
5 147 308 17 15
4 111 295 15 15
4 99 287 15 14
4 94 282 17 15
4 88 277 16 15
4 83 273 15 14
4 74 268 18 16
4 67 263 16 14
4 47 253 15 8
4 31 254 14 8
5 23 240 17 9
4 30 232 16 10
4 38 225 14 10
4 47 222 11 8
4 69 219 12 11
4 76 222 13 13
4 83 225 13 12
4 88 230 13 13
4 92 234 13 13
4 96 239 13 11
4 107 244 17 16
4 113 248 14 13
4 118 252 15 15
4 130 258 13 15
4 135 262 13 13
4 141 266 13 14
4 147 270 15 17
1 135 182 2 3
1 138 180 2 3
5 140 176 15 9
1 140 173 2 3
6 159 171 17 14
4 166 178 8 6
4 155 166 11 7
4 152 162 10 6
4 150 159 10 6
4 135 120 9 5
4 135 117 11 5
5 151 113 5 6
4 157 145 9 8
4 162 146 8 8
4 167 148 8 7
4 174 153 9 8
4 186 159 9 8
4 192 159 9 8
4 30 95 9 6
5 26 137 10 11
