1 48 142 6 8
1 47 257 8 4
1 44 261 8 4
1 47 265 8 3
1 105 291 6 4
1 308 258 7 7
11 395 112 43 29
1 189 195 4 4
1 102 198 7 5
1 101 204 5 5
1 107 203 5 4
1 115 198 6 5
1 114 203 5 4
1 121 202 5 4
1 127 198 5 4
1 134 198 5 5
1 127 203 5 5
1 133 203 5 4
1 126 209 6 4
1 133 208 6 5
1 118 212 7 5
1 118 215 6 5
1 126 212 5 5
1 133 212 5 4
1 126 218 6 4
1 133 217 5 4
1 117 224 6 4
1 126 224 6 4
1 133 224 5 4
1 133 228 5 4
1 132 233 5 4
1 125 232 6 4
1 124 237 6 4
1 132 237 5 3
1 115 243 6 3
1 110 250 5 5
1 115 252 8 4
1 123 244 6 3
1 132 244 5 3
1 131 250 5 4
1 122 263 6 3
1 131 264 5 3
1 112 274 5 2
1 121 276 5 3
1 131 275 6 3
1 140 276 6 3
1 140 264 5 3
1 151 276 5 4
1 161 277 4 3
1 193 291 5 6
1 188 282 3 7
1 169 278 4 3
1 180 275 5 3
1 197 262 4 5
1 187 264 7 4
1 141 250 4 3
1 170 265 4 3
1 162 264 4 3
1 151 263 5 3
1 142 245 4 3
1 152 249 4 2
1 161 250 4 3
1 170 249 4 2
1 181 265 4 3
1 181 253 5 3
1 181 246 2 3
1 182 242 4 4
1 171 243 4 4
1 162 244 3 4
1 153 243 4 3
1 143 239 6 3
1 143 233 5 5
1 153 238 4 3
1 162 238 4 4
1 172 237 2 4
1 182 238 3 3
1 191 231 4 4
1 191 200 3 5
1 192 206 4 4
1 191 221 4 4
1 182 231 3 5
1 172 231 4 4
1 182 226 2 3
1 182 222 3 4
1 181 218 5 3
1 182 213 3 4
1 182 210 4 4
1 182 207 3 5
1 182 204 4 5
1 182 199 3 5
1 162 232 3 4
1 152 232 4 3
1 143 228 4 3
1 152 228 4 3
1 163 227 4 3
1 172 227 4 4
1 172 223 3 3
1 172 218 3 4
1 162 223 4 3
1 144 223 5 4
1 152 223 5 4
1 162 219 5 3
1 153 218 5 3
1 144 219 4 3
1 144 215 5 3
1 153 214 4 4
1 162 215 4 4
1 172 214 4 5
1 145 199 5 5
1 145 207 5 5
1 145 211 3 4
1 154 199 4 6
1 154 202 4 4
1 163 199 4 5
1 164 202 3 4
1 173 199 3 5
1 173 202 4 3
1 172 206 4 4
1 172 210 3 4
1 163 210 5 4
1 163 205 4 5
1 153 210 4 4
1 154 206 4 5
