4 38 113 34 13
1 7 133 9 15
1 19 137 8 14
1 39 126 7 15
5 72 117 20 26
5 97 118 17 21
5 118 121 15 18
4 41 102 21 9
10 97 106 5 7
10 140 107 5 7
10 135 107 4 8
4 140 154 21 21
3 130 107 4 7
4 110 180 28 34
4 111 156 21 20
4 86 158 25 23
4 55 158 29 23
4 22 158 35 30
4 10 184 18 33
4 39 181 41 42
4 67 81 13 5
4 73 80 12 5
4 72 76 12 5
4 76 77 10 5
4 77 74 11 6
4 78 73 10 6
4 78 70 7 4
4 78 67 7 5
4 57 74 9 5
4 67 71 8 4
4 192 64 4 2
0 160 57 21 8
9 181 70 8 9
6 186 69 6 9
4 185 79 7 6
1 148 67 2 4
1 151 71 2 5
1 152 71 0 5
1 156 73 0 4
1 158 74 2 4
1 146 142 8 17
1 185 99 3 7
1 176 83 2 4
1 184 101 3 8
1 185 112 4 12
1 191 112 5 11
1 201 123 5 13
1 180 153 8 18
1 191 152 5 18
1 199 152 4 18
1 195 149 5 16
1 209 147 4 16
1 211 148 4 13
1 260 148 5 18
1 219 174 5 21
10 223 115 4 5
2 223 112 2 5
9 210 67 9 6
4 198 64 4 2
4 237 68 5 5
1 218 69 1 3
1 221 68 0 3
1 222 69 2 5
5 33 277 65 100
4 156 264 44 69
4 145 333 60 62
5 224 246 79 82
4 271 135 28 15
4 349 157 73 40
4 314 100 15 8
10 286 89 7 6
2 286 87 3 4
4 307 87 13 5
1 344 99 3 6
5 167 121 24 21
