4 40 352 32 24
4 87 293 22 23
5 58 267 28 13
5 83 244 21 11
1 12 251 5 7
3 21 252 8 5
5 150 244 9 10
3 409 282 7 9
4 388 295 35 15
4 378 284 33 14
4 365 273 27 11
4 351 261 30 12
5 382 237 25 10
5 374 231 24 9
4 348 218 20 7
3 387 203 3 3
5 271 214 11 8
5 251 209 14 12
1 246 209 2 6
4 248 204 15 5
5 242 198 12 7
1 245 194 1 5
4 239 196 11 5
4 235 192 9 4
5 230 185 11 5
1 241 185 1 4
1 244 184 1 3
4 231 177 6 3
4 218 175 8 3
1 215 165 1 2
5 206 166 8 3
5 202 164 8 3
4 199 156 2 2
5 127 154 3 2
5 131 153 2 2
5 134 153 2 2
5 137 153 2 2
5 139 154 3 1
5 141 153 3 2
4 135 147 1 1
5 156 153 3 2
4 161 154 4 1
4 165 153 4 2
4 168 153 3 2
5 167 165 3 3
5 177 154 4 2
2 179 156 0 1
2 182 156 0 1
3 178 157 2 0
10 181 157 2 1
4 191 154 5 2
5 171 178 4 4
4 296 217 17 7
4 308 210 15 7
4 289 210 16 6
5 287 206 13 5
2 301 199 3 3
2 303 198 1 3
2 301 197 1 2
4 276 200 15 6
4 273 196 11 4
7 293 194 6 3
4 265 190 12 4
4 256 186 12 4
10 270 184 3 2
3 269 181 3 3
4 254 183 8 4
4 251 182 10 3
5 240 167 8 4
4 230 169 6 3
5 229 167 7 3
4 221 164 7 2
4 219 163 7 2
5 220 162 5 3
1 223 162 0 2
1 221 162 0 2
4 228 156 3 2
4 289 268 15 19
5 77 166 6 3
11 155 146 3 4
6 208 152 11 6
