5 279 217 15 29
5 293 218 16 31
5 308 218 16 31
5 322 218 17 30
5 338 219 16 31
5 205 304 13 37
5 181 147 13 29
5 339 306 18 38
5 221 305 15 37
5 187 307 15 35
5 170 306 17 35
5 256 307 14 30
5 99 319 37 11
9 210 115 16 47
9 230 116 14 48
9 280 116 21 49
9 297 117 22 50
9 368 114 31 45
4 173 272 15 31
4 221 271 14 29
4 220 217 12 29
4 177 219 11 30
4 206 192 11 23
4 234 193 12 22
4 177 193 11 21
4 311 152 13 27
4 322 309 19 32
4 238 307 14 31
4 63 321 37 9
4 110 291 32 16
4 74 291 34 18
4 77 274 35 15
4 115 274 30 13
4 116 234 29 16
4 119 217 29 17
4 99 204 29 14
4 80 259 33 14
4 85 244 34 13
4 80 229 29 13
4 48 255 15 32
4 29 256 16 30
4 13 259 13 29
4 14 229 20 24
6 89 186 56 21
6 94 172 46 19
6 95 159 41 19
6 98 148 48 21
6 107 126 49 19
6 110 113 48 19
6 119 104 55 20
9 103 138 41 15
4 393 140 19 20
5 404 172 24 38
4 383 115 14 16
