4 176 353 32 22
4 173 318 35 34
4 174 291 26 29
4 174 269 25 23
5 173 236 11 19
4 178 221 22 14
4 279 327 27 36
1 304 327 7 12
1 308 331 5 9
1 310 337 3 8
4 410 280 12 17
4 328 213 19 15
10 360 217 7 7
4 338 219 8 6
5 282 239 17 19
5 273 199 18 10
3 297 190 2 4
5 271 166 7 7
4 235 235 17 13
4 227 216 16 13
4 174 201 8 11
4 222 205 18 11
4 221 199 17 10
4 270 156 7 6
4 174 190 8 10
6 176 182 9 10
5 220 190 7 9
5 214 173 11 12
2 203 178 2 4
2 200 175 2 3
2 199 166 2 3
4 208 163 6 6
4 206 159 5 5
4 175 163 5 5
4 204 152 5 5
4 192 140 4 3
4 184 137 3 3
4 176 151 4 4
4 176 148 4 4
4 176 145 4 4
4 176 138 3 3
4 176 135 3 3
4 176 133 3 3
4 222 155 11 4
6 244 155 9 10
4 248 154 8 6
4 242 151 10 4
3 249 149 4 3
4 240 140 4 3
4 217 128 6 3
4 225 125 3 2
0 180 104 45 14
4 184 123 2 2
2 181 131 1 1
10 181 132 1 1
2 179 122 0 1
10 179 123 0 1
4 182 120 2 2
4 177 122 2 2
