4 308 354 21 19
4 306 339 24 21
4 301 324 23 17
4 142 312 21 8
4 143 302 21 9
4 188 307 18 8
4 210 308 19 7
4 187 300 20 8
4 210 300 18 9
4 188 293 16 8
4 210 293 15 8
4 187 286 17 8
4 188 272 17 7
4 208 278 20 9
4 210 272 18 7
4 165 275 10 13
4 209 266 16 8
4 190 260 16 7
4 208 260 16 6
4 207 254 16 6
5 193 241 12 6
4 213 241 14 7
4 235 240 16 7
4 35 236 9 9
4 43 228 8 8
4 49 220 7 7
4 56 212 5 5
5 190 255 17 8
5 196 224 15 7
5 172 214 5 8
4 193 217 11 5
4 194 213 12 4
4 194 206 11 5
4 196 203 12 4
4 196 200 12 4
4 198 195 10 4
3 177 208 3 2
3 166 227 5 2
7 173 206 6 3
4 182 190 6 6
5 197 186 5 7
4 182 185 9 5
4 188 172 4 5
4 202 181 9 3
4 202 179 10 2
4 202 177 9 3
4 197 171 4 5
4 194 150 4 5
1 202 155 1 3
10 198 155 1 2
2 198 154 1 2
4 79 190 7 6
4 64 179 7 5
4 82 177 6 6
5 91 178 6 7
4 96 174 5 6
4 109 154 5 4
4 116 154 4 4
6 101 167 7 7
4 95 155 6 5
4 111 149 5 4
4 119 150 4 4
4 122 147 4 4
4 126 144 4 3
4 123 143 3 3
4 123 139 4 3
4 131 138 4 3
4 134 136 4 3
4 136 134 3 3
4 138 131 3 3
4 145 125 3 3
4 153 112 2 3
4 156 111 2 2
4 154 109 1 2
4 160 109 2 2
4 164 103 2 2
4 160 98 2 2
4 151 115 2 3
4 149 114 2 2
4 151 121 4 4
6 156 107 4 4
4 166 95 2 3
4 162 95 2 2
4 160 93 2 1
4 176 85 2 1
5 173 90 3 1
0 170 94 1 1
4 161 87 2 1
4 170 87 2 1
5 177 76 1 1
4 158 88 3 1
0 170 83 7 2
0 175 80 4 2
0 179 72 3 5
4 159 101 2 2
3 166 240 1 4
3 165 240 1 4
3 164 241 1 5
3 162 241 1 6
3 160 241 1 4
3 159 242 2 4
3 156 241 1 4
3 157 241 0 3
3 153 241 1 5
3 151 242 1 4
3 149 241 1 4
3 147 241 1 4
3 145 242 1 4
3 142 242 1 5
