5 221 232 13 25
6 403 284 26 40
4 354 186 10 13
4 361 199 13 13
5 156 181 11 17
4 188 166 9 14
9 230 148 16 43
5 211 129 9 16
4 178 125 8 10
4 188 98 8 8
6 167 99 14 14
6 333 146 15 20
5 310 107 9 10
4 300 157 10 12
1 42 317 5 8
1 30 288 4 6
1 49 243 6 7
2 106 191 2 5
2 124 159 5 5
2 126 140 3 3
1 134 136 3 4
1 133 110 2 4
1 148 102 2 2
0 135 100 7 4
1 122 99 2 3
0 135 95 11 4
1 349 295 5 8
1 344 316 6 6
1 337 308 5 6
1 313 310 3 6
1 310 310 4 5
1 304 306 5 6
1 115 284 4 5
1 117 290 4 6
1 114 288 3 4
1 22 307 6 6
1 23 314 6 5
1 37 295 4 5
1 35 297 3 5
1 35 279 5 5
1 36 276 6 6
1 62 259 5 7
1 58 261 5 7
1 42 261 4 5
1 44 259 5 5
1 54 231 4 6
1 71 217 3 5
1 70 223 4 6
1 74 221 3 5
2 120 174 2 4
2 115 177 2 5
1 147 143 3 4
1 145 144 2 5
1 112 114 2 4
1 110 114 3 3
1 132 112 2 4
2 146 102 2 2
2 133 139 3 2
