3 41 272 5 10
4 30 261 22 27
4 19 255 27 30
6 13 240 25 34
3 53 217 8 5
2 53 217 5 3
4 103 230 26 22
10 130 204 9 8
2 130 203 6 5
10 77 157 7 6
7 116 116 11 10
4 124 123 21 22
4 132 132 18 18
4 141 140 21 21
6 9 142 17 24
4 75 85 22 20
4 66 80 22 19
1 47 62 5 7
10 144 85 9 8
10 151 86 8 8
10 154 90 6 11
10 164 85 5 9
10 160 84 5 9
10 172 106 10 8
10 177 100 8 8
4 151 148 21 21
4 163 155 21 23
4 173 162 21 23
4 208 184 18 24
7 197 125 13 12
7 213 145 15 15
10 214 133 7 8
10 225 140 7 9
10 231 142 5 9
7 238 145 5 8
5 257 221 22 22
4 272 230 22 23
4 267 258 24 25
4 302 245 19 27
4 315 253 21 26
4 328 263 21 27
4 344 272 19 27
4 358 281 19 28
4 371 289 20 29
5 382 298 20 26
4 295 180 17 26
10 316 185 7 10
10 320 188 6 9
6 404 312 25 40
4 396 239 20 23
