4 212 262 9 16
10 242 270 8 5
4 227 193 5 5
4 218 178 6 3
4 241 184 8 4
4 230 182 8 4
1 179 216 1 4
4 248 187 8 5
4 262 186 10 4
4 269 168 5 2
4 273 171 5 2
4 267 199 5 5
4 260 211 5 5
4 260 219 5 6
4 262 229 7 6
5 262 239 7 9
4 290 189 9 4
4 280 187 10 3
4 234 174 6 3
4 291 175 5 3
10 273 197 1 3
10 273 200 2 3
10 287 247 2 4
10 298 310 2 8
10 290 310 4 8
1 329 259 1 6
1 302 221 2 4
1 300 220 2 4
2 299 306 2 3
2 290 307 3 4
2 242 268 3 2
2 287 246 2 2
2 272 196 1 1
2 273 199 1 2
4 259 206 4 4
9 260 198 7 11
