1 9 101 3 2
5 16 233 11 8
4 39 245 12 9
4 13 243 12 9
4 3 262 5 11
4 12 270 11 12
4 19 272 8 10
4 33 287 9 11
4 39 292 9 10
5 27 282 11 13
11 26 319 17 12
10 54 306 6 5
10 57 311 7 3
5 62 319 15 7
4 68 260 12 8
4 99 276 13 9
4 121 289 13 9
4 80 272 11 9
5 151 267 14 10
5 177 286 14 10
5 247 279 13 8
10 237 299 6 4
2 237 300 2 3
9 396 304 41 24
9 344 196 24 8
5 385 192 14 7
5 363 197 12 6
1 306 185 3 2
4 319 197 13 6
4 296 194 13 6
5 277 192 14 7
4 223 183 14 7
9 251 187 22 10
1 222 156 2 2
10 263 125 2 6
10 267 146 2 5
10 261 114 2 7
