3 293 319 16 11
3 279 288 14 12
4 405 243 21 14
4 397 232 30 14
5 389 218 34 14
10 389 179 5 8
4 376 177 18 9
4 370 163 11 8
4 366 152 12 8
4 340 182 24 9
4 334 178 19 9
4 335 174 22 8
4 362 147 16 7
1 365 138 2 4
10 368 139 4 3
4 337 146 10 6
6 337 140 12 8
4 358 123 11 4
4 332 119 5 3
4 323 116 4 3
6 324 113 6 5
4 311 152 16 7
5 308 148 15 7
4 304 144 15 4
4 297 138 13 6
4 296 136 14 5
1 304 130 1 4
6 282 128 16 8
7 310 120 3 3
5 305 121 9 4
0 329 82 136 6
0 218 87 20 13
0 248 78 16 4
4 189 143 8 7
4 211 155 8 7
4 214 146 7 6
4 216 132 5 5
4 223 156 7 7
6 219 167 13 27
1 238 128 2 5
6 226 139 9 16
6 212 137 7 10
4 217 117 4 3
6 224 110 5 10
4 208 102 3 2
4 213 99 2 2
3 186 119 1 3
2 187 118 1 4
10 191 119 1 3
2 190 119 1 3
10 208 97 0 1
2 208 96 0 1
5 219 96 2 3
6 224 102 4 7
6 224 96 4 4
