5 92 291 65 35
5 96 269 55 29
10 28 268 27 17
5 218 331 40 67
1 315 319 9 19
10 284 292 18 17
2 280 286 8 10
2 295 287 12 16
2 289 271 6 16
2 288 276 3 7
10 286 280 18 19
10 266 262 7 18
1 280 260 7 14
1 284 265 7 15
1 293 260 6 13
1 317 270 6 14
2 240 237 7 10
10 240 241 7 16
1 221 232 7 16
4 201 238 21 32
1 238 214 5 14
1 251 209 6 12
1 246 202 5 13
3 113 212 15 8
1 127 204 4 11
1 132 204 4 12
2 145 209 7 6
10 146 211 13 5
10 194 200 11 9
1 180 196 4 12
1 177 196 2 8
2 170 184 5 6
1 168 186 1 4
1 165 186 3 10
1 410 185 6 11
1 414 189 2 7
1 401 188 6 8
2 401 181 4 7
1 383 181 6 9
1 365 187 5 10
2 330 187 5 10
10 329 190 6 6
2 335 181 5 7
2 340 179 5 6
1 285 192 2 9
1 283 195 2 4
1 274 190 5 10
1 258 192 6 10
10 259 193 11 6
1 228 187 4 10
1 204 181 3 11
3 167 176 9 4
10 163 171 9 4
3 176 171 5 8
5 187 166 14 18
1 215 163 4 8
3 214 166 2 6
1 201 155 2 8
1 203 155 3 8
1 205 150 2 7
1 203 144 2 7
2 217 147 2 7
3 216 148 3 3
1 238 177 3 11
1 233 177 2 11
1 232 172 3 10
1 216 157 2 6
1 215 156 3 8
1 214 154 1 3
4 192 150 10 9
5 221 137 16 8
1 181 143 1 6
1 185 141 2 7
1 182 140 2 7
1 169 145 2 6
2 173 147 2 4
3 172 147 5 4
1 174 142 1 6
10 177 141 2 3
10 176 136 2 4
10 173 139 2 3
10 188 139 2 3
10 199 137 6 5
10 182 112 2 3
10 177 117 3 2
10 173 117 4 2
3 182 120 1 3
3 174 120 1 3
3 174 110 1 3
3 190 127 1 3
2 173 136 2 4
2 187 136 2 5
2 174 119 2 4
2 177 116 1 3
2 182 111 2 3
2 185 115 1 3
2 183 109 1 2
3 185 117 1 2
3 171 130 5 1
3 184 110 0 2
3 173 114 1 3
3 192 120 1 3
1 176 128 2 5
1 175 126 1 3
1 180 127 1 6
1 179 125 1 4
1 178 123 1 5
1 176 122 1 5
1 176 121 1 3
1 187 121 1 5
1 190 122 1 4
1 194 126 1 5
1 195 134 1 6
1 192 131 2 6
1 191 127 2 4
1 191 119 1 4
1 190 117 1 3
1 187 118 1 4
1 182 118 1 3
1 204 136 2 6
1 198 132 1 3
1 197 127 1 5
1 196 126 1 5
1 180 107 1 4
1 183 107 1 2
1 186 112 1 4
1 187 111 1 4
1 188 112 1 4
1 189 111 1 4
1 190 112 1 3
1 190 113 1 2
1 192 111 1 4
1 182 104 1 3
1 175 106 1 3
1 185 101 1 3
4 177 108 3 3
4 186 104 4 3
5 192 107 4 5
4 190 104 3 3
4 190 103 2 3
4 188 101 3 3
4 176 99 3 3
4 176 95 2 2
4 180 94 2 2
4 185 95 2 2
1 184 96 1 2
1 186 98 1 1
4 184 94 4 2
4 176 93 2 2
4 176 92 2 2
5 180 91 3 2
4 182 93 2 3
4 186 92 4 1
0 190 83 6 2
10 324 179 4 8
7 327 174 12 12
4 410 177 13 11
5 390 235 45 27
5 405 253 22 29
1 405 356 11 17
1 11 223 8 14
1 16 216 11 16
1 30 217 9 17
