8 53 282 22 33
8 40 240 25 24
8 61 213 26 26
7 106 263 32 19
10 118 255 20 9
8 116 243 29 14
5 122 222 42 21
5 123 205 36 18
4 133 189 35 17
8 130 177 23 12
7 113 162 18 13
5 194 165 29 16
4 195 182 34 18
4 198 202 35 17
4 200 220 42 18
4 189 242 40 20
9 235 283 26 74
6 267 294 26 55
10 323 280 18 9
8 312 267 26 17
4 301 223 40 21
4 296 206 37 17
4 296 188 37 15
6 298 174 43 19
7 261 156 11 20
7 224 143 11 14
10 211 137 9 7
4 339 108 28 13
8 299 101 16 12
10 270 142 9 6
10 272 138 13 7
10 283 103 4 9
1 263 100 2 6
10 243 108 4 9
10 232 107 5 9
3 236 112 4 9
10 221 109 5 8
10 216 106 5 9
10 204 106 3 9
10 191 107 4 8
10 187 105 5 10
8 209 106 8 14
1 198 123 3 10
1 196 121 4 9
8 192 117 15 12
10 175 112 8 7
10 167 110 8 6
10 169 105 8 7
10 167 101 4 8
10 165 100 3 9
10 148 102 8 7
10 138 99 4 9
1 118 133 4 10
1 115 99 5 8
1 112 101 7 9
10 113 102 8 6
2 95 106 5 9
7 98 107 14 8
2 91 118 4 8
2 94 122 4 6
10 95 124 10 7
10 94 117 15 10
8 86 134 11 19
10 52 127 10 8
2 19 120 6 7
10 20 122 12 6
8 13 129 22 14
1 23 95 6 7
2 31 99 5 7
10 33 100 10 7
10 44 102 9 8
10 47 104 8 8
10 50 106 8 9
10 54 100 8 8
