1 52 134 1 2
10 60 132 3 2
2 64 135 1 2
2 69 130 1 2
10 64 136 1 2
10 69 131 1 2
10 72 133 2 2
2 72 133 1 2
1 8 193 3 5
1 18 208 4 6
1 22 208 4 7
1 25 208 4 7
4 145 214 10 11
6 127 198 15 37
1 73 128 1 2
3 72 129 1 2
10 63 129 3 2
10 62 129 3 2
1 60 127 1 2
1 63 125 1 2
8 66 126 4 2
10 66 126 2 1
10 68 126 3 1
8 72 125 4 3
1 74 125 1 3
8 66 125 5 3
8 67 124 4 4
0 77 125 3 3
2 78 121 1 2
10 78 122 1 1
1 73 122 0 2
1 73 121 1 2
10 73 122 2 1
5 74 119 6 2
4 80 117 3 3
8 75 117 3 1
5 78 115 4 1
8 81 113 3 2
0 84 111 7 3
4 84 130 6 3
4 80 134 5 3
8 85 137 3 3
7 71 136 2 3
8 68 138 2 3
6 131 285 26 69
4 154 246 13 16
6 169 206 21 33
2 191 273 4 8
7 192 277 7 10
10 199 265 8 8
10 238 286 9 7
10 236 283 8 8
10 236 282 9 7
10 234 281 9 6
10 234 280 8 6
10 233 279 7 6
10 232 278 10 6
10 231 276 10 6
10 230 274 8 6
10 229 273 8 7
10 229 272 7 5
10 228 270 9 6
10 228 269 8 6
10 227 269 8 5
10 226 268 8 6
10 226 267 7 6
10 225 266 8 6
10 225 264 9 5
10 246 265 11 6
10 245 263 10 8
10 243 260 10 7
10 252 260 8 8
10 261 263 7 6
10 268 259 8 6
2 272 257 5 6
1 273 261 4 8
1 267 265 3 9
2 268 264 2 5
10 295 290 9 8
8 295 318 15 15
8 278 318 13 14
8 220 245 15 10
10 235 233 9 5
10 221 199 5 4
10 217 198 5 5
2 200 187 2 4
10 197 176 4 3
5 191 173 8 8
8 183 176 9 5
4 180 173 7 6
10 172 172 5 3
8 170 170 8 6
2 179 167 2 3
7 180 168 6 3
7 181 166 8 3
1 185 164 2 4
2 184 160 2 3
7 174 163 3 3
10 180 156 3 3
7 169 157 4 4
7 166 152 3 3
7 165 148 3 4
10 170 148 4 2
1 161 138 2 3
10 158 140 3 2
4 157 143 9 3
2 177 154 2 3
5 146 146 5 6
4 143 142 3 3
4 154 135 3 3
8 148 134 6 3
4 156 132 3 4
8 159 131 4 4
0 155 127 7 3
8 158 125 4 3
8 158 125 4 3
8 158 125 5 3
8 153 123 4 3
1 150 123 1 2
2 149 123 1 1
6 137 127 6 6
6 145 119 5 3
8 144 113 2 2
4 142 112 3 2
1 141 109 0 1
0 134 103 3 4
6 141 187 12 18
2 156 189 2 3
7 156 190 4 6
2 152 164 1 2
2 154 164 1 2
2 153 163 2 3
2 143 158 2 3
2 115 158 2 3
7 153 164 3 4
10 143 159 2 4
7 115 159 3 4
7 113 145 3 4
2 113 145 1 2
2 117 136 1 2
7 117 136 3 4
9 121 132 4 6
5 123 152 5 6
6 124 165 11 19
9 120 115 4 4
2 110 229 3 6
10 110 231 3 7
6 131 115 4 4
2 128 114 1 1
2 128 116 1 1
2 115 112 0 1
2 115 108 0 1
2 115 107 1 1
2 128 108 0 1
10 128 117 1 1
10 128 114 1 1
10 116 113 1 1
10 115 109 1 1
10 114 107 0 1
10 128 108 1 1
0 112 122 3 3
6 120 106 2 4
6 127 104 2 2
6 126 101 2 3
9 119 98 1 2
4 117 98 1 1
0 119 95 6 4
0 115 97 1 6
0 123 101 1 1
