5 25 205 15 13
5 44 208 14 13
5 50 212 13 14
5 58 213 14 14
5 29 256 15 9
5 64 272 15 13
4 150 239 10 15
1 147 174 1 3
1 159 168 1 3
1 170 140 1 4
1 180 114 1 3
5 195 110 5 8
9 243 150 13 27
9 275 185 35 17
9 212 188 16 31
9 256 242 16 38
1 257 267 2 3
1 263 268 2 2
9 257 293 45 21
9 260 282 45 22
9 225 213 24 11
9 218 222 24 12
9 223 229 25 11
9 214 240 29 14
11 303 207 12 7
4 304 218 15 8
4 302 226 14 8
5 302 242 16 9
5 361 219 13 8
5 360 224 17 9
4 357 232 16 8
6 356 255 30 14
1 396 266 3 3
1 399 266 3 2
