4 44 146 11 4
4 74 151 12 4
1 8 179 2 4
1 13 188 2 5
1 14 187 2 4
9 134 148 31 13
9 162 148 10 10
9 238 119 12 9
9 253 115 14 8
1 186 134 1 2
1 202 129 0 2
1 200 129 0 2
0 207 128 4 4
0 214 126 4 4
0 209 127 2 4
0 219 125 5 4
5 183 127 6 3
4 249 129 5 3
4 273 115 4 2
4 279 112 3 2
4 283 110 3 2
5 287 110 2 2
10 272 124 2 1
2 272 123 0 1
4 277 115 4 3
9 319 93 5 3
4 333 93 2 1
5 308 111 3 3
4 298 114 3 3
5 286 117 4 3
4 278 122 4 2
4 284 123 4 3
9 268 126 6 5
9 333 99 4 6
9 334 117 4 8
9 404 113 10 9
9 331 123 8 10
4 415 125 2 4
9 330 159 21 9
9 266 158 35 15
5 262 131 5 3
4 252 138 5 3
4 239 149 6 3
4 247 154 11 4
4 190 148 7 3
4 200 156 13 4
5 200 152 11 4
4 289 188 4 6
4 252 180 6 8
4 239 179 5 8
5 224 188 6 8
6 202 182 10 12
5 145 181 8 6
5 196 195 7 7
4 165 203 8 7
4 217 213 7 9
4 241 225 7 10
1 329 236 2 5
4 274 254 8 13
5 307 274 9 17
5 256 263 8 16
4 226 255 8 14
5 200 220 8 10
4 162 302 10 19
11 348 309 16 18
4 371 314 12 19
6 396 315 18 21
