1 149 325 15 19
1 284 177 5 13
1 219 183 5 11
1 218 157 6 10
1 206 147 5 10
1 290 60 4 8
1 204 149 3 12
3 172 178 19 12
2 7 153 6 10
10 9 156 15 8
1 102 146 9 13
1 188 232 5 18
2 229 171 5 11
10 229 176 8 14
2 174 160 9 10
7 187 161 17 16
7 204 184 16 26
2 242 132 5 10
10 242 136 6 10
4 253 109 17 18
2 188 150 6 12
1 206 105 4 9
1 208 101 3 10
1 207 82 4 10
1 221 87 5 9
1 224 80 4 7
2 231 76 3 8
3 232 82 3 7
4 221 67 8 11
5 237 67 12 14
5 232 58 10 9
2 300 83 4 6
10 300 85 5 6
9 337 79 16 32
4 330 118 12 19
4 352 132 17 21
5 327 166 18 35
4 374 120 14 22
4 401 135 19 24
4 396 115 16 17
5 396 98 16 14
4 373 97 14 18
4 386 91 10 15
4 391 80 13 13
4 370 78 10 13
4 355 80 11 15
4 355 67 10 12
4 355 58 10 9
4 369 69 12 11
4 368 61 10 9
4 370 55 9 5
4 384 57 12 7
4 384 63 13 11
4 385 71 13 9
5 354 221 27 49
4 402 236 29 43
