5 279 270 5 8
4 307 286 7 12
4 316 286 7 12
4 328 287 9 12
4 337 288 8 10
10 313 261 3 3
3 353 348 6 5
3 323 359 3 6
3 320 359 3 7
3 317 359 3 7
3 314 360 3 7
3 307 361 5 5
3 305 359 6 5
3 287 348 3 7
3 281 346 6 4
4 296 358 4 7
3 292 358 4 7
3 289 359 5 7
3 268 357 2 6
3 266 357 4 7
4 214 362 19 4
4 189 362 19 5
5 166 361 18 7
4 135 361 18 6
3 131 351 2 7
3 127 352 2 6
3 122 352 3 7
3 134 351 2 6
4 91 361 18 7
4 67 360 20 9
4 30 360 20 8
0 12 262 22 26
4 48 221 8 7
0 60 228 16 20
3 55 241 3 2
3 57 240 3 2
3 71 224 2 2
3 71 224 3 2
3 72 222 3 2
3 74 221 4 2
4 51 208 6 5
4 56 203 7 6
5 61 203 6 6
5 68 202 8 7
4 82 203 6 4
4 89 207 7 6
4 69 208 6 6
4 63 207 7 6
4 47 191 9 3
4 62 192 9 3
4 75 192 9 3
4 107 189 4 4
4 98 203 5 5
4 108 119 2 2
4 110 117 2 1
0 6 125 11 3
