4 168 172 6 6
4 181 193 7 10
4 192 199 8 10
4 180 134 5 5
4 180 124 4 5
4 187 122 4 5
4 186 114 3 4
4 176 106 3 4
6 193 99 6 7
6 163 126 5 9
6 243 148 16 8
9 160 153 8 18
4 185 302 12 21
4 214 234 7 15
4 217 169 5 6
4 207 167 5 5
4 202 156 4 5
4 198 131 2 4
4 195 124 5 4
9 244 225 10 23
9 227 194 10 21
9 255 229 10 28
9 239 207 11 20
9 251 207 10 21
9 235 191 11 20
9 246 191 12 19
9 239 180 6 12
9 224 180 8 13
9 230 177 9 16
9 228 166 8 14
9 199 140 5 11
9 206 185 10 19
9 203 172 6 10
1 208 159 1 3
1 209 159 1 4
1 226 157 1 2
0 215 183 10 12
1 228 204 2 4
1 120 281 2 8
1 125 261 2 5
1 123 259 2 6
1 111 299 2 5
9 195 118 4 8
0 203 103 9 10
0 201 108 12 8
