4 272 73 2 3
4 273 71 2 2
4 282 73 4 2
4 281 82 3 3
4 280 88 4 3
1 270 82 1 3
4 279 97 6 4
4 280 104 6 6
4 278 119 8 7
4 277 125 7 8
3 283 130 1 6
0 288 131 6 8
4 277 134 10 9
4 277 141 12 11
4 258 99 6 5
4 260 97 5 5
4 256 105 6 6
4 252 112 9 9
4 249 116 8 8
4 247 121 7 7
4 243 126 9 8
4 241 134 11 12
1 259 116 2 7
1 262 116 2 7
4 314 109 13 7
3 219 141 3 6
4 232 151 14 13
4 225 162 14 12
5 319 148 24 13
1 341 152 5 12
6 353 158 29 14
4 314 159 16 14
1 324 158 4 10
4 303 169 26 16
4 340 176 40 13
4 346 184 39 17
4 381 229 54 28
4 322 195 24 22
4 334 217 26 27
4 348 251 34 39
4 366 304 45 63
1 391 290 13 23
4 374 356 42 17
4 285 344 81 40
1 267 362 9 5
4 282 184 38 17
4 288 220 43 19
4 287 237 52 26
5 272 261 38 38
4 114 356 47 16
4 142 318 49 58
4 177 260 36 40
4 195 220 25 28
4 231 215 27 26
