6 190 345 72 38
5 231 354 37 21
2 155 294 7 12
10 158 298 9 18
7 289 349 48 27
10 309 329 20 16
10 299 317 17 17
10 290 309 16 16
10 284 301 15 16
10 278 297 17 12
10 275 293 17 14
10 272 287 16 13
10 268 285 16 13
10 263 280 14 13
0 249 242 101 58
3 311 266 22 17
4 169 166 17 4
4 165 162 12 5
6 142 157 23 7
4 94 165 17 6
4 93 162 17 5
4 94 157 14 5
6 95 154 16 7
4 92 151 10 4
6 93 148 14 7
0 93 137 18 13
5 184 148 6 5
9 174 146 11 8
4 165 145 8 3
4 143 150 11 4
4 128 151 10 3
4 127 150 10 3
4 126 149 10 3
4 127 148 11 3
4 125 148 11 3
4 123 147 11 3
4 122 146 11 3
4 123 146 11 3
4 122 145 11 3
4 122 144 11 3
4 119 142 9 2
4 117 140 9 2
4 116 139 9 2
6 137 147 12 6
6 134 143 12 6
4 130 142 7 3
4 128 142 7 3
4 128 140 6 3
4 125 139 8 3
5 124 138 8 3
4 161 143 8 3
6 116 137 10 3
6 158 141 9 4
4 156 141 7 3
4 155 140 7 2
4 153 139 5 2
6 149 138 10 3
6 147 136 8 4
6 146 136 9 5
4 138 137 3 2
6 139 135 9 4
6 137 134 12 5
0 33 156 58 66
0 324 133 168 30
