1 176 269 5 9
1 241 255 4 10
1 244 254 3 10
1 253 253 5 10
1 260 252 5 10
1 244 231 5 11
1 237 225 3 10
1 231 228 4 8
1 220 215 4 11
1 227 217 4 9
1 229 213 4 9
1 212 203 3 9
1 207 199 3 10
1 200 197 3 8
1 194 201 4 8
1 189 195 3 10
1 195 183 3 9
1 179 170 3 8
1 173 169 4 8
1 167 161 2 7
1 170 162 3 8
0 196 151 32 16
1 218 139 2 7
1 215 138 2 7
1 218 135 2 5
1 212 136 2 6
1 214 134 2 5
1 220 116 2 6
1 217 116 2 5
1 207 102 2 5
1 204 102 2 4
1 204 101 2 4
1 202 100 2 5
1 201 100 2 4
1 200 99 2 4
1 198 98 2 5
1 211 99 2 4
1 210 97 2 4
1 215 109 2 4
1 214 109 2 4
1 224 106 2 4
1 226 105 2 4
1 181 111 2 4
1 182 110 2 4
1 185 105 2 5
1 188 104 2 5
1 188 97 2 5
1 167 98 2 5
1 156 93 2 5
1 161 94 1 4
1 160 93 1 4
1 169 84 2 4
2 185 88 1 3
3 185 90 3 2
1 195 88 1 4
1 189 87 1 4
1 188 88 2 4
4 205 77 5 3
6 198 75 7 5
1 113 154 3 7
1 97 153 3 6
1 79 155 4 6
1 79 153 4 6
1 96 132 2 5
1 113 123 2 6
1 115 122 2 6
1 118 124 2 5
1 120 124 2 6
4 105 122 11 6
0 114 105 16 13
1 61 97 2 4
0 45 100 13 9
1 73 75 2 3
1 74 75 1 3
1 76 72 2 4
1 77 71 2 3
1 65 70 1 3
1 84 66 2 3
1 86 66 2 3
1 50 59 2 2
2 148 156 2 5
2 148 157 2 4
10 147 158 4 6
1 275 153 4 6
0 297 157 19 16
1 337 170 4 5
1 342 169 4 7
1 345 172 4 7
0 82 59 9 6
4 148 73 5 2
