5 349 267 43 52
4 335 218 30 27
4 281 179 14 18
9 269 202 38 53
9 280 134 18 16
9 296 135 19 21
5 118 234 27 35
5 192 200 14 25
1 106 278 8 20
1 108 223 7 12
1 114 221 7 11
7 95 270 12 20
4 168 341 32 46
4 178 290 28 48
4 186 252 21 33
4 189 227 20 24
4 198 185 14 10
4 212 172 20 9
1 196 160 2 8
1 194 160 3 7
2 185 160 3 7
3 185 163 4 6
1 197 143 2 6
1 190 136 2 5
1 200 132 1 4
1 187 136 2 5
1 176 141 2 6
1 195 127 1 4
2 197 129 1 3
2 202 130 1 4
6 227 156 37 17
1 245 200 3 11
1 253 199 5 12
4 234 175 12 20
4 201 153 8 11
4 204 143 7 7
4 204 139 7 5
4 204 134 6 6
4 206 129 6 5
4 207 124 6 4
4 197 123 5 5
5 178 140 16 7
4 179 138 17 6
4 176 137 16 8
4 178 135 13 6
4 182 131 14 6
4 185 130 11 6
4 185 129 13 5
5 185 128 14 7
5 186 125 10 6
4 191 125 4 3
4 187 123 10 5
5 190 122 9 4
4 189 121 7 4
4 193 119 7 3
1 183 117 2 4
1 186 113 2 2
1 189 113 2 3
1 176 113 1 3
1 179 113 1 2
1 184 112 1 2
1 186 112 1 2
1 185 110 1 2
1 187 110 1 3
1 177 113 1 3
4 188 111 4 3
5 194 112 7 4
5 200 115 4 4
1 196 116 0 2
1 198 117 1 2
5 195 110 6 2
1 174 112 1 3
10 170 125 3 5
10 173 125 2 4
10 177 124 5 2
2 175 121 2 2
1 200 108 1 2
1 199 108 1 2
3 197 130 2 2
4 9 155 16 13
4 19 157 17 10
4 32 158 16 10
4 42 159 17 10
4 56 158 14 10
4 65 160 17 12
4 40 152 16 8
4 61 152 21 9
10 38 147 10 3
5 89 146 15 9
4 90 152 16 6
4 83 154 16 6
4 81 158 13 11
4 90 158 15 10
4 47 174 18 11
4 31 174 19 11
4 13 172 15 11
4 110 153 18 6
3 96 204 16 7
1 168 120 2 5
4 254 140 8 9
4 245 135 4 4
4 244 130 4 5
5 266 127 6 6
4 263 125 4 4
4 260 123 5 4
4 259 122 5 4
4 257 120 5 4
5 254 117 6 4
4 251 115 4 3
4 249 113 3 3
4 247 111 3 2
4 246 111 4 3
4 242 108 3 3
1 240 108 0 3
1 240 110 1 2
4 231 104 2 1
4 238 105 3 2
0 222 92 9 8
0 234 101 6 5
1 231 113 1 2
4 240 121 5 4
0 240 125 5 3
4 309 136 7 6
4 319 143 13 10
1 228 111 1 3
4 385 175 18 15
4 406 188 21 16
