4 233 239 8 21
4 266 250 11 22
4 264 221 10 19
4 263 197 10 19
4 267 282 10 26
4 272 312 12 26
4 258 153 10 18
4 257 133 8 16
4 153 196 22 12
4 152 182 22 10
4 155 158 20 9
4 156 149 20 8
4 159 139 20 9
4 158 129 17 8
4 163 109 18 11
4 114 262 23 16
4 108 288 21 10
4 112 241 24 10
4 111 227 19 10
4 117 208 22 9
4 118 197 21 9
5 121 186 23 11
4 123 176 22 9
4 124 167 18 8
4 128 157 21 8
4 128 149 21 8
4 128 139 22 9
4 131 132 20 7
4 135 121 20 8
4 134 112 20 9
4 84 175 12 18
6 146 220 28 13
4 100 320 28 10
6 106 129 10 20
5 99 103 8 13
4 113 103 8 15
1 118 111 3 7
1 93 136 5 7
1 54 306 6 6
6 137 95 24 8
4 164 95 19 8
5 257 115 7 13
6 256 97 10 11
5 260 174 9 16
1 255 244 4 7
1 171 137 3 6
1 80 191 4 4
