4 10 146 5 2
5 38 189 4 5
5 27 181 5 6
4 22 189 7 5
4 20 185 6 4
4 17 179 7 5
5 18 183 7 3
1 31 180 1 3
1 32 180 2 2
1 17 161 1 1
5 14 175 8 4
4 13 171 7 3
4 11 170 6 3
5 11 167 7 3
5 9 165 5 5
5 8 164 7 4
5 7 161 7 4
5 6 160 8 3
4 5 158 5 3
4 5 156 6 4
1 2 151 1 2
6 149 208 10 7
6 171 203 14 10
6 103 240 11 8
5 50 266 8 6
5 62 267 9 6
4 7 293 9 6
4 44 288 8 6
4 118 237 7 5
4 89 262 8 6
0 119 246 2 2
5 105 278 7 5
4 101 288 8 6
4 103 291 6 5
4 125 285 6 5
4 119 276 7 5
4 117 274 7 5
4 150 228 6 5
4 157 216 5 3
9 138 239 11 8
0 147 217 2 2
4 166 253 6 6
6 160 265 13 8
4 112 310 7 5
6 184 288 9 27
6 194 286 9 27
6 202 282 10 27
6 211 279 10 26
6 219 275 10 26
6 227 271 11 27
6 251 259 12 26
6 243 264 12 24
6 235 267 11 26
6 262 256 11 12
6 192 235 8 9
4 209 240 5 6
6 215 222 16 19
6 199 228 14 16
6 195 231 13 15
6 217 218 8 11
6 237 218 4 9
6 233 215 4 9
5 245 220 3 7
5 241 219 3 6
4 190 210 4 5
5 192 197 6 5
6 199 188 13 10
4 224 176 4 3
4 241 166 5 4
4 238 162 5 3
4 193 186 6 4
4 355 234 6 4
