4 171 228 18 18
4 281 193 11 17
4 268 131 7 12
4 255 119 7 10
4 262 98 5 9
4 190 284 13 26
4 219 314 11 22
9 263 165 16 40
9 200 148 11 41
10 56 195 5 10
10 62 196 5 10
10 66 196 4 11
10 69 196 4 9
10 72 195 4 8
10 81 196 4 9
10 104 196 4 10
10 100 197 4 8
10 113 198 4 9
10 86 197 3 10
10 92 196 5 8
10 97 197 2 9
10 76 196 4 10
10 109 197 4 10
1 83 210 3 6
1 127 241 2 6
1 107 227 3 7
1 101 263 3 5
1 90 278 5 7
1 78 284 5 7
1 83 284 5 8
1 148 219 2 6
1 148 227 2 6
1 161 203 2 6
1 153 203 3 6
1 156 203 2 5
1 143 219 2 6
1 143 227 3 5
1 96 185 3 5
1 81 187 3 5
1 71 268 5 6
1 91 295 4 6
1 86 282 3 5
1 73 266 5 7
1 109 266 3 6
1 131 254 4 5
1 81 210 3 6
1 142 224 2 5
1 155 200 2 4
1 151 202 3 5
1 148 201 2 5
1 167 196 2 6
1 169 197 2 6
1 183 177 2 6
1 177 179 2 7
1 185 171 1 4
1 186 175 2 5
1 187 178 2 7
1 305 171 2 6
