8 161 263 16 16
1 168 257 3 8
1 162 253 4 5
1 167 253 4 8
2 166 250 4 6
1 170 252 3 8
4 176 246 12 10
4 177 238 7 8
1 167 242 3 7
6 189 223 17 37
1 192 209 2 5
5 220 237 8 12
10 218 230 6 4
10 222 232 6 5
4 218 209 7 8
1 201 185 1 4
4 217 191 5 5
6 195 187 9 18
6 208 169 6 8
2 203 162 1 1
10 203 163 1 1
8 206 161 1 2
8 213 158 1 2
4 207 151 1 1
2 213 155 1 1
10 213 155 1 0
4 214 153 1 2
4 213 152 2 1
4 214 150 1 2
0 212 144 5 6
4 384 210 11 6
5 371 206 12 8
11 377 202 24 11
8 331 215 8 8
1 323 210 3 5
2 378 213 3 2
11 282 185 12 6
11 305 172 14 6
2 239 233 4 6
7 246 231 6 9
6 254 170 13 5
6 258 173 8 6
6 261 172 10 6
7 173 259 6 11
