4 294 357 24 15
4 199 347 37 35
4 8 172 14 7
4 23 175 15 8
4 41 178 14 8
4 57 184 17 10
4 77 186 18 8
4 101 190 19 10
4 129 196 19 10
4 119 172 11 6
4 165 198 17 9
4 343 113 2 2
4 348 108 2 2
4 350 107 2 2
4 347 103 2 2
4 347 105 1 2
4 348 105 2 2
4 354 91 1 1
4 352 93 2 1
4 354 97 1 2
4 352 96 1 1
4 351 98 2 1
4 351 99 1 1
4 351 179 7 8
4 337 175 7 7
4 355 120 3 2
4 346 119 3 3
4 341 120 3 2
4 336 120 3 3
4 331 142 5 4
4 352 144 5 4
4 352 162 7 5
4 317 172 8 8
4 335 182 8 9
4 311 187 8 9
4 358 97 2 2
4 357 94 1 1
4 359 99 2 1
4 355 101 2 1
4 356 98 2 1
4 347 198 10 9
4 352 216 11 13
4 333 222 12 11
4 299 212 11 13
4 286 232 12 15
4 326 245 15 16
4 349 244 15 16
4 337 278 16 21
4 306 308 19 25
4 331 330 21 29
4 269 338 24 35
4 237 341 28 44
6 270 273 20 25
6 155 202 25 13
10 151 228 7 6
10 127 219 7 4
10 145 220 6 5
10 135 217 7 4
10 140 225 5 4
4 212 230 21 15
10 183 278 7 12
4 365 96 1 1
10 348 99 0 1
10 371 110 1 2
10 369 112 0 2
10 371 112 0 1
10 366 104 0 1
10 368 100 1 2
10 380 130 1 3
10 382 157 2 3
10 394 177 2 4
4 341 108 3 2
4 336 102 3 2
4 337 100 2 2
4 339 99 2 1
4 340 97 1 1
4 342 96 1 1
4 343 95 1 1
4 344 93 1 1
10 45 165 9 5
1 125 209 2 6
1 173 174 1 6
1 181 214 2 7
2 150 224 2 4
2 144 218 3 3
2 133 215 3 3
2 126 218 3 2
2 141 224 2 2
2 183 276 2 5
1 210 197 2 7
1 190 204 2 6
1 187 204 2 7
1 330 125 0 2
1 316 126 1 2
2 348 98 0 1
2 394 175 2 2
2 382 156 1 2
2 380 130 0 1
2 371 110 0 1
2 368 99 1 1
2 367 103 0 1
2 370 111 0 1
2 371 112 0 0
0 357 86 6 4
0 358 82 2 2
1 376 119 0 2
