4 66 131 15 9
4 73 126 15 8
4 95 112 14 8
4 102 108 13 8
4 116 98 8 9
4 124 99 6 10
5 146 122 12 8
4 129 132 13 6
6 165 151 11 33
5 88 160 16 10
10 123 181 8 4
10 131 185 5 6
7 138 186 5 8
1 198 117 2 5
10 192 111 2 3
2 192 109 1 2
6 218 153 20 11
6 219 182 13 22
4 273 180 19 9
4 232 252 23 12
4 233 268 24 12
4 304 259 24 9
4 287 227 22 10
4 285 217 23 10
4 377 114 15 9
4 371 135 9 12
4 387 101 7 9
5 395 102 6 10
5 406 105 6 9
5 401 134 8 11
4 379 99 6 8
4 377 128 9 9
4 411 137 8 10
4 236 305 28 14
6 160 249 13 36
10 192 189 2 5
2 192 187 2 3
