4 214 314 5 10
4 213 285 4 9
4 226 277 4 9
5 200 287 4 9
6 189 312 8 23
4 193 273 4 9
6 194 251 6 17
4 201 253 4 8
4 219 251 4 8
5 219 231 3 8
4 226 228 3 7
4 200 225 4 6
4 225 215 3 6
5 198 198 3 6
4 203 197 3 5
5 215 192 3 6
6 225 184 4 14
4 204 181 2 4
4 205 163 3 4
4 202 153 3 4
5 206 142 2 5
9 224 151 4 12
4 206 131 3 4
9 224 128 4 10
4 204 123 2 4
4 208 109 2 3
4 211 95 2 3
4 206 98 2 3
4 203 94 2 3
1 203 136 1 2
1 191 155 1 2
1 198 135 1 2
1 197 134 1 2
1 190 172 1 2
1 189 178 1 2
1 190 185 1 2
1 186 191 0 2
1 178 258 1 3
1 181 259 1 3
1 179 286 1 3
1 174 278 1 2
1 174 276 1 2
1 173 320 1 3
4 342 104 5 2
4 341 103 5 2
4 340 102 5 2
4 340 100 5 2
4 338 99 5 2
4 338 98 5 2
