4 194 322 5 5
6 187 314 7 22
4 194 305 5 10
4 187 296 5 8
4 194 291 5 10
5 187 280 5 10
5 193 277 5 10
4 214 269 5 10
10 188 270 2 4
4 187 262 5 8
4 193 261 5 9
4 192 249 4 8
4 186 251 5 8
4 187 241 4 7
4 192 235 4 8
4 187 231 4 7
4 181 227 4 7
4 171 217 5 5
4 178 213 5 6
4 186 221 4 7
10 192 223 2 3
4 198 226 4 7
5 209 233 4 7
4 218 221 4 6
10 204 213 2 3
10 208 220 2 4
4 212 206 6 6
6 253 207 29 7
4 235 203 8 4
4 246 202 8 4
6 241 196 19 9
6 262 196 11 6
6 233 194 11 7
9 253 192 21 8
9 255 183 11 5
4 233 186 7 3
4 204 186 7 4
4 186 192 8 4
4 187 186 8 3
4 153 209 9 4
4 166 195 8 4
4 171 192 8 3
