1 22 225 12 5
1 22 232 10 5
1 158 140 4 6
1 154 140 4 6
1 152 144 4 7
1 151 140 3 7
1 155 200 3 5
1 224 156 2 6
1 230 154 3 6
1 227 160 2 6
1 236 164 3 6
1 231 166 2 6
1 235 171 4 6
1 240 175 3 5
1 236 177 4 5
1 214 179 4 6
1 221 176 3 5
1 225 174 3 6
1 192 189 3 8
1 198 187 3 5
1 244 180 3 6
1 232 179 3 6
1 228 181 3 6
1 223 183 3 6
1 219 186 3 5
1 240 182 3 5
1 235 184 2 5
1 211 189 4 6
1 207 191 2 6
1 201 193 3 5
1 194 197 3 6
1 232 186 2 5
1 228 189 3 6
1 222 192 2 5
1 249 189 4 5
1 218 194 2 5
1 214 196 3 5
1 210 198 3 5
1 205 200 2 5
1 199 203 2 5
1 171 199 3 5
1 185 202 3 5
1 188 209 3 5
1 174 207 3 4
1 180 214 2 5
1 192 217 3 5
1 182 223 3 5
1 196 227 2 4
1 188 232 4 4
1 182 259 4 4
1 176 274 4 7
1 202 272 5 4
1 196 264 4 4
1 190 240 3 4
1 193 248 2 4
1 199 256 4 5
1 201 235 2 4
1 204 243 2 4
1 209 252 3 4
1 219 247 3 5
1 243 246 4 4
1 252 240 4 4
1 265 234 4 4
1 271 230 4 5
1 275 225 5 5
1 204 211 2 5
1 209 209 2 4
1 209 219 2 4
1 213 228 3 4
1 225 243 3 3
1 214 207 2 5
1 219 205 4 4
1 215 216 2 5
1 218 225 2 4
1 223 233 3 4
1 219 235 3 6
1 229 242 3 3
1 233 240 3 4
1 239 237 5 5
1 229 230 3 4
1 219 215 2 5
1 223 223 2 4
1 224 212 2 4
1 229 220 3 5
1 233 228 3 5
1 243 234 2 5
1 224 203 2 5
1 228 200 3 5
1 231 199 2 5
1 235 197 2 4
1 238 195 3 5
1 241 193 3 5
1 253 196 4 5
1 250 199 4 5
1 247 200 4 5
1 243 202 3 4
1 239 204 3 4
1 235 206 3 5
1 232 208 3 5
1 228 210 3 5
1 233 218 3 4
1 236 216 3 5
1 237 226 3 4
1 241 224 3 4
1 246 232 3 5
1 250 230 3 5
1 254 228 3 4
1 257 227 4 4
1 260 225 4 4
1 263 224 4 4
1 267 222 5 5
1 258 205 5 5
1 240 214 3 4
1 245 222 3 4
1 243 212 3 4
1 249 219 4 5
1 247 210 3 5
1 252 207 4 6
1 255 207 4 4
1 252 218 4 4
1 256 216 4 4
1 260 214 5 5
1 262 213 3 5
