4 310 100 8 4
4 314 97 9 4
5 318 94 8 4
4 299 108 10 4
4 301 106 9 3
4 303 105 9 4
5 309 140 12 8
5 313 138 12 8
6 323 137 17 11
1 326 132 2 3
4 270 179 17 11
4 245 203 18 14
4 251 194 15 15
4 260 191 18 11
4 216 225 18 15
4 206 231 17 16
8 157 215 17 13
5 399 284 29 19
6 399 268 34 19
3 402 324 13 3
7 338 286 11 7
5 358 237 9 18
7 358 226 6 7
4 366 210 10 14
5 370 198 9 14
4 407 232 13 16
4 407 209 18 13
7 388 182 5 6
2 388 180 2 3
1 404 165 3 6
1 399 161 3 5
4 385 147 16 6
5 387 129 6 6
4 391 120 5 6
5 394 115 5 4
10 392 114 2 3
10 395 107 3 2
10 397 103 2 3
4 401 98 4 4
4 398 94 11 3
4 295 116 6 4
10 53 97 2 3
2 52 95 1 2
