2 287 60 2 5
2 305 58 3 5
2 207 77 2 4
1 154 335 5 6
1 149 347 6 8
10 137 345 13 5
10 140 337 13 5
10 149 286 11 8
3 151 279 9 4
10 157 260 12 6
10 158 249 10 8
10 172 197 10 4
10 171 193 9 5
10 172 189 10 5
10 173 186 8 6
10 173 181 8 5
10 177 169 7 6
10 178 161 9 4
10 179 149 8 3
10 208 201 11 6
10 209 154 8 6
10 216 139 9 5
10 214 136 9 5
10 224 118 9 5
10 186 119 7 4
10 187 113 7 4
10 189 95 6 3
10 215 96 8 5
10 207 78 4 5
8 221 78 11 8
4 217 87 16 9
4 214 91 16 11
4 217 111 20 12
4 218 121 20 11
4 217 128 20 11
5 216 103 19 12
4 218 146 24 11
4 219 162 24 10
5 219 174 24 11
4 220 184 26 9
4 220 209 28 13
4 219 219 27 14
4 221 233 27 11
4 219 245 30 14
4 221 260 30 16
4 218 303 35 16
4 215 318 33 14
4 215 337 34 14
10 287 62 7 3
10 305 59 8 3
