4 176 130 4 6
4 202 172 5 9
4 201 203 6 11
4 200 256 7 16
4 198 287 8 20
4 193 357 14 15
4 184 152 5 9
5 173 145 5 7
10 197 313 4 11
10 209 312 5 13
10 195 173 2 5
10 199 154 1 4
10 201 120 1 3
10 202 98 1 3
10 202 92 1 2
10 200 89 1 2
10 200 83 1 2
10 202 66 1 2
10 202 64 1 2
4 201 54 2 2
3 198 135 1 4
3 195 187 1 5
3 195 194 2 5
10 192 188 2 5
3 222 279 3 7
1 177 154 1 4
1 178 153 1 4
1 186 140 1 3
1 169 294 3 5
2 197 313 2 5
2 197 311 3 5
2 222 277 2 4
2 195 172 1 2
2 195 193 1 3
2 195 186 1 3
2 192 188 1 3
2 198 134 1 2
2 199 153 1 2
