3 186 238 8 5
1 175 208 3 7
1 199 208 3 4
4 188 148 14 4
4 212 161 5 8
8 209 177 4 8
7 233 199 5 9
5 249 209 9 14
7 256 237 5 14
8 262 254 7 16
4 284 227 18 10
10 280 207 3 5
10 184 176 8 3
10 184 172 8 3
10 186 181 4 5
10 189 185 4 5
2 208 207 1 5
10 208 208 3 6
2 206 312 3 8
7 206 312 4 14
2 253 290 4 6
10 253 291 3 10
8 275 311 15 17
10 266 216 7 5
10 270 214 7 6
10 264 209 6 4
10 259 206 5 4
10 277 192 6 4
10 276 192 6 4
8 223 131 3 5
1 204 143 1 4
2 204 131 1 4
3 204 132 1 3
8 216 98 1 3
5 219 95 3 4
4 192 126 12 4
7 217 106 1 3
