5 87 110 6 3
6 95 126 10 6
6 93 120 11 5
1 118 129 1 2
9 126 115 14 6
6 126 110 14 7
0 91 100 5 3
0 82 95 2 1
1 82 99 0 1
5 170 100 3 5
5 171 108 2 4
5 126 279 8 10
4 158 317 6 11
6 165 269 10 22
6 143 235 11 18
4 180 224 4 8
4 190 235 4 9
4 194 278 4 10
5 169 94 3 4
5 173 93 3 3
4 183 95 2 4
4 176 108 3 4
4 181 104 2 3
4 178 122 3 4
4 169 134 2 4
4 169 126 3 4
4 172 119 2 5
4 186 108 2 4
4 191 128 2 4
4 167 149 3 5
4 166 159 3 4
6 189 99 5 9
5 187 137 2 6
5 184 118 3 6
6 181 142 4 11
4 189 148 3 6
6 176 150 5 13
6 196 153 5 12
4 191 178 3 6
4 182 172 3 6
6 175 184 5 13
4 160 184 4 5
4 163 170 3 5
10 175 270 2 4
10 176 254 1 4
10 169 139 1 2
2 169 138 1 2
2 175 253 1 2
2 175 270 1 2
6 192 197 3 8
6 199 208 5 13
5 265 321 7 7
