1 152 264 6 14
1 156 255 8 14
4 287 330 50 69
4 174 344 39 41
4 129 336 56 56
4 280 263 26 43
5 280 224 16 25
4 206 214 21 30
5 278 192 19 33
4 275 169 16 18
4 228 161 13 19
4 274 152 13 14
4 273 137 11 12
4 271 126 10 11
4 272 116 9 10
4 272 109 8 8
4 231 145 12 16
4 235 132 12 13
5 237 119 10 12
5 239 112 7 8
4 242 105 9 12
4 243 100 7 7
4 244 94 6 6
4 271 98 7 8
1 281 110 2 7
4 269 89 6 7
4 267 81 10 5
4 238 85 14 7
5 205 92 16 8
4 182 119 24 10
4 283 76 12 5
4 336 80 13 5
4 320 69 8 4
4 315 67 8 3
4 308 65 7 3
5 313 74 12 6
0 351 60 15 10
1 90 257 11 13
1 107 253 13 14
1 152 187 5 14
1 175 189 3 12
1 175 187 4 6
1 212 134 4 9
1 212 148 3 11
1 216 150 3 6
1 133 153 4 10
1 136 152 4 10
1 115 145 5 10
1 115 125 5 9
5 100 160 27 18
3 105 122 6 6
1 24 227 10 11
1 29 218 12 15
10 250 231 10 19
2 250 228 10 10
2 251 233 12 16
