4 167 297 13 15
4 158 260 14 15
4 159 241 17 9
8 131 239 6 10
4 196 225 10 11
4 213 199 9 11
1 209 192 2 5
4 223 181 8 9
5 237 158 6 7
4 210 155 11 4
4 214 152 10 4
4 221 143 10 5
5 227 134 8 5
4 229 133 6 4
5 252 123 9 4
10 237 125 3 2
2 237 124 1 2
4 231 126 8 4
4 222 125 6 4
5 209 124 9 4
10 190 118 3 1
2 190 118 1 1
1 188 115 1 3
4 191 117 7 3
4 36 143 10 5
4 71 128 8 4
5 78 124 7 6
5 86 121 7 5
6 92 118 9 7
8 134 115 4 4
10 104 104 2 2
2 104 103 1 2
4 75 99 6 3
10 77 95 3 3
4 80 95 6 2
4 73 94 4 3
4 80 93 5 3
4 91 94 4 2
4 93 95 4 2
4 172 110 6 3
4 150 94 4 3
4 154 93 4 2
5 159 100 4 3
5 161 98 6 4
10 175 108 3 1
2 176 107 1 2
1 222 109 1 3
4 286 97 3 2
4 287 94 3 2
