4 265 270 9 13
4 294 210 6 8
4 310 176 5 8
4 317 157 5 6
4 312 152 5 5
4 373 167 7 5
4 383 159 8 5
1 388 156 1 2
5 395 151 7 6
4 401 147 4 4
4 413 139 6 5
4 408 138 5 4
4 405 136 5 5
4 377 151 9 4
4 379 150 7 4
4 381 148 9 5
5 383 146 9 6
4 386 145 8 5
4 389 143 8 4
4 371 95 4 3
4 356 94 4 4
4 351 143 10 5
4 121 204 5 5
4 105 162 3 4
4 109 158 4 3
4 104 150 3 3
4 99 145 3 3
6 100 137 6 8
6 116 149 7 11
5 122 151 4 5
4 127 151 3 5
4 131 150 4 4
4 125 147 4 2
9 120 143 4 8
9 116 137 5 10
9 91 139 8 9
9 89 132 6 9
4 93 124 4 5
4 112 141 3 3
4 111 138 3 4
4 110 136 3 3
4 109 132 3 3
4 109 129 3 3
4 108 126 3 3
4 107 123 3 3
4 110 110 3 2
4 104 105 3 3
4 100 99 3 2
4 87 106 2 2
4 92 103 3 2
4 91 100 2 2
4 84 98 3 2
