2 165 306 3 7
5 188 270 6 13
5 82 269 9 4
5 81 259 9 8
5 86 254 10 8
4 91 252 8 7
4 97 248 8 6
5 101 244 9 8
5 131 227 12 8
4 156 238 10 4
4 160 231 10 5
5 160 214 4 6
4 159 209 4 5
1 158 205 1 2
1 163 207 2 2
4 160 203 3 5
4 160 196 4 5
5 159 190 4 4
2 76 216 2 2
1 70 221 2 3
2 66 218 2 1
2 86 196 2 1
2 92 193 2 1
2 124 179 1 2
5 156 160 3 3
5 162 159 3 4
4 157 128 2 2
4 173 132 2 2
1 145 113 0 2
1 146 113 0 2
5 165 113 3 2
5 195 158 3 4
5 197 165 3 4
4 190 173 6 4
4 186 180 7 3
4 228 171 4 4
6 246 162 5 5
9 231 162 5 13
9 369 218 22 9
2 404 170 0 1
2 381 174 1 2
2 359 152 2 1
2 362 153 2 1
2 378 170 2 1
2 373 171 2 0
1 373 163 1 2
