4 174 54 2 2
4 208 86 4 5
4 217 113 7 8
4 242 153 12 10
4 238 170 13 14
4 91 300 23 37
4 144 290 19 37
4 175 284 19 39
5 200 281 17 42
5 246 274 25 42
6 225 277 23 52
5 157 236 31 19
4 23 187 28 9
4 22 197 28 12
4 5 163 8 10
4 401 148 24 11
4 386 353 60 21
5 229 133 9 11
5 188 162 10 13
5 204 94 5 7
5 204 90 4 5
5 194 100 11 6
5 196 84 5 6
5 173 77 4 5
5 179 77 4 5
4 187 80 10 4
4 160 86 7 4
4 180 64 8 4
4 213 108 7 7
4 224 127 9 8
7 221 168 9 12
1 235 189 3 9
1 240 187 3 10
2 233 199 6 9
2 239 185 3 4
2 167 119 3 5
2 163 119 3 6
1 167 114 2 7
1 168 115 2 8
1 172 64 1 3
1 172 88 2 6
4 159 79 4 5
3 192 127 9 6
10 225 109 3 4
4 185 90 11 4
4 186 93 12 4
4 186 95 12 5
2 180 114 3 5
10 213 125 6 4
7 309 249 30 12
1 134 355 9 14
4 189 67 4 4
4 189 70 7 3
0 179 56 19 7
