4 241 331 11 24
4 259 313 10 23
4 260 266 9 14
4 244 255 8 16
4 256 221 7 13
4 246 196 6 10
4 225 208 8 16
4 253 177 5 7
1 146 254 2 9
1 149 254 2 8
4 151 203 23 11
4 236 159 5 9
4 240 133 4 7
5 230 144 4 8
4 241 113 3 6
4 238 97 5 4
4 243 89 3 3
4 250 92 5 4
4 254 58 3 2
4 236 58 1 2
4 237 56 1 1
10 243 61 0 2
4 233 67 2 2
4 234 64 3 2
4 229 83 3 2
4 229 80 2 2
4 232 72 2 3
4 218 111 5 4
4 280 179 6 8
4 279 169 5 8
10 272 188 2 5
1 300 201 2 6
1 276 146 2 3
4 264 57 2 2
1 264 80 0 2
4 265 70 2 2
4 265 68 2 2
4 260 64 5 2
10 262 70 0 2
10 263 73 0 2
1 269 113 1 3
4 277 61 3 2
4 278 64 3 2
2 262 69 0 1
2 263 72 0 1
2 272 186 2 3
