4 271 321 66 36
4 274 291 60 31
4 199 251 30 34
4 159 337 48 55
4 40 294 59 53
4 96 236 37 32
4 36 229 46 35
4 53 243 45 35
4 210 216 21 27
4 221 190 18 22
4 234 170 15 13
4 167 193 22 19
4 81 197 32 25
4 99 203 30 25
9 138 182 57 59
2 213 294 12 19
10 213 294 9 26
3 274 229 15 7
10 273 225 16 10
4 279 211 45 18
1 259 189 5 13
1 244 190 6 12
1 247 190 5 11
1 275 177 5 11
1 300 182 5 12
4 243 147 16 17
4 247 140 10 11
4 247 128 10 10
4 259 129 9 10
4 270 151 11 13
4 291 159 24 12
4 292 154 27 9
4 291 151 26 10
4 281 145 22 10
4 276 142 21 7
4 280 137 21 8
2 258 141 3 6
10 259 142 4 7
2 268 106 2 5
2 277 99 2 4
2 284 100 2 3
2 299 88 1 3
2 300 82 1 2
2 312 74 1 1
3 267 107 2 4
3 276 101 1 3
3 283 101 1 3
3 300 83 1 2
3 312 74 0 1
1 314 72 1 2
1 312 72 1 2
1 311 73 1 2
1 309 77 1 2
1 310 77 1 2
1 290 98 2 5
1 302 84 1 3
1 306 83 1 3
1 305 82 1 2
1 308 80 1 3
3 299 89 1 2
4 295 84 5 4
1 270 98 1 3
4 295 106 15 6
4 296 104 13 6
4 296 102 13 5
4 298 102 13 5
4 298 101 11 5
4 299 100 11 5
4 300 98 13 6
5 307 95 17 8
0 311 84 11 12
0 317 73 3 6
4 176 136 14 11
1 198 111 2 4
10 198 113 3 4
1 210 97 2 4
1 193 104 2 4
1 72 176 6 11
1 70 174 7 12
1 77 173 6 12
4 11 184 21 17
4 19 177 35 16
4 32 171 35 14
4 43 164 31 13
4 17 163 31 15
4 82 147 26 11
4 109 144 18 14
4 108 132 22 12
4 115 129 23 12
4 118 126 24 11
4 122 124 23 10
4 130 123 18 7
4 135 120 16 8
4 148 122 13 9
4 143 114 15 8
4 149 113 16 9
4 171 110 10 7
4 181 100 14 8
4 198 100 9 6
0 195 94 12 5
2 212 93 2 3
10 212 95 4 2
4 219 91 7 5
1 221 97 1 5
1 222 97 1 5
