4 27 185 35 16
4 75 202 36 14
4 96 186 32 13
4 148 194 34 16
4 149 177 30 15
4 199 224 34 16
4 215 159 23 16
4 237 132 12 14
4 184 137 12 16
4 174 129 11 14
4 178 114 9 13
4 191 117 9 14
4 204 114 8 12
4 224 110 8 13
4 234 89 7 9
4 303 232 38 17
4 174 341 23 43
4 206 342 23 44
4 234 351 21 27
4 269 353 23 22
4 363 236 40 15
4 365 189 28 12
4 395 206 33 13
4 386 221 35 15
4 405 192 22 12
1 278 155 2 9
2 234 172 2 8
2 233 190 5 7
2 246 168 4 7
2 292 147 3 6
2 262 114 3 5
2 22 243 7 7
2 39 259 7 7
2 73 269 8 7
2 89 165 3 5
2 91 164 3 7
6 190 155 34 21
10 91 168 8 5
10 73 273 9 5
10 43 260 6 12
10 26 246 19 6
2 291 330 7 7
2 300 348 8 5
2 308 336 7 5
2 316 349 5 6
2 291 300 5 7
2 303 314 6 6
1 338 309 6 9
10 289 303 8 11
10 290 330 6 17
10 300 315 6 16
10 299 348 5 11
10 307 337 6 16
10 317 348 7 12
0 366 345 13 18
0 354 319 11 14
1 343 303 5 10
0 350 307 8 8
2 232 249 6 9
10 233 250 15 5
1 144 281 4 10
1 161 287 6 9
1 165 282 6 9
0 274 74 6 15
2 251 102 2 4
2 259 95 2 4
2 252 85 2 3
2 255 80 1 3
2 259 81 2 3
10 252 86 2 4
10 250 104 2 5
10 259 98 2 5
10 262 117 2 5
10 259 83 2 3
10 255 82 1 2
0 266 62 4 10
0 267 78 2 5
1 250 58 2 4
0 301 165 11 15
10 234 173 6 7
10 232 193 11 4
10 246 172 5 6
10 291 150 5 6
10 311 167 7 5
2 311 163 4 6
2 314 164 2 7
2 323 167 2 7
2 326 168 4 6
10 322 169 10 8
0 349 173 34 15
0 380 174 9 6
