4 110 331 87 63
4 79 303 85 52
4 251 333 52 62
4 144 265 96 67
4 57 223 59 48
4 39 287 74 50
4 151 349 94 31
4 169 191 53 32
4 18 120 35 24
4 364 211 56 31
4 310 188 53 32
4 251 168 47 29
4 203 152 44 24
4 157 133 47 25
4 80 101 40 24
4 44 91 33 20
4 402 200 28 29
4 382 185 52 26
4 343 173 46 30
4 315 162 43 25
4 279 155 39 26
4 255 142 47 28
4 260 107 43 26
4 228 132 43 23
4 198 123 42 23
4 176 113 49 23
4 149 105 45 24
4 133 95 47 23
1 187 71 4 11
4 109 88 43 24
4 90 81 40 19
4 66 74 43 19
4 51 68 37 17
