1 6 276 11 19
1 4 266 6 18
4 65 212 33 37
5 83 182 25 30
3 38 196 10 12
5 86 66 9 8
4 64 109 30 13
4 130 135 20 16
4 48 123 34 18
4 78 96 31 12
4 115 132 16 15
4 160 104 10 11
4 130 110 12 10
4 138 98 10 9
4 142 91 10 10
4 145 87 9 8
4 150 78 8 7
4 152 75 7 7
4 153 72 7 6
4 156 68 6 6
4 156 66 6 5
4 158 63 6 6
4 160 61 5 5
5 161 59 5 6
4 162 57 5 4
6 178 54 4 3
1 177 172 7 15
4 306 318 45 64
4 389 254 44 42
4 383 209 25 26
4 358 189 23 23
4 339 172 24 18
4 370 161 39 18
4 363 147 38 16
10 404 143 12 8
10 413 126 6 5
10 412 117 6 7
10 395 120 11 8
10 403 111 6 7
10 393 116 9 6
3 396 114 7 6
3 388 102 4 6
4 292 182 25 22
4 313 137 19 15
4 261 129 15 12
4 292 118 16 11
4 242 112 12 10
4 242 102 10 9
4 221 95 9 8
4 232 86 8 7
2 265 105 3 7
10 266 107 3 7
4 286 109 13 9
5 281 102 12 11
4 272 98 14 9
4 268 94 16 8
4 268 90 11 7
5 261 84 9 8
5 258 81 7 7
4 251 77 9 7
1 250 78 2 7
1 248 78 2 7
4 244 67 7 5
4 241 65 6 4
4 239 63 7 4
1 247 60 1 4
1 245 60 1 4
1 240 58 1 4
4 214 55 4 4
9 225 57 7 9
1 230 57 1 4
1 231 60 1 4
2 233 55 1 2
3 233 56 1 2
2 234 57 1 3
2 234 60 1 2
10 234 61 1 3
10 234 58 2 3
5 370 134 33 15
5 361 130 33 16
4 357 125 25 11
5 348 121 30 14
5 339 116 24 13
6 332 112 25 12
6 322 105 25 11
4 371 106 25 10
4 365 102 24 11
5 354 95 26 12
6 339 86 20 9
5 336 84 17 8
2 314 72 3 5
3 313 73 6 4
4 266 55 9 3
4 267 56 9 3
4 267 56 10 3
4 267 57 9 3
4 292 67 6 5
4 298 62 12 6
4 314 100 24 8
4 308 96 20 8
4 305 94 21 7
5 303 90 21 9
4 296 88 19 7
5 291 84 14 8
5 292 81 21 9
4 286 80 16 7
5 282 78 15 8
4 281 77 14 6
5 281 75 14 7
