4 293 291 76 63
4 177 201 33 27
4 143 179 26 20
4 226 192 35 25
4 123 164 23 19
4 198 178 33 21
4 265 197 42 22
4 106 152 19 14
4 94 142 16 13
4 116 132 15 12
4 103 126 13 11
5 132 140 19 16
5 153 141 18 13
5 180 137 16 14
4 166 132 18 10
4 149 125 9 9
4 140 120 15 10
4 142 114 18 9
4 131 113 19 8
4 112 110 11 8
4 208 148 24 13
4 224 157 23 14
4 319 221 57 31
4 268 215 50 32
4 288 166 28 18
4 305 175 32 21
4 83 115 12 9
4 75 112 9 8
4 73 106 8 7
4 76 102 6 6
10 240 119 5 6
4 389 284 54 56
4 66 103 7 6
4 90 100 7 5
4 70 98 7 5
4 87 98 4 4
4 84 95 5 4
4 81 93 5 4
4 77 92 5 4
4 74 88 5 4
4 73 87 4 3
4 71 86 4 3
4 66 83 4 3
4 62 82 5 3
4 62 89 5 4
4 60 88 4 3
4 59 86 4 3
5 55 83 5 4
4 58 77 7 2
4 52 76 4 2
4 56 76 4 2
4 59 75 4 2
4 51 79 6 2
1 76 98 2 4
3 76 99 3 3
7 309 122 12 7
0 304 119 8 2
