4 278 306 19 9
4 281 230 15 7
4 281 225 14 5
4 281 213 13 6
4 283 210 14 5
4 291 194 8 5
5 266 180 13 6
4 240 179 11 4
1 294 144 1 2
4 303 145 8 3
4 300 139 8 3
0 295 131 13 10
4 248 145 7 3
4 248 138 7 3
4 245 126 6 3
1 237 122 0 2
1 236 123 0 2
4 229 137 3 3
4 171 133 5 2
0 156 173 14 5
10 151 169 3 2
5 138 175 9 4
0 139 172 14 4
4 129 132 6 2
4 123 132 6 3
4 121 140 4 3
4 114 145 5 4
8 110 147 3 3
4 118 124 6 2
4 121 121 5 2
4 122 120 5 2
4 124 119 6 2
4 127 117 6 2
0 113 126 4 3
4 354 142 7 2
4 353 140 7 2
4 351 139 5 2
4 359 144 8 3
4 360 146 8 2
4 366 150 8 3
4 368 152 8 3
4 403 159 10 3
4 386 138 5 5
4 405 264 20 8
4 396 245 19 7
4 380 220 16 6
4 386 197 11 5
9 400 181 20 10
2 178 174 1 2
10 179 175 3 2
10 179 166 1 3
4 132 304 18 9
