4 147 320 23 11
4 6 172 11 8
4 7 213 13 12
4 153 311 20 16
4 150 300 20 15
4 157 295 21 14
4 162 287 19 13
4 165 280 20 13
4 173 274 19 13
4 180 266 19 10
4 185 259 18 12
4 188 252 18 13
4 191 247 15 9
4 195 242 18 11
4 199 238 16 11
4 204 234 16 10
4 215 233 13 9
4 217 228 14 10
4 219 224 14 9
4 192 273 15 15
4 205 253 13 13
4 213 242 10 11
4 276 235 11 12
4 285 238 10 12
4 286 138 5 6
4 314 155 9 7
1 331 186 3 5
1 325 178 2 3
1 332 193 2 5
4 342 139 7 6
9 294 172 11 22
9 115 170 41 25
10 168 161 6 4
2 168 159 3 5
4 191 152 11 6
4 96 149 12 9
4 51 154 15 7
4 13 164 17 7
4 155 126 9 7
4 216 100 6 5
5 258 111 4 5
4 244 116 5 3
5 49 107 7 4
