4 165 254 72 38
4 201 222 52 26
4 242 226 53 33
5 297 208 41 28
4 139 206 38 18
5 128 201 41 20
4 199 197 32 16
4 79 195 41 15
4 129 187 35 14
4 166 181 37 12
4 9 191 16 13
4 55 187 19 13
0 41 154 10 5
0 47 155 10 5
0 55 155 9 5
5 65 158 17 7
4 92 163 18 7
4 82 162 16 7
4 32 153 5 4
4 30 151 11 4
5 72 182 16 12
4 87 182 14 10
4 80 172 16 9
4 100 178 15 10
4 115 176 17 10
4 20 181 35 9
4 16 179 30 9
4 13 177 24 10
4 13 175 24 10
4 10 171 18 9
4 9 168 16 9
4 46 165 10 7
5 41 162 11 7
0 32 160 9 6
0 54 167 9 7
5 183 168 16 11
1 189 173 2 6
0 53 220 16 14
1 196 176 2 9
8 202 177 10 8
4 203 168 12 9
5 232 170 21 13
1 229 163 2 8
1 251 166 2 8
1 253 166 2 8
4 384 171 25 11
4 403 166 15 10
4 413 163 7 9
5 133 172 14 10
