4 50 271 21 27
4 65 276 17 25
4 144 294 30 16
4 146 278 29 15
4 155 258 15 24
4 141 254 18 28
4 128 252 17 27
4 94 225 16 22
4 80 224 16 24
4 223 284 30 21
4 217 270 21 18
4 210 259 25 21
4 202 248 23 19
4 192 239 23 17
4 178 218 22 16
4 172 210 22 16
4 167 200 24 19
4 159 192 22 18
4 153 185 19 16
4 148 178 22 15
4 145 172 19 12
4 140 164 19 15
4 136 159 18 13
4 133 151 17 15
4 129 178 16 20
4 120 160 14 20
4 112 169 13 22
4 104 206 17 20
4 91 204 14 18
4 80 202 15 20
4 57 223 19 27
4 69 224 18 24
4 84 168 16 23
4 95 169 15 23
4 105 149 12 24
4 92 150 17 20
6 109 131 16 21
4 217 178 22 17
4 218 151 16 13
4 221 140 18 15
4 203 136 16 16
4 205 114 11 12
4 226 104 19 10
4 287 109 17 13
4 303 121 16 15
4 324 136 20 17
4 348 156 20 16
5 381 177 24 20
5 355 125 18 17
1 257 166 3 9
1 187 314 4 5
1 190 317 4 6
1 189 321 4 4
1 74 297 7 6
1 79 299 7 5
1 86 300 5 7
1 76 293 4 4
9 340 309 57 26
4 27 316 36 15
4 78 318 16 15
