5 215 327 45 58
4 254 235 42 26
4 158 203 20 19
4 137 216 19 20
4 130 165 13 14
4 113 146 10 11
4 52 210 16 20
4 176 150 14 8
4 163 140 11 8
4 325 188 27 16
4 379 171 22 12
5 92 139 9 10
9 88 166 23 32
4 26 219 19 18
4 353 181 24 17
4 357 174 24 16
4 360 158 19 11
4 391 161 19 11
4 380 153 20 9
4 396 150 17 11
4 407 156 15 11
4 411 163 10 9
0 51 76 5 4
0 61 78 10 4
0 73 82 9 5
0 84 87 9 8
0 94 89 8 5
0 108 95 6 3
0 126 94 8 5
0 137 100 8 6
4 63 84 4 2
4 67 87 3 2
4 73 88 4 2
4 77 99 4 3
5 88 94 4 3
4 94 94 4 3
4 70 124 5 5
4 125 114 6 5
4 122 111 5 4
4 119 108 4 4
4 114 105 5 4
4 111 103 5 3
4 109 101 4 3
4 107 100 4 3
4 103 99 5 3
4 102 97 4 2
4 99 96 4 4
4 98 95 4 4
4 147 136 8 7
4 143 131 9 6
4 157 136 10 7
4 144 127 8 5
4 139 123 8 5
4 135 120 7 5
4 157 125 9 6
4 152 122 7 6
4 149 119 5 6
4 141 117 9 5
4 136 113 10 4
4 134 111 8 4
4 131 110 10 4
4 128 107 9 4
4 124 106 8 3
4 122 105 8 3
4 121 103 7 3
4 118 102 7 3
4 115 99 9 3
4 157 110 11 4
4 152 109 7 4
4 156 107 10 3
4 150 107 8 4
4 148 105 8 4
4 165 113 12 5
4 168 114 12 5
4 174 115 11 4
4 176 117 12 5
4 182 122 13 6
4 229 148 19 8
5 222 143 15 9
4 217 139 12 8
4 193 146 12 10
4 177 135 10 8
4 211 135 13 7
4 200 128 13 8
4 195 124 11 6
1 221 161 3 8
1 245 170 3 9
1 240 165 2 9
1 243 167 2 7
2 240 171 4 6
2 250 139 3 4
1 227 168 2 8
2 226 167 1 4
1 247 149 2 7
1 226 132 2 5
1 229 132 2 6
1 258 150 2 8
3 235 136 5 4
3 240 140 1 6
6 273 157 28 21
1 294 158 2 8
2 300 156 4 8
1 291 150 2 8
2 294 153 4 6
3 300 158 7 4
1 300 172 4 10
1 323 165 4 8
1 311 172 4 9
1 294 172 4 9
1 281 192 3 10
1 282 185 4 9
1 258 190 4 10
1 251 187 4 10
1 247 202 4 9
1 245 204 3 8
10 305 188 10 8
7 289 207 17 17
7 332 169 10 8
7 313 174 12 9
1 317 156 3 8
1 341 151 3 9
1 382 222 5 12
7 391 177 15 10
2 369 146 4 7
3 369 147 7 6
4 348 145 14 10
4 355 141 17 11
4 363 139 16 10
4 379 136 20 9
4 387 135 15 8
4 402 131 20 8
5 410 143 12 9
4 409 129 13 8
1 78 237 7 13
2 78 255 8 12
2 70 278 12 11
3 79 258 10 12
3 70 282 8 14
4 9 180 16 12
