4 3 54 5 3
5 56 76 7 9
5 71 93 4 6
5 100 83 3 4
5 79 111 10 4
5 23 119 19 8
5 14 147 16 10
4 38 142 11 6
4 44 113 5 4
1 37 122 2 3
5 199 315 19 25
5 248 312 26 21
5 279 351 38 25
4 247 246 16 16
4 236 251 14 17
4 223 254 15 18
4 259 243 10 14
10 30 209 2 6
5 204 256 15 19
5 411 193 10 8
4 406 190 10 6
5 373 173 14 8
4 363 169 10 6
10 360 202 6 6
10 259 181 5 3
10 237 182 5 3
10 271 193 4 3
10 248 177 2 2
10 245 177 2 2
10 252 176 2 3
10 257 176 2 2
4 257 193 17 8
4 196 191 10 10
4 219 185 9 10
5 210 189 10 10
4 252 187 16 7
4 246 157 12 5
4 229 159 11 5
5 214 175 11 4
1 221 172 1 4
4 146 172 14 7
4 99 171 15 9
4 99 167 15 7
4 172 159 12 6
4 170 156 13 5
4 144 158 12 7
4 142 155 13 5
4 141 152 12 4
4 139 149 13 5
4 137 146 11 5
4 135 144 13 5
4 162 145 13 5
4 166 151 13 5
4 153 160 12 7
4 158 140 11 5
4 154 137 10 4
10 181 143 2 3
10 177 139 3 4
10 179 141 4 3
10 77 173 3 6
8 46 157 6 7
3 33 125 4 3
10 84 118 4 2
8 69 120 6 3
10 60 125 4 2
1 59 124 1 2
2 84 117 2 2
2 70 120 1 2
2 33 125 2 2
4 162 122 6 6
4 159 118 5 4
4 128 129 10 4
4 125 126 10 4
4 124 123 9 5
4 129 132 10 4
4 99 103 5 3
