4 139 249 17 33
4 111 261 19 34
4 57 269 24 35
4 73 213 16 22
4 274 223 22 22
4 294 225 22 24
4 324 231 27 28
4 361 228 19 23
4 394 249 28 27
4 277 203 20 19
4 248 196 25 16
4 244 181 17 15
4 204 164 12 13
4 133 199 13 22
4 134 180 11 18
4 199 121 9 9
4 189 108 7 8
4 180 86 6 5
4 379 338 47 49
4 140 73 5 5
4 139 59 4 3
0 128 91 2 16
0 128 74 2 14
0 129 59 2 11
4 118 57 2 3
4 119 55 3 3
4 118 59 3 3
4 117 62 4 3
4 116 64 4 3
4 115 65 3 3
4 115 68 4 4
4 114 70 5 4
4 113 73 4 4
4 112 75 4 4
4 111 77 5 4
4 111 81 5 5
4 109 84 5 5
4 108 88 5 5
5 107 93 6 7
5 102 106 8 10
4 106 98 6 5
4 104 102 7 8
4 101 112 7 8
5 97 120 9 11
4 96 130 9 8
5 91 138 9 12
4 89 149 11 10
5 86 160 13 16
4 83 177 13 14
4 77 192 14 19
4 62 238 21 28
4 134 224 15 19
4 110 232 30 26
4 110 214 26 21
4 108 195 14 19
4 112 168 17 16
4 115 154 12 14
4 136 165 11 13
4 133 153 10 13
6 134 139 11 14
5 135 127 10 15
4 135 114 8 8
4 134 121 7 8
4 133 108 6 8
4 135 102 6 7
4 135 97 6 6
4 134 93 6 6
4 134 89 4 5
4 134 85 5 5
5 135 82 4 6
4 134 79 4 5
4 134 75 4 4
4 134 73 4 4
4 134 71 4 4
4 133 68 4 5
0 133 59 2 10
1 120 63 1 4
1 121 63 1 4
1 114 88 2 5
1 113 97 2 5
1 153 155 3 9
1 149 165 4 9
1 144 165 3 9
1 192 118 2 7
1 188 110 2 5
1 196 113 2 5
1 198 113 2 6
1 195 107 2 5
4 189 103 7 6
4 186 98 7 7
6 209 108 21 12
6 219 122 25 16
1 213 93 2 5
1 215 94 2 5
1 233 92 1 5
1 203 79 1 4
1 267 114 2 6
0 197 85 5 11
0 193 78 2 5
0 191 57 5 5
4 202 73 5 5
4 199 71 4 4
4 196 69 4 4
4 194 66 3 5
0 190 62 4 3
4 192 73 3 5
4 185 79 5 4
4 188 82 5 4
4 183 77 5 4
4 187 72 5 5
4 184 68 5 4
4 182 74 5 4
4 180 72 4 4
4 178 69 4 4
4 177 67 4 4
4 175 65 3 3
4 174 63 4 4
4 172 61 4 3
5 181 64 5 6
0 177 57 3 6
0 169 56 4 5
1 165 60 1 4
0 174 57 1 3
3 216 94 3 4
1 249 139 3 8
10 244 139 7 5
10 247 143 7 4
10 248 145 10 4
10 250 146 9 3
10 251 149 8 6
10 254 139 7 5
5 234 146 11 12
5 248 166 22 13
6 245 153 18 18
6 262 180 21 21
4 340 228 24 28
5 319 324 36 41
4 396 322 39 46
3 180 302 8 16
2 179 300 8 13
