5 184 273 19 13
4 367 273 17 20
4 351 200 17 7
4 260 190 16 7
4 387 203 19 8
4 287 159 5 6
4 280 156 5 6
5 285 152 5 7
4 278 152 4 6
4 276 132 4 4
4 275 125 3 3
4 282 118 3 3
4 190 133 9 4
4 192 131 8 2
2 268 174 1 3
2 249 161 1 2
2 255 133 1 2
2 257 128 1 1
10 254 134 1 2
10 249 162 1 2
10 267 175 5 3
10 257 129 1 1
5 284 142 4 7
4 276 111 3 3
4 268 106 2 2
4 272 107 2 2
4 275 105 2 2
4 277 103 2 2
4 275 98 2 2
4 270 97 2 2
4 274 96 1 1
4 271 96 2 2
4 271 93 2 2
2 259 97 0 1
10 259 98 1 1
1 349 185 2 3
1 367 185 1 3
10 348 187 6 3
10 366 187 4 3
10 233 311 4 12
10 147 265 8 5
10 148 262 7 5
