1 101 347 19 35
4 361 328 81 73
1 288 299 14 33
5 329 258 49 61
1 276 199 9 22
1 326 153 8 16
4 102 235 52 60
4 221 190 27 35
4 257 170 25 24
4 238 156 28 24
4 199 147 28 21
4 222 131 22 18
4 265 152 21 21
4 268 139 19 13
5 132 193 38 42
4 94 173 49 24
4 104 143 33 22
4 86 139 30 19
4 237 121 18 16
4 318 168 22 27
4 280 113 15 14
4 251 114 14 12
4 259 109 11 11
4 266 103 12 10
4 271 99 10 10
5 282 89 9 10
4 293 101 11 11
4 306 101 9 10
4 299 94 9 9
4 310 95 9 9
4 303 89 8 8
4 307 87 8 7
4 306 84 8 8
4 306 80 7 6
4 316 82 7 6
4 329 130 16 14
4 333 120 12 14
4 332 108 11 11
4 335 103 8 10
4 334 94 9 9
4 288 81 6 8
4 283 77 12 6
4 304 76 6 5
4 303 73 6 5
4 313 78 7 5
4 312 75 5 6
0 305 66 12 10
0 324 72 10 8
0 287 68 7 9
4 404 142 20 21
