6 154 345 42 38
4 200 342 21 44
6 34 309 29 52
10 43 212 19 8
4 62 216 24 35
4 74 181 20 31
4 84 146 19 29
10 98 204 7 13
10 224 246 9 16
2 224 245 7 7
10 87 125 9 10
6 79 101 25 38
4 60 103 17 24
4 68 65 27 13
10 160 164 6 15
2 159 162 4 8
4 185 170 16 29
10 114 246 8 19
2 114 246 7 14
10 257 236 5 14
4 237 199 16 32
1 234 217 5 6
1 259 213 4 4
6 234 164 15 31
1 271 158 4 10
10 232 142 12 8
10 247 112 4 10
4 232 98 12 21
4 231 73 12 19
4 196 79 12 19
10 209 58 4 10
2 209 56 3 6
10 233 58 6 10
10 145 92 4 12
