4 263 109 4 5
2 254 112 1 3
8 254 112 2 4
4 223 109 10 4
4 220 112 9 4
4 217 116 4 5
4 218 120 5 4
4 199 118 6 6
4 206 119 5 5
4 188 126 7 6
4 191 130 8 6
4 204 127 7 7
4 211 128 7 5
4 201 132 7 6
2 249 129 2 4
10 249 129 1 4
5 233 139 7 9
9 241 128 10 11
5 224 152 9 11
5 211 167 13 17
5 181 199 18 18
5 178 155 21 12
5 60 152 9 9
4 49 122 8 6
4 49 119 7 4
1 43 123 3 5
1 42 123 2 4
1 40 124 3 4
4 35 126 13 5
4 33 133 9 6
1 39 155 3 7
1 42 155 3 6
1 56 164 3 7
4 31 176 19 11
2 3 147 3 4
3 4 148 7 4
3 8 146 5 4
4 106 184 16 12
5 116 186 17 13
4 129 188 17 15
4 141 191 17 13
4 162 221 20 17
4 136 244 23 21
5 97 282 33 35
1 86 312 7 14
2 67 317 7 9
2 57 316 8 11
5 28 342 51 44
4 256 215 14 14
0 253 70 39 11
4 228 92 3 3
4 223 92 3 3
4 216 92 3 3
1 234 82 1 3
1 236 80 1 3
