5 82 231 14 17
4 72 187 9 7
5 77 165 7 7
5 90 161 7 6
5 94 145 6 7
5 109 152 5 6
5 118 133 3 4
5 125 129 3 4
6 116 152 7 12
6 86 144 9 9
6 123 155 7 8
4 97 134 4 3
4 114 141 4 4
4 120 130 2 3
4 103 127 3 2
4 132 126 2 3
4 122 125 2 3
4 129 121 2 2
4 126 120 2 2
4 108 123 3 2
4 110 121 2 2
4 130 118 2 2
4 135 116 2 2
4 135 113 2 2
6 114 115 3 4
6 118 114 3 3
6 120 111 3 4
6 127 115 2 4
4 133 110 1 2
4 129 112 1 2
4 125 110 2 2
4 132 107 2 2
6 124 104 2 3
6 126 104 1 2
4 125 108 1 2
4 121 107 1 1
6 123 109 2 3
4 126 109 2 2
4 128 106 1 2
0 134 101 13 7
9 235 299 18 32
4 330 311 24 16
4 272 264 11 13
4 265 253 10 12
4 260 243 17 9
4 251 235 9 10
4 239 230 10 10
4 245 228 8 10
6 210 214 13 15
4 226 207 7 8
4 222 202 6 8
4 218 198 7 7
4 214 193 7 7
4 183 177 5 5
5 203 180 6 7
4 200 177 4 4
4 196 173 6 5
4 195 170 4 5
6 178 167 6 8
9 165 150 5 7
6 158 139 5 7
6 162 140 5 6
4 160 151 4 4
4 161 146 3 3
4 167 163 5 5
1 228 196 2 5
1 185 147 1 2
1 195 159 1 3
1 196 159 1 3
1 171 136 1 2
4 189 163 5 5
4 183 161 4 5
4 186 161 3 4
4 185 159 4 3
4 182 157 4 4
4 180 153 3 4
4 153 133 2 2
6 160 127 4 4
4 152 126 2 3
0 154 116 15 14
1 5 200 2 4
1 3 200 1 4
1 34 171 2 3
1 40 176 1 3
1 41 176 1 3
1 42 172 2 4
1 36 170 2 4
1 37 168 2 3
1 44 173 1 2
1 49 166 1 4
1 50 170 1 3
1 62 153 1 3
1 67 151 1 2
1 90 129 1 2
1 86 132 1 2
1 81 134 1 2
1 84 132 1 2
1 73 146 1 2
