4 22 158 21 11
4 50 152 29 10
4 91 143 22 10
4 126 136 18 9
1 125 137 5 7
4 143 131 17 9
4 154 129 15 8
4 160 127 13 7
1 150 122 2 7
1 172 125 2 7
1 167 120 2 5
1 168 119 2 6
4 183 123 14 7
4 201 119 14 6
4 210 116 13 6
4 217 116 12 6
1 204 113 2 5
4 228 113 13 5
4 232 112 13 6
4 241 110 12 5
4 246 109 10 5
4 249 109 10 5
1 249 111 2 5
4 253 108 10 5
4 257 107 10 5
4 264 106 10 5
1 264 109 1 5
1 264 102 1 3
4 270 104 9 4
4 276 102 9 4
4 282 105 8 4
4 289 103 6 4
4 279 102 8 4
4 281 103 8 4
4 284 102 7 4
4 285 100 8 4
4 291 100 10 3
4 289 100 6 4
4 292 100 8 4
4 294 99 7 5
4 296 98 8 5
4 298 98 7 3
4 301 98 8 4
4 309 97 9 4
4 310 99 8 4
2 321 98 2 4
10 321 99 4 2
4 355 91 8 3
4 366 88 7 3
4 368 88 6 3
4 370 87 6 2
4 371 87 5 2
5 372 87 5 2
4 375 86 6 3
4 377 86 5 2
4 377 86 6 2
4 380 86 5 2
5 381 85 5 2
0 394 83 23 2
0 398 88 8 3
1 383 87 1 2
0 371 89 2 2
4 363 93 4 4
4 359 95 6 3
4 344 100 8 4
4 346 98 6 3
1 414 100 2 4
1 397 104 2 5
4 400 96 9 8
4 362 107 8 7
4 356 102 5 4
4 350 104 8 6
4 350 108 9 5
4 344 106 6 4
4 340 108 7 5
5 332 109 9 7
5 325 111 8 5
4 318 114 10 7
4 303 120 11 6
4 304 106 8 5
4 303 132 16 7
4 310 122 12 6
4 342 120 11 7
4 341 136 14 9
4 348 145 11 12
4 308 112 9 7
4 290 112 10 6
4 292 118 11 7
4 282 122 14 8
2 352 123 2 4
3 352 125 3 4
1 331 142 3 11
3 337 149 5 8
3 333 152 5 6
4 332 163 19 16
4 267 126 13 8
9 321 106 20 12
9 245 128 30 20
4 224 140 18 10
4 258 147 17 11
4 270 154 19 13
4 202 147 21 11
4 178 155 24 12
4 152 164 28 14
4 141 155 23 11
9 170 143 60 33
4 114 176 34 17
2 45 167 5 10
3 45 170 13 8
9 119 236 157 92
1 124 300 12 25
3 198 257 16 19
1 270 273 11 25
1 301 230 7 20
1 309 230 9 18
1 315 231 8 19
1 315 224 8 18
1 316 218 8 18
1 297 171 4 14
2 239 269 18 19
2 303 215 7 15
2 323 193 8 15
3 323 196 8 13
3 302 217 8 14
10 238 270 21 30
4 294 197 35 21
4 269 218 34 26
4 231 249 47 35
1 293 347 11 29
4 361 226 77 31
4 253 348 84 32
1 29 347 16 27
1 52 353 16 23
1 38 355 18 18
2 91 356 20 17
