1 67 353 10 23
0 87 358 20 12
0 215 358 18 12
1 162 291 6 34
1 188 328 10 38
1 197 333 8 19
1 246 316 15 39
1 230 294 11 32
1 222 298 5 19
1 198 310 10 29
1 183 313 13 40
1 260 256 8 24
1 279 268 5 22
2 293 303 13 29
10 292 313 7 15
10 219 272 6 17
10 220 255 5 12
2 220 248 3 12
2 219 263 8 18
2 240 253 4 9
2 243 242 4 9
3 241 262 3 8
3 243 250 4 8
1 263 232 4 11
1 270 231 3 11
1 244 226 5 7
1 237 225 3 12
1 211 236 5 18
1 178 265 8 16
1 160 225 5 15
1 170 225 2 9
1 176 225 3 12
1 166 220 4 7
1 200 223 3 13
1 186 219 3 13
2 178 201 3 7
1 172 203 3 8
1 168 203 2 4
1 175 214 4 7
1 191 214 3 11
1 208 218 2 10
1 204 219 3 7
2 199 211 3 8
0 193 199 22 15
4 184 246 35 22
4 188 235 35 16
0 408 281 6 13
1 218 215 5 9
1 222 219 4 8
1 226 219 3 6
1 229 221 6 8
