10 190 55 6 4
10 182 55 7 4
10 182 57 8 3
10 182 60 8 3
10 179 62 8 4
10 179 64 7 4
10 178 65 7 3
10 177 69 6 5
10 178 73 6 5
10 175 74 8 7
10 185 76 5 9
2 186 76 2 6
2 194 132 4 6
1 159 172 3 7
2 228 198 5 5
2 248 204 4 6
2 192 221 4 5
2 265 236 5 8
1 233 261 5 8
1 302 228 4 7
1 294 269 5 9
1 300 273 4 7
2 218 279 6 7
2 178 351 6 6
1 134 330 6 8
2 122 281 6 5
1 130 258 4 5
10 119 336 15 6
10 178 351 5 20
10 218 280 6 14
10 264 286 14 4
10 268 278 14 5
10 271 254 6 13
10 265 237 5 14
10 192 222 7 11
10 130 257 10 5
1 110 255 4 5
10 118 253 12 5
10 228 200 4 11
10 248 205 7 14
10 297 213 10 8
10 319 182 10 7
10 320 179 11 5
10 322 176 12 5
10 194 134 4 11
10 143 126 5 11
10 149 110 6 8
10 167 103 8 6
4 163 125 15 22
6 155 148 12 22
4 151 172 13 22
4 144 197 13 27
4 278 211 22 23
4 314 199 19 24
4 251 253 16 28
4 128 267 34 16
4 249 289 14 33
4 251 322 15 31
6 127 303 19 40
1 17 141 4 4
1 21 148 5 4
1 142 66 4 7
1 134 62 4 7
10 349 105 7 4
2 349 104 3 5
2 352 104 2 5
1 389 89 3 7
2 387 85 2 6
2 389 82 3 5
10 386 92 9 7
10 386 87 9 4
10 386 84 11 4
10 394 82 10 8
10 397 78 8 7
10 398 77 10 5
10 399 72 9 7
10 407 62 10 6
3 405 65 7 5
10 398 58 8 6
4 385 71 10 11
10 411 56 9 5
