7.0 0.811186974789916 0.3944911297852474 0.023634453781512604 0.08496732026143791
4.0 0.7673319327731093 0.34173669467787116 0.059873949579831935 0.08776844070961717
2.0 0.8072478991596639 0.38608776844070963 0.015756302521008403 0.04948646125116713
4.0 0.7158613445378151 0.2969187675070028 0.058823529411764705 0.08776844070961717
2.0 0.8159138655462185 0.38608776844070963 0.009978991596638655 0.03454715219421102
1.0 0.7993697478991597 0.415499533146592 0.02415966386554622 0.08216619981325864
4.0 0.43014705882352944 0.7665732959850607 0.1722689075630252 0.16433239962651727
4.0 0.8172268907563025 0.2815126050420168 0.046218487394957986 0.06816059757236227
4.0 0.8332457983193278 0.22268907563025211 0.038340336134453784 0.058823529411764705
1.0 0.7631302521008403 0.4253034547152194 0.02100840336134454 0.07936507936507936
1.0 0.7767857142857143 0.42250233426704015 0.018907563025210083 0.08123249299719888
2.0 0.7828256302521008 0.4005602240896359 0.011029411764705883 0.03734827264239029
3.0 0.6297268907563025 0.49486461251167135 0.046218487394957986 0.059757236227824466
2.0 0.6313025210084033 0.4789915966386555 0.025210084033613446 0.07282913165266107
2.0 0.6460084033613446 0.488328664799253 0.022058823529411766 0.07096171802054155
1.0 0.4117647058823529 0.3295985060690943 0.014705882352941176 0.06349206349206349
1.0 0.41964285714285715 0.35527544351073764 0.012605042016806723 0.047619047619047616
1.0 0.40861344537815125 0.34173669467787116 0.017857142857142856 0.07282913165266107
2.0 0.3944327731092437 0.3520074696545285 0.009453781512605041 0.026143790849673203
1.0 0.2027310924369748 0.3211951447245565 0.018907563025210083 0.07096171802054155
4.0 0.5945378151260504 0.12184873949579832 0.05672268907563025 0.0457516339869281
4.0 0.6037289915966386 0.09850606909430439 0.0467436974789916 0.02707749766573296
4.0 0.6341911764705882 0.09103641456582633 0.0467436974789916 0.036414565826330535
4.0 0.5152310924369747 0.17133520074696545 0.051470588235294115 0.0457516339869281
8.0 0.9724264705882353 0.018207282913165267 0.016281512605042018 0.03454715219421102
10.0 0.6425945378151261 0.16479925303454715 0.022584033613445378 0.036414565826330535
1.0 0.665703781512605 0.15126050420168066 0.007878151260504201 0.028011204481792718
1.0 0.6714810924369747 0.14799253034547152 0.005777310924369748 0.032679738562091505
1.0 0.6720063025210085 0.14799253034547152 0.006827731092436975 0.03454715219421102
1.0 0.680672268907563 0.1484593837535014 0.0063025210084033615 0.03361344537815126
0.0 0.6100315126050421 0.04435107376283847 0.16754201680672268 0.0718954248366013
1.0 0.883140756302521 0.13071895424836602 0.01207983193277311 0.03361344537815126
