4.0 0.5165441176470589 0.3160597572362278 0.016281512605042018 0.025210084033613446
6.0 0.5207457983193278 0.2908496732026144 0.016281512605042018 0.03081232492997199
7.0 0.4380252100840336 0.6008403361344538 0.025210084033613446 0.08123249299719888
4.0 0.3954831932773109 0.561624649859944 0.0546218487394958 0.08309990662931839
4.0 0.5267857142857143 0.3510737628384687 0.017857142857142856 0.03361344537815126
2.0 0.4338235294117647 0.5980392156862745 0.014705882352941176 0.05322128851540616
4.0 0.3589810924369748 0.5070028011204482 0.04779411764705882 0.0765639589169001
2.0 0.44406512605042014 0.5952380952380952 0.008928571428571428 0.03454715219421102
4.0 0.5175945378151261 0.3930905695611578 0.023634453781512604 0.035480859010270774
5.0 0.573266806722689 0.5177404295051354 0.04044117647058824 0.06255835667600373
1.0 0.1714810924369748 0.5788982259570495 0.017331932773109245 0.07096171802054155
4.0 0.4842436974789916 0.31139122315592904 0.015756302521008403 0.02707749766573296
4.0 0.4900210084033613 0.28057889822595705 0.012605042016806723 0.025210084033613446
1.0 0.10110294117647059 0.5644257703081232 0.013130252100840336 0.0700280112044818
1.0 0.12263655462184873 0.569094304388422 0.014180672268907563 0.06816059757236227
2.0 0.12211134453781512 0.5574229691876751 0.008928571428571428 0.03361344537815126
2.0 0.7171743697478992 0.7754435107376284 0.026785714285714284 0.07936507936507936
3.0 0.7145483193277311 0.800186741363212 0.04569327731092437 0.07096171802054155
2.0 0.7815126050420168 0.9673202614379085 0.01995798319327731 0.04668534080298786
2.0 0.7891281512605042 0.9584500466853408 0.03413865546218487 0.07749766573295985
2.0 0.811186974789916 0.9710550887021475 0.022584033613445378 0.05415499533146592
3.0 0.7854516806722689 0.972922502334267 0.06355042016806722 0.05228758169934641
1.0 0.16281512605042017 0.5135387488328664 0.011554621848739496 0.05042016806722689
1.0 0.18198529411764705 0.5317460317460317 0.01523109243697479 0.040149393090569564
1.0 0.16885504201680673 0.5247432306255836 0.01523109243697479 0.05788982259570495
2.0 0.15782563025210083 0.5350140056022409 0.008928571428571428 0.029878618113912233
3.0 0.6423319327731093 0.5004668534080299 0.015756302521008403 0.04108309990662932
2.0 0.6444327731092437 0.4827264239028945 0.011554621848739496 0.04295051353874883
4.0 0.21008403361344538 0.3758169934640523 0.05777310924369748 0.04388422035480859
4.0 0.21796218487394958 0.3510737628384687 0.046218487394957986 0.029878618113912233
4.0 0.24868697478991597 0.3408029878618114 0.0467436974789916 0.035480859010270774
4.0 0.12368697478991597 0.4327731092436975 0.051995798319327734 0.0457516339869281
8.0 0.5475315126050421 0.29551820728291317 0.016281512605042018 0.04388422035480859
0.0 0.508140756302521 0.20588235294117646 0.06565126050420168 0.11484593837535013
10.0 0.2623424369747899 0.41409897292250236 0.022584033613445378 0.036414565826330535
0.0 0.23503151260504201 0.2931839402427638 0.18224789915966386 0.07469654528478058
5.0 0.6662289915966386 0.30765639589169 0.022584033613445378 0.03454715219421102
5.0 0.6846113445378151 0.3188608776844071 0.020483193277310924 0.03081232492997199
4.0 0.7198004201680672 0.36834733893557425 0.030987394957983194 0.04201680672268908
4.0 0.8405987394957983 0.4803921568627451 0.06039915966386555 0.06442577030812324
7.0 0.8096113445378151 0.5196078431372549 0.037289915966386554 0.06442577030812324
7.0 0.8652836134453782 0.557889822595705 0.05934873949579832 0.07936507936507936
8.0 0.7150735294117647 0.5121381886087768 0.05934873949579832 0.09056956115779645
8.0 0.6783088235294118 0.47945845004668536 0.030987394957983194 0.051353874883286646
5.0 0.6462710084033614 0.40289449112978526 0.030987394957983194 0.051353874883286646
1.0 0.9480042016806722 0.5028011204481793 0.011554621848739496 0.055088702147525676
0.0 0.756827731092437 0.4402427637721755 0.08823529411764706 0.08870214752567694
0.0 0.6688550420168067 0.35154061624649857 0.06880252100840337 0.032679738562091505
0.0 0.6294642857142857 0.3104575163398693 0.0351890756302521 0.04388422035480859
1.0 0.570640756302521 0.3473389355742297 0.01207983193277311 0.035480859010270774
1.0 0.8815651260504201 0.5620915032679739 0.016281512605042018 0.06722689075630252
10.0 0.6856617647058824 0.4327731092436975 0.01207983193277311 0.047619047619047616
1.0 0.7460609243697479 0.5354808590102708 0.01207983193277311 0.06629318394024276
1.0 0.694327731092437 0.4150326797385621 0.011554621848739496 0.047619047619047616
1.0 0.7345063025210085 0.545751633986928 0.014180672268907563 0.058823529411764705
10.0 0.7397584033613446 0.5644257703081232 0.03308823529411765 0.04388422035480859
