7.0 0.5785189075630253 0.3627450980392157 0.02468487394957983 0.08309990662931839
4.0 0.5375525210084033 0.3197945845004668 0.051995798319327734 0.08123249299719888
4.0 0.6790966386554622 0.04715219421101774 0.014705882352941176 0.02707749766573296
2.0 0.5758928571428571 0.3585434173669468 0.01523109243697479 0.05228758169934641
4.0 0.4887079831932773 0.2838468720821662 0.05514705882352941 0.08216619981325864
2.0 0.5853466386554622 0.3566760037348273 0.009978991596638655 0.03361344537815126
4.0 0.6717436974789915 0.06535947712418301 0.014705882352941176 0.026143790849673203
5.0 0.7024684873949579 0.12745098039215685 0.023634453781512604 0.040149393090569564
1.0 0.39784663865546216 0.34827264239028943 0.016281512605042018 0.07469654528478058
4.0 0.6152836134453782 0.1377217553688142 0.02468487394957983 0.04388422035480859
4.0 0.6176470588235294 0.08496732026143791 0.022058823529411766 0.029878618113912233
1.0 0.3335084033613445 0.34407096171802054 0.014705882352941176 0.07376283846872082
1.0 0.3550420168067227 0.34407096171802054 0.015756302521008403 0.07376283846872082
2.0 0.35635504201680673 0.3277310924369748 0.011029411764705883 0.031746031746031744
2.0 0.35005252100840334 0.5779645191409897 0.029936974789915968 0.08216619981325864
3.0 0.3471638655462185 0.596171802054155 0.05777310924369748 0.0700280112044818
2.0 0.3174894957983193 0.696078431372549 0.016281512605042018 0.0718954248366013
2.0 0.34164915966386555 0.7049486461251168 0.02888655462184874 0.08590102707749767
2.0 0.327468487394958 0.69234360410831 0.02888655462184874 0.10550887021475257
3.0 0.3245798319327731 0.7049486461251168 0.06302521008403361 0.08029878618113913
3.0 0.04595588235294118 0.5065359477124183 0.06144957983193277 0.06069094304388422
2.0 0.04543067226890756 0.49159663865546216 0.030987394957983194 0.07376283846872082
1.0 0.2710084033613445 0.28664799253034545 0.011554621848739496 0.05042016806722689
1.0 0.28965336134453784 0.3104575163398693 0.014180672268907563 0.0457516339869281
1.0 0.2767857142857143 0.2992530345471522 0.01680672268907563 0.06069094304388422
2.0 0.26313025210084034 0.3099906629318394 0.008403361344537815 0.02427637721755369
3.0 0.7358193277310925 0.15172735760971054 0.007352941176470588 0.021475256769374416
2.0 0.7363445378151261 0.13818860877684408 0.008403361344537815 0.026143790849673203
4.0 0.3589810924369748 0.11624649859943978 0.05724789915966386 0.0457516339869281
4.0 0.36685924369747897 0.09570494864612512 0.0467436974789916 0.02707749766573296
4.0 0.39311974789915966 0.08636788048552754 0.0467436974789916 0.036414565826330535
4.0 0.2817752100840336 0.17553688141923435 0.051995798319327734 0.04481792717086835
8.0 0.6998424369747899 0.021942110177404293 0.016281512605042018 0.04388422035480859
10.0 0.4104516806722689 0.16293183940242764 0.022584033613445378 0.036414565826330535
1.0 0.4498424369747899 0.1223155929038282 0.007878151260504201 0.028011204481792718
1.0 0.45561974789915966 0.12044817927170869 0.005777310924369748 0.031746031746031744
1.0 0.4587710084033613 0.11484593837535013 0.006827731092436975 0.03361344537815126
1.0 0.4634978991596639 0.12138188608776844 0.006827731092436975 0.035480859010270774
0.0 0.3789390756302521 0.04201680672268908 0.16859243697478993 0.07282913165266107
5.0 0.8371848739495799 0.06676003734827264 0.023109243697478993 0.036414565826330535
5.0 0.8595063025210085 0.08029878618113913 0.020483193277310924 0.031746031746031744
4.0 0.8988970588235294 0.12978524743230627 0.030987394957983194 0.04108309990662932
8.0 0.8797268907563025 0.2927170868347339 0.059873949579831935 0.09243697478991597
8.0 0.8426995798319328 0.25770308123249297 0.030987394957983194 0.05042016806722689
5.0 0.8130252100840336 0.16900093370681607 0.03046218487394958 0.05042016806722689
0.0 0.9120273109243697 0.1965452847805789 0.08771008403361344 0.08870214752567694
0.0 0.834296218487395 0.11624649859943978 0.06880252100840337 0.032679738562091505
0.0 0.7917542016806722 0.06862745098039216 0.0351890756302521 0.04388422035480859
1.0 0.7192752100840336 0.06582633053221289 0.006827731092436975 0.02707749766573296
10.0 0.8497899159663865 0.20588235294117646 0.01050420168067227 0.047619047619047616
1.0 0.9151785714285714 0.32259570494864614 0.01207983193277311 0.06629318394024276
1.0 0.9004726890756303 0.3272642390289449 0.014180672268907563 0.058823529411764705
10.0 0.9073004201680672 0.3506069094304388 0.03308823529411765 0.04388422035480859
