4.0 0.49816176470588236 0.38748832866479926 0.023634453781512604 0.03734827264239029
6.0 0.5097163865546218 0.34360410830999066 0.022584033613445378 0.05228758169934641
5.0 0.05514705882352941 0.7082166199813259 0.10504201680672269 0.15592903828197946
7.0 0.4070378151260504 0.5994397759103641 0.026260504201680673 0.0784313725490196
4.0 0.36869747899159666 0.5583566760037348 0.05672268907563025 0.08029878618113913
4.0 0.5133928571428571 0.4393090569561158 0.02468487394957983 0.051353874883286646
5.0 0.29096638655462187 0.5191409897292251 0.058823529411764705 0.09897292250233426
2.0 0.40493697478991597 0.5933706816059757 0.01365546218487395 0.05322128851540616
4.0 0.38392857142857145 0.42436974789915966 0.03676470588235294 0.05322128851540616
2.0 0.41360294117647056 0.5943043884220355 0.008928571428571428 0.03454715219421102
4.0 0.4803046218487395 0.6209150326797386 0.04989495798319328 0.08403361344537816
5.0 0.6037289915966386 0.8716153127917834 0.08140756302521009 0.16526610644257703
1.0 0.10005252100840337 0.5597572362278245 0.017331932773109245 0.0700280112044818
1.0 0.12263655462184873 0.5224089635854342 0.009978991596638655 0.055088702147525676
1.0 0.12920168067226892 0.5280112044817927 0.014705882352941176 0.05695611577964519
2.0 0.12447478991596639 0.5158730158730159 0.007352941176470588 0.028944911297852476
2.0 0.8235294117647058 0.6974789915966386 0.02415966386554622 0.0784313725490196
3.0 0.8227415966386554 0.7161531279178338 0.023634453781512604 0.06162464985994398
2.0 0.12211134453781512 0.5756302521008403 0.016281512605042018 0.05695611577964519
3.0 0.1207983193277311 0.5915032679738562 0.032563025210084036 0.0457516339869281
1.0 0.16754201680672268 0.48599439775910364 0.009453781512605041 0.0457516339869281
1.0 0.18881302521008403 0.5023342670401494 0.011029411764705883 0.03734827264239029
1.0 0.17699579831932774 0.49719887955182074 0.012605042016806723 0.051353874883286646
2.0 0.1636029411764706 0.5028011204481793 0.008928571428571428 0.025210084033613446
3.0 0.7872899159663865 0.6041083099906629 0.037815126050420166 0.05042016806722689
2.0 0.7886029411764706 0.5863678804855276 0.01838235294117647 0.056022408963585436
4.0 0.19117647058823528 0.3739495798319328 0.05777310924369748 0.04388422035480859
4.0 0.19852941176470587 0.3520074696545285 0.046218487394957986 0.029878618113912233
4.0 0.23135504201680673 0.34360410830999066 0.0467436974789916 0.035480859010270774
4.0 0.10241596638655462 0.43137254901960786 0.052521008403361345 0.04481792717086835
8.0 0.538077731092437 0.30952380952380953 0.016281512605042018 0.04388422035480859
0.0 0.5049894957983193 0.21521942110177406 0.06565126050420168 0.11858076563958916
10.0 0.24658613445378152 0.41129785247432304 0.022584033613445378 0.036414565826330535
0.0 0.22032563025210083 0.29411764705882354 0.18224789915966386 0.07469654528478058
5.0 0.6554621848739496 0.3067226890756303 0.023109243697478993 0.036414565826330535
5.0 0.6741071428571429 0.32212885154061627 0.020483193277310924 0.031746031746031744
4.0 0.7061449579831933 0.36834733893557425 0.030987394957983194 0.04201680672268908
4.0 0.8253676470588235 0.472922502334267 0.06039915966386555 0.06442577030812324
7.0 0.7872899159663865 0.5182072829131653 0.03676470588235294 0.06349206349206349
7.0 0.8432247899159664 0.5406162464985994 0.05934873949579832 0.0784313725490196
8.0 0.6911764705882353 0.5135387488328664 0.059873949579831935 0.0915032679738562
8.0 0.6573004201680672 0.4780578898225957 0.030987394957983194 0.05042016806722689
5.0 0.6299894957983193 0.40522875816993464 0.030987394957983194 0.05042016806722689
2.0 0.8290441176470589 0.5499533146591971 0.01207983193277311 0.03734827264239029
10.0 0.8279936974789915 0.5784313725490197 0.023634453781512604 0.025210084033613446
1.0 0.9275210084033614 0.48786181139122314 0.011554621848739496 0.055088702147525676
0.0 0.7478991596638656 0.4393090569561158 0.08823529411764706 0.08870214752567694
0.0 0.6504726890756303 0.35340802987861814 0.06880252100840337 0.032679738562091505
0.0 0.6226365546218487 0.30952380952380953 0.0351890756302521 0.04388422035480859
1.0 0.5695903361344538 0.3842203548085901 0.01207983193277311 0.04388422035480859
1.0 0.8637079831932774 0.5620915032679739 0.016281512605042018 0.06722689075630252
10.0 0.6659663865546218 0.4327731092436975 0.011554621848739496 0.047619047619047616
1.0 0.7219012605042017 0.5336134453781513 0.01207983193277311 0.06629318394024276
1.0 0.6615021008403361 0.3972922502334267 0.01207983193277311 0.040149393090569564
1.0 0.7145483193277311 0.542016806722689 0.014180672268907563 0.058823529411764705
10.0 0.7142857142857143 0.561624649859944 0.032563025210084036 0.04388422035480859
