7.0 0.5451680672268907 0.5196078431372549 0.02415966386554622 0.08309990662931839
4.0 0.5055147058823529 0.4785247432306256 0.05304621848739496 0.08123249299719888
4.0 0.6399684873949579 0.22362278244631187 0.014180672268907563 0.025210084033613446
2.0 0.5443802521008403 0.5121381886087768 0.01523109243697479 0.05322128851540616
4.0 0.4564075630252101 0.44397759103641454 0.052521008403361345 0.08309990662931839
2.0 0.5525210084033614 0.5107376283846872 0.009453781512605041 0.03361344537815126
4.0 0.6310399159663865 0.2441643323996265 0.01523109243697479 0.02707749766573296
5.0 0.6641281512605042 0.3081232492997199 0.02468487394957983 0.03734827264239029
1.0 0.35189075630252103 0.5051353874883286 0.01680672268907563 0.07469654528478058
4.0 0.5819327731092437 0.28431372549019607 0.022058823529411766 0.036414565826330535
4.0 0.5848214285714286 0.23949579831932774 0.019432773109243698 0.02707749766573296
1.0 0.2809873949579832 0.5 0.017857142857142856 0.0718954248366013
1.0 0.3069852941176471 0.4995331465919701 0.017331932773109245 0.07469654528478058
2.0 0.3067226890756303 0.48552754435107376 0.008403361344537815 0.031746031746031744
2.0 0.4070378151260504 0.734827264239029 0.029411764705882353 0.08216619981325864
3.0 0.4025735294117647 0.7544351073762838 0.058298319327731093 0.06722689075630252
2.0 0.389968487394958 0.8590102707749766 0.019432773109243698 0.06162464985994398
2.0 0.41386554621848737 0.8744164332399627 0.029411764705882353 0.08683473389355742
2.0 0.39784663865546216 0.8608776844070962 0.02888655462184874 0.11017740429505135
3.0 0.3960084033613445 0.8786181139122315 0.06407563025210083 0.08216619981325864
1.0 0.24842436974789917 0.4425770308123249 0.012605042016806723 0.04855275443510738
1.0 0.2623424369747899 0.46872082166199813 0.01523109243697479 0.04481792717086835
1.0 0.25183823529411764 0.45891690009337066 0.016281512605042018 0.06069094304388422
2.0 0.23844537815126052 0.4668534080298786 0.008403361344537815 0.022408963585434174
3.0 0.6993172268907563 0.32259570494864614 0.006827731092436975 0.021475256769374416
2.0 0.6987920168067226 0.3127917833800187 0.007878151260504201 0.028011204481792718
4.0 0.3269432773109244 0.28711484593837533 0.05724789915966386 0.0457516339869281
4.0 0.3379726890756303 0.26750700280112044 0.0467436974789916 0.02707749766573296
4.0 0.3626575630252101 0.2581699346405229 0.0467436974789916 0.036414565826330535
4.0 0.25183823529411764 0.34220354808590103 0.051995798319327734 0.0457516339869281
8.0 0.6588760504201681 0.1984126984126984 0.016281512605042018 0.04388422035480859
0.0 0.6299894957983193 0.11437908496732026 0.06565126050420168 0.09430438842203548
10.0 0.37631302521008403 0.32819794584500467 0.022584033613445378 0.036414565826330535
0.0 0.35267857142857145 0.2138188608776844 0.18224789915966386 0.07469654528478058
5.0 0.7883403361344538 0.22829131652661064 0.023109243697478993 0.036414565826330535
5.0 0.8096113445378151 0.2446311858076564 0.020483193277310924 0.031746031746031744
4.0 0.8458508403361344 0.28664799253034545 0.030987394957983194 0.04108309990662932
4.0 0.9747899159663865 0.4103641456582633 0.04726890756302521 0.06442577030812324
7.0 0.9435399159663865 0.46078431372549017 0.03623949579831933 0.06442577030812324
8.0 0.832983193277311 0.44397759103641454 0.059873949579831935 0.09243697478991597
8.0 0.7970063025210085 0.41083099906629317 0.030987394957983194 0.05042016806722689
5.0 0.7660189075630253 0.323062558356676 0.030987394957983194 0.05042016806722689
0.0 0.876313025210084 0.36367880485527543 0.08771008403361344 0.08870214752567694
0.0 0.7896533613445378 0.27871148459383754 0.06880252100840337 0.032679738562091505
0.0 0.7492121848739496 0.22455648926237162 0.0351890756302521 0.04388422035480859
1.0 0.6783088235294118 0.23949579831932774 0.006827731092436975 0.02707749766573296
10.0 0.8061974789915967 0.3403361344537815 0.011554621848739496 0.047619047619047616
1.0 0.8694852941176471 0.4710550887021475 0.01207983193277311 0.06629318394024276
1.0 0.8558298319327731 0.47478991596638653 0.014180672268907563 0.058823529411764705
10.0 0.864233193277311 0.5046685340802988 0.03308823529411765 0.04388422035480859
