7.0 0.6108193277310925 0.36694677871148457 0.025210084033613446 0.08403361344537816
4.0 0.5701155462184874 0.32212885154061627 0.051995798319327734 0.08216619981325864
4.0 0.7108718487394958 0.03968253968253968 0.014180672268907563 0.02334267040149393
2.0 0.6076680672268907 0.36134453781512604 0.014705882352941176 0.05228758169934641
4.0 0.5194327731092437 0.2857142857142857 0.0546218487394958 0.08590102707749767
2.0 0.616859243697479 0.36134453781512604 0.009978991596638655 0.03361344537815126
4.0 0.7069327731092437 0.05835667600373483 0.014705882352941176 0.02334267040149393
5.0 0.7347689075630253 0.11531279178338003 0.023109243697478993 0.036414565826330535
4.0 0.9070378151260504 0.9663865546218487 0.18277310924369747 0.06162464985994398
1.0 0.44353991596638653 0.3520074696545285 0.017331932773109245 0.07469654528478058
4.0 0.6436449579831933 0.15172735760971054 0.02888655462184874 0.04388422035480859
4.0 0.6446953781512605 0.09850606909430439 0.023634453781512604 0.03454715219421102
1.0 0.3849789915966387 0.35154061624649857 0.01995798319327731 0.07749766573295985
1.0 0.40309873949579833 0.3468720821661998 0.01523109243697479 0.07376283846872082
2.0 0.40362394957983194 0.33239962651727356 0.009978991596638655 0.03361344537815126
2.0 0.2862394957983193 0.5798319327731093 0.029411764705882353 0.08776844070961717
3.0 0.28282563025210083 0.5985060690943044 0.058298319327731093 0.06909430438842204
2.0 0.23792016806722688 0.6848739495798319 0.01680672268907563 0.0718954248366013
2.0 0.2615546218487395 0.6890756302521008 0.028361344537815126 0.07469654528478058
2.0 0.24606092436974789 0.6778711484593838 0.026785714285714284 0.10457516339869281
3.0 0.24501050420168066 0.696078431372549 0.06565126050420168 0.07749766573295985
3.0 0.14574579831932774 0.49206349206349204 0.05934873949579832 0.06162464985994398
2.0 0.14705882352941177 0.4752567693744164 0.03046218487394958 0.07282913165266107
2.0 0.05120798319327731 0.5448179271708683 0.02888655462184874 0.08683473389355742
3.0 0.055934873949579834 0.5630252100840336 0.06460084033613446 0.06909430438842204
1.0 0.2935924369747899 0.2913165266106443 0.011554621848739496 0.05228758169934641
1.0 0.31118697478991597 0.3137254901960784 0.01523109243697479 0.04668534080298786
1.0 0.29910714285714285 0.3025210084033613 0.016281512605042018 0.06162464985994398
2.0 0.28335084033613445 0.31092436974789917 0.008928571428571428 0.02054154995331466
3.0 0.7647058823529411 0.13678804855275445 0.0063025210084033615 0.021475256769374416
2.0 0.7652310924369747 0.12371615312791784 0.009453781512605041 0.02707749766573296
4.0 0.39259453781512604 0.11718020541549953 0.05724789915966386 0.0457516339869281
4.0 0.4009978991596639 0.09477124183006536 0.0467436974789916 0.02707749766573296
4.0 0.42883403361344535 0.08636788048552754 0.0467436974789916 0.036414565826330535
4.0 0.3117121848739496 0.16946778711484595 0.051995798319327734 0.0457516339869281
8.0 0.7329306722689075 0.024743230625583566 0.016281512605042018 0.04388422035480859
10.0 0.43986344537815125 0.1573295985060691 0.022584033613445378 0.036414565826330535
1.0 0.47767857142857145 0.12138188608776844 0.007878151260504201 0.028011204481792718
1.0 0.4834558823529412 0.11951447245564893 0.005777310924369748 0.031746031746031744
1.0 0.48608193277310924 0.11391223155929038 0.006827731092436975 0.03361344537815126
1.0 0.49185924369747897 0.11998132586367881 0.006827731092436975 0.03454715219421102
0.0 0.40835084033613445 0.03828197945845005 0.16859243697478993 0.07282913165266107
5.0 0.8755252100840336 0.06956115779645192 0.023109243697478993 0.036414565826330535
5.0 0.899422268907563 0.08123249299719888 0.020483193277310924 0.031746031746031744
4.0 0.938813025210084 0.13912231559290383 0.030987394957983194 0.04108309990662932
8.0 0.9159663865546218 0.30205415499533145 0.059873949579831935 0.09243697478991597
8.0 0.8799894957983193 0.2642390289449113 0.030987394957983194 0.05042016806722689
5.0 0.8487394957983193 0.17366946778711484 0.03046218487394958 0.05042016806722689
0.0 0.9464285714285714 0.20401493930905695 0.08508403361344538 0.08870214752567694
0.0 0.8652836134453782 0.11531279178338003 0.06880252100840337 0.032679738562091505
0.0 0.8258928571428571 0.06302521008403361 0.0351890756302521 0.04388422035480859
1.0 0.7518382352941176 0.06582633053221289 0.006827731092436975 0.02707749766573296
10.0 0.8860294117647058 0.2096171802054155 0.01050420168067227 0.047619047619047616
1.0 0.9508928571428571 0.32633053221288516 0.011029411764705883 0.06629318394024276
1.0 0.9367121848739496 0.33473389355742295 0.014180672268907563 0.058823529411764705
10.0 0.945640756302521 0.36554621848739494 0.03308823529411765 0.04388422035480859
