4.0 0.49185924369747897 0.419234360410831 0.027836134453781514 0.04668534080298786
6.0 0.5118172268907563 0.36367880485527543 0.02468487394957983 0.058823529411764705
4.0 0.3006827731092437 0.9197012138188608 0.0898109243697479 0.1531279178338002
5.0 0.15467436974789917 0.6241830065359477 0.09926470588235294 0.12791783380018673
7.0 0.4012605042016807 0.5901027077497666 0.025210084033613446 0.0784313725490196
4.0 0.37211134453781514 0.5340802987861811 0.05409663865546219 0.0765639589169001
4.0 0.5189075630252101 0.48132586367880487 0.03466386554621849 0.058823529411764705
5.0 0.3224789915966387 0.4677871148459384 0.04726890756302521 0.0784313725490196
2.0 0.39810924369747897 0.5910364145658263 0.01365546218487395 0.05415499533146592
4.0 0.3952205882352941 0.3930905695611578 0.030987394957983194 0.04481792717086835
2.0 0.4070378151260504 0.5873015873015873 0.008403361344537815 0.035480859010270774
4.0 0.44564075630252103 0.8272642390289449 0.07720588235294118 0.1549953314659197
1.0 0.08928571428571429 0.5485527544351074 0.01680672268907563 0.06816059757236227
1.0 0.133140756302521 0.5121381886087768 0.009978991596638655 0.055088702147525676
1.0 0.14128151260504201 0.5130718954248366 0.01050420168067227 0.055088702147525676
2.0 0.13629201680672268 0.503734827264239 0.007878151260504201 0.025210084033613446
2.0 0.8290441176470589 0.6755368814192344 0.02153361344537815 0.07936507936507936
3.0 0.8272058823529411 0.6937441643323996 0.02100840336134454 0.05788982259570495
2.0 0.18382352941176472 0.5298786181139122 0.014705882352941176 0.051353874883286646
3.0 0.18329831932773108 0.5438842203548085 0.026260504201680673 0.036414565826330535
1.0 0.17331932773109243 0.4766573295985061 0.009453781512605041 0.0457516339869281
1.0 0.19196428571428573 0.48972922502334265 0.013130252100840336 0.04201680672268908
1.0 0.1798844537815126 0.48599439775910364 0.01523109243697479 0.051353874883286646
2.0 0.16596638655462184 0.4934640522875817 0.008403361344537815 0.025210084033613446
3.0 0.8912815126050421 0.6377217553688141 0.046218487394957986 0.056022408963585436
2.0 0.8931197478991597 0.6167133520074697 0.022584033613445378 0.058823529411764705
4.0 0.18960084033613445 0.3711484593837535 0.05777310924369748 0.04388422035480859
4.0 0.19695378151260504 0.3510737628384687 0.046218487394957986 0.029878618113912233
4.0 0.22977941176470587 0.3408029878618114 0.0467436974789916 0.035480859010270774
4.0 0.10005252100840337 0.43137254901960786 0.05304621848739496 0.04481792717086835
8.0 0.5370273109243697 0.3141923436041083 0.016281512605042018 0.04388422035480859
0.0 0.5039390756302521 0.21802054154995332 0.06565126050420168 0.11858076563958916
10.0 0.24343487394957983 0.40943043884220354 0.022584033613445378 0.036414565826330535
0.0 0.21717436974789917 0.29411764705882354 0.18224789915966386 0.07469654528478058
5.0 0.6536239495798319 0.3081232492997199 0.023634453781512604 0.035480859010270774
5.0 0.6717436974789915 0.32212885154061627 0.01995798319327731 0.031746031746031744
4.0 0.7035189075630253 0.36834733893557425 0.030987394957983194 0.04201680672268908
4.0 0.820640756302521 0.4710550887021475 0.06039915966386555 0.06442577030812324
7.0 0.7841386554621849 0.5182072829131653 0.03676470588235294 0.06349206349206349
7.0 0.8374474789915967 0.5396825396825397 0.05934873949579832 0.0784313725490196
8.0 0.6869747899159664 0.5116713352007469 0.059873949579831935 0.0915032679738562
8.0 0.6520483193277311 0.47058823529411764 0.030987394957983194 0.05042016806722689
5.0 0.6268382352941176 0.40336134453781514 0.030987394957983194 0.05042016806722689
2.0 0.7628676470588235 0.5051353874883286 0.01207983193277311 0.03734827264239029
10.0 0.7628676470588235 0.5294117647058824 0.01838235294117647 0.026143790849673203
1.0 0.9196428571428571 0.4822595704948646 0.011554621848739496 0.055088702147525676
0.0 0.7457983193277311 0.43744164332399627 0.08823529411764706 0.08870214752567694
0.0 0.6504726890756303 0.35527544351073764 0.06880252100840337 0.032679738562091505
0.0 0.6215861344537815 0.30952380952380953 0.0351890756302521 0.04388422035480859
1.0 0.5711659663865546 0.3968253968253968 0.01207983193277311 0.04295051353874883
1.0 0.8610819327731093 0.5620915032679739 0.016281512605042018 0.06722689075630252
10.0 0.6607142857142857 0.42810457516339867 0.011554621848739496 0.047619047619047616
1.0 0.7171743697478992 0.5298786181139122 0.01207983193277311 0.06629318394024276
1.0 0.6536239495798319 0.3926237161531279 0.01207983193277311 0.040149393090569564
1.0 0.710609243697479 0.5373482726423903 0.014705882352941176 0.058823529411764705
10.0 0.7103466386554622 0.5560224089635855 0.03203781512605042 0.04388422035480859
