7.0 0.7266281512605042 0.3795518207282913 0.025735294117647058 0.08496732026143791
4.0 0.6832983193277311 0.33053221288515405 0.05672268907563025 0.08590102707749767
2.0 0.7221638655462185 0.37068160597572364 0.014705882352941176 0.05042016806722689
4.0 0.6339285714285714 0.2913165266106443 0.05567226890756303 0.08776844070961717
2.0 0.7313550420168067 0.37208216619981327 0.009978991596638655 0.032679738562091505
4.0 0.8445378151260504 0.04715219421101774 0.01365546218487395 0.02334267040149393
5.0 0.864233193277311 0.09056956115779645 0.020483193277310924 0.031746031746031744
4.0 0.28728991596638653 0.8543417366946778 0.20693277310924368 0.19234360410831
1.0 0.6037289915966386 0.36834733893557425 0.016281512605042018 0.07749766573295985
4.0 0.75 0.20681605975723621 0.03571428571428571 0.055088702147525676
4.0 0.7605042016806722 0.14705882352941177 0.0273109243697479 0.04201680672268908
1.0 0.5498949579831933 0.3711484593837535 0.015756302521008403 0.07936507936507936
1.0 0.5682773109243697 0.3622782446311858 0.01365546218487395 0.0765639589169001
2.0 0.5695903361344538 0.35154061624649857 0.009978991596638655 0.03828197945845005
2.0 0.07615546218487394 0.5322128851540616 0.029411764705882353 0.08403361344537816
3.0 0.07457983193277311 0.5466853408029878 0.052521008403361345 0.06629318394024276
2.0 0.04543067226890756 0.5784313725490197 0.020483193277310924 0.06255835667600373
2.0 0.06512605042016807 0.5863678804855276 0.026260504201680673 0.06162464985994398
2.0 0.04963235294117647 0.5751633986928104 0.02153361344537815 0.0896358543417367
3.0 0.05698529411764706 0.5985060690943044 0.04989495798319328 0.06722689075630252
3.0 0.4963235294117647 0.472922502334267 0.04936974789915966 0.05695611577964519
2.0 0.4989495798319328 0.45471521942110177 0.02415966386554622 0.06722689075630252
2.0 0.36764705882352944 0.5317460317460317 0.026260504201680673 0.08496732026143791
3.0 0.3694852941176471 0.5522875816993464 0.05619747899159664 0.06442577030812324
1.0 0.3868172268907563 0.3011204481792717 0.013130252100840336 0.06442577030812324
1.0 0.40414915966386555 0.32212885154061627 0.013130252100840336 0.04295051353874883
1.0 0.3941701680672269 0.31092436974789917 0.01523109243697479 0.06535947712418301
2.0 0.3739495798319328 0.31932773109243695 0.008403361344537815 0.02427637721755369
1.0 0.1092436974789916 0.3333333333333333 0.022058823529411766 0.07469654528478058
4.0 0.510766806722689 0.11437908496732026 0.05724789915966386 0.0457516339869281
4.0 0.5186449579831933 0.09477124183006536 0.0467436974789916 0.02707749766573296
4.0 0.5470063025210085 0.08636788048552754 0.0467436974789916 0.036414565826330535
4.0 0.4319852941176471 0.16900093370681607 0.051995798319327734 0.04481792717086835
8.0 0.8663340336134454 0.023809523809523808 0.016281512605042018 0.04388422035480859
10.0 0.5601365546218487 0.16293183940242764 0.022584033613445378 0.036414565826330535
1.0 0.5921743697478992 0.13071895424836602 0.007878151260504201 0.028011204481792718
1.0 0.5974264705882353 0.12978524743230627 0.005777310924369748 0.031746031746031744
1.0 0.5984768907563025 0.12324929971988796 0.006827731092436975 0.03361344537815126
1.0 0.6058298319327731 0.1293183940242764 0.006827731092436975 0.03454715219421102
0.0 0.5254726890756303 0.035480859010270774 0.16754201680672268 0.07096171802054155
0.0 0.9716386554621849 0.0611577964519141 0.03466386554621849 0.04388422035480859
1.0 0.8894432773109243 0.06722689075630252 0.01207983193277311 0.026143790849673203
1.0 0.7767857142857143 0.08216619981325864 0.01050420168067227 0.031746031746031744
