7.0 0.7423844537815126 0.3758169934640523 0.02468487394957983 0.08123249299719888
4.0 0.7008928571428571 0.3291316526610644 0.05724789915966386 0.08123249299719888
2.0 0.7381827731092437 0.373015873015873 0.01523109243697479 0.05322128851540616
4.0 0.648109243697479 0.29178338001867415 0.05672268907563025 0.08683473389355742
2.0 0.748686974789916 0.3711484593837535 0.008928571428571428 0.03454715219421102
1.0 0.8466386554621849 0.42857142857142855 0.02100840336134454 0.08590102707749767
4.0 0.7029936974789915 0.5606909430438842 0.1055672268907563 0.12605042016806722
4.0 0.7436974789915967 0.27450980392156865 0.04201680672268908 0.07469654528478058
4.0 0.7542016806722689 0.22455648926237162 0.03676470588235294 0.055088702147525676
1.0 0.832983193277311 0.4556489262371615 0.026260504201680673 0.08776844070961717
1.0 0.8448004201680672 0.43790849673202614 0.02153361344537815 0.08216619981325864
2.0 0.8516281512605042 0.4276377217553688 0.011029411764705883 0.04295051353874883
3.0 0.1210609243697479 0.430905695611578 0.03623949579831933 0.051353874883286646
2.0 0.11790966386554622 0.41083099906629317 0.023634453781512604 0.06722689075630252
2.0 0.12972689075630253 0.42063492063492064 0.022058823529411766 0.06629318394024276
1.0 0.28335084033613445 0.3557422969187675 0.016281512605042018 0.06162464985994398
1.0 0.2865021008403361 0.38562091503267976 0.01523109243697479 0.04481792717086835
1.0 0.2775735294117647 0.3697478991596639 0.013130252100840336 0.07282913165266107
2.0 0.2599789915966387 0.37815126050420167 0.009453781512605041 0.031746031746031744
1.0 0.12867647058823528 0.3338001867413632 0.015756302521008403 0.07376283846872082
4.0 0.5259978991596639 0.11998132586367881 0.05724789915966386 0.0457516339869281
4.0 0.5354516806722689 0.09943977591036414 0.0467436974789916 0.02707749766573296
4.0 0.5627626050420168 0.09010270774976657 0.0467436974789916 0.036414565826330535
4.0 0.12158613445378151 0.4327731092436975 0.051995798319327734 0.0457516339869281
8.0 0.8870798319327731 0.01353874883286648 0.015756302521008403 0.02334267040149393
10.0 0.5727415966386554 0.1619981325863679 0.022584033613445378 0.036414565826330535
1.0 0.5969012605042017 0.16246498599439776 0.007878151260504201 0.028011204481792718
1.0 0.6026785714285714 0.16106442577030813 0.006827731092436975 0.03828197945845005
1.0 0.6042542016806722 0.1531279178338002 0.006827731092436975 0.03361344537815126
1.0 0.6105567226890757 0.16106442577030813 0.007878151260504201 0.03828197945845005
0.0 0.5454306722689075 0.0546218487394958 0.18224789915966386 0.07376283846872082
0.0 0.9816176470588235 0.05368814192343604 0.03361344537815126 0.04388422035480859
1.0 0.7925420168067226 0.16619981325863678 0.012605042016806723 0.04295051353874883
