7.0 0.5278361344537815 0.5560224089635855 0.023109243697478993 0.08123249299719888
4.0 0.48739495798319327 0.5121381886087768 0.052521008403361345 0.08123249299719888
4.0 0.6189600840336135 0.25957049486461253 0.013130252100840336 0.02427637721755369
2.0 0.5259978991596639 0.5462184873949579 0.01523109243697479 0.05228758169934641
4.0 0.4372373949579832 0.4766573295985061 0.05304621848739496 0.08123249299719888
2.0 0.5336134453781513 0.5438842203548085 0.008403361344537815 0.032679738562091505
4.0 0.6100315126050421 0.28057889822595705 0.01523109243697479 0.02707749766573296
5.0 0.6441701680672269 0.34827264239028943 0.025735294117647058 0.0392156862745098
1.0 0.3248424369747899 0.53828197945845 0.01838235294117647 0.07563025210084033
4.0 0.5632878151260504 0.3137254901960784 0.02153361344537815 0.035480859010270774
4.0 0.5677521008403361 0.26750700280112044 0.017857142857142856 0.02707749766573296
1.0 0.2555147058823529 0.5359477124183006 0.019432773109243698 0.07282913165266107
1.0 0.27914915966386555 0.5336134453781513 0.014180672268907563 0.07376283846872082
2.0 0.27941176470588236 0.5191409897292251 0.007352941176470588 0.031746031746031744
2.0 0.43513655462184875 0.7647058823529411 0.02888655462184874 0.08216619981325864
3.0 0.43040966386554624 0.7824463118580766 0.05724789915966386 0.07096171802054155
2.0 0.4275210084033613 0.9145658263305322 0.018907563025210083 0.06629318394024276
2.0 0.45089285714285715 0.9183006535947712 0.029936974789915968 0.08683473389355742
2.0 0.43461134453781514 0.9084967320261438 0.029936974789915968 0.11391223155929038
3.0 0.43014705882352944 0.9229691876750701 0.06407563025210083 0.08870214752567694
1.0 0.23161764705882354 0.46872082166199813 0.012605042016806723 0.04855275443510738
1.0 0.24553571428571427 0.4906629318394024 0.01523109243697479 0.04388422035480859
1.0 0.2347689075630252 0.480859010270775 0.015756302521008403 0.059757236227824466
2.0 0.22163865546218486 0.4892623716153128 0.008403361344537815 0.022408963585434174
3.0 0.6817226890756303 0.3604108309990663 0.007352941176470588 0.02427637721755369
2.0 0.6811974789915967 0.3492063492063492 0.008403361344537815 0.029878618113912233
4.0 0.3080357142857143 0.3235294117647059 0.05724789915966386 0.0457516339869281
4.0 0.3174894957983193 0.3011204481792717 0.0467436974789916 0.02707749766573296
4.0 0.34585084033613445 0.2903828197945845 0.0467436974789916 0.035480859010270774
4.0 0.23082983193277312 0.37488328664799253 0.051995798319327734 0.0457516339869281
8.0 0.6389180672268907 0.23202614379084968 0.016281512605042018 0.04388422035480859
0.0 0.6074054621848739 0.14425770308123248 0.06565126050420168 0.09430438842203548
10.0 0.3589810924369748 0.3618113912231559 0.022584033613445378 0.036414565826330535
0.0 0.33692226890756305 0.24089635854341737 0.18224789915966386 0.07469654528478058
5.0 0.7636554621848739 0.2637721755368814 0.023109243697478993 0.036414565826330535
5.0 0.7875525210084033 0.2791783380018674 0.020483193277310924 0.031746031746031744
4.0 0.8211659663865546 0.3258636788048553 0.030987394957983194 0.04108309990662932
4.0 0.9577205882352942 0.4402427637721755 0.06039915966386555 0.06442577030812324
7.0 0.9188550420168067 0.4943977591036415 0.03623949579831933 0.06442577030812324
7.0 0.9747899159663865 0.5294117647058824 0.04411764705882353 0.0784313725490196
8.0 0.8125 0.4803921568627451 0.059873949579831935 0.09243697478991597
8.0 0.774422268907563 0.44537815126050423 0.030987394957983194 0.05042016806722689
5.0 0.7455357142857143 0.3604108309990663 0.030987394957983194 0.05042016806722689
0.0 0.8495273109243697 0.39355742296918766 0.08771008403361344 0.08870214752567694
0.0 0.7623424369747899 0.30392156862745096 0.06880252100840337 0.032679738562091505
0.0 0.725577731092437 0.25630252100840334 0.0351890756302521 0.04388422035480859
1.0 0.6591386554621849 0.27450980392156865 0.009453781512605041 0.028011204481792718
10.0 0.7836134453781513 0.39355742296918766 0.011554621848739496 0.047619047619047616
1.0 0.8479516806722689 0.5 0.01207983193277311 0.06629318394024276
1.0 0.8327205882352942 0.5065359477124183 0.014180672268907563 0.058823529411764705
10.0 0.8416491596638656 0.5326797385620915 0.03308823529411765 0.04388422035480859
