7.0 0.7589285714285714 0.38235294117647056 0.02415966386554622 0.08123249299719888
4.0 0.7155987394957983 0.33426704014939307 0.058298319327731093 0.08590102707749767
2.0 0.7547268907563025 0.3776844070961718 0.014705882352941176 0.04948646125116713
4.0 0.664390756302521 0.29551820728291317 0.058823529411764705 0.09056956115779645
2.0 0.7657563025210085 0.37675070028011204 0.009453781512605041 0.03454715219421102
1.0 0.8508403361344538 0.4295051353874883 0.02100840336134454 0.08590102707749767
4.0 0.6903886554621849 0.592436974789916 0.1171218487394958 0.13352007469654528
4.0 0.759453781512605 0.27450980392156865 0.0430672268907563 0.07096171802054155
4.0 0.771796218487395 0.22782446311858076 0.038340336134453784 0.05788982259570495
1.0 0.8337710084033614 0.45331465919701214 0.02888655462184874 0.08309990662931839
1.0 0.8463760504201681 0.4425770308123249 0.02153361344537815 0.08216619981325864
2.0 0.8529411764705882 0.4290382819794584 0.011554621848739496 0.040149393090569564
3.0 0.18329831932773108 0.43604108309990663 0.03676470588235294 0.05042016806722689
2.0 0.179359243697479 0.41643323996265175 0.023634453781512604 0.06722689075630252
2.0 0.19275210084033614 0.4276377217553688 0.022058823529411766 0.06535947712418301
1.0 0.30383403361344535 0.35294117647058826 0.019432773109243698 0.06722689075630252
1.0 0.3114495798319328 0.38328664799253037 0.014705882352941176 0.047619047619047616
1.0 0.29858193277310924 0.3664799253034547 0.017331932773109245 0.0718954248366013
2.0 0.28335084033613445 0.3758169934640523 0.008928571428571428 0.03081232492997199
1.0 0.14574579831932774 0.3300653594771242 0.016281512605042018 0.07376283846872082
4.0 0.5433298319327731 0.12091503267973856 0.05724789915966386 0.0457516339869281
4.0 0.5501575630252101 0.10130718954248366 0.0467436974789916 0.02707749766573296
4.0 0.5779936974789915 0.09103641456582633 0.0467436974789916 0.036414565826330535
4.0 0.46165966386554624 0.17413632119514472 0.05042016806722689 0.0457516339869281
8.0 0.9054621848739496 0.015406162464985995 0.015756302521008403 0.02334267040149393
10.0 0.5932247899159664 0.1619981325863679 0.022584033613445378 0.036414565826330535
1.0 0.6126575630252101 0.16246498599439776 0.007878151260504201 0.028011204481792718
1.0 0.6189600840336135 0.15873015873015872 0.005777310924369748 0.031746031746031744
1.0 0.6205357142857143 0.15126050420168066 0.006827731092436975 0.03361344537815126
1.0 0.6268382352941176 0.1619981325863679 0.007878151260504201 0.03828197945845005
0.0 0.570640756302521 0.04948646125116713 0.16754201680672268 0.07282913165266107
1.0 0.811186974789916 0.16339869281045752 0.01207983193277311 0.04108309990662932
