7.0 0.8148634453781513 0.39869281045751637 0.023634453781512604 0.08590102707749767
4.0 0.7675945378151261 0.3445378151260504 0.06144957983193277 0.0915032679738562
2.0 0.8046218487394958 0.38608776844070963 0.014705882352941176 0.04948646125116713
4.0 0.7161239495798319 0.2987861811391223 0.058298319327731093 0.0896358543417367
2.0 0.8153886554621849 0.3865546218487395 0.009978991596638655 0.03361344537815126
1.0 0.8311449579831933 0.4290382819794584 0.022584033613445378 0.08309990662931839
4.0 0.5475315126050421 0.7245564892623716 0.16123949579831934 0.16059757236227826
4.0 0.8156512605042017 0.2852474323062558 0.045168067226890755 0.0718954248366013
4.0 0.8308823529411765 0.2315592903828198 0.038865546218487396 0.059757236227824466
1.0 0.792016806722689 0.43604108309990663 0.018907563025210083 0.08216619981325864
1.0 0.8090861344537815 0.4332399626517274 0.02153361344537815 0.08216619981325864
2.0 0.8109243697478992 0.4122315592903828 0.011554621848739496 0.03828197945845005
3.0 0.5084033613445378 0.4780578898225957 0.0430672268907563 0.05788982259570495
2.0 0.5105042016806722 0.4612511671335201 0.025210084033613446 0.06909430438842204
2.0 0.5228466386554622 0.47245564892623715 0.023634453781512604 0.07096171802054155
1.0 0.3952205882352941 0.33986928104575165 0.013130252100840336 0.06349206349206349
1.0 0.40441176470588236 0.3618113912231559 0.01365546218487395 0.047619047619047616
1.0 0.39206932773109243 0.35014005602240894 0.017331932773109245 0.07282913165266107
2.0 0.37631302521008403 0.3604108309990663 0.008928571428571428 0.028011204481792718
1.0 0.2027310924369748 0.3202614379084967 0.01680672268907563 0.07096171802054155
4.0 0.5908613445378151 0.12184873949579832 0.05672268907563025 0.0457516339869281
4.0 0.600577731092437 0.09850606909430439 0.0467436974789916 0.02707749766573296
4.0 0.6305147058823529 0.09103641456582633 0.0467436974789916 0.036414565826330535
4.0 0.5131302521008403 0.17133520074696545 0.051470588235294115 0.0457516339869281
8.0 0.9708508403361344 0.018207282913165267 0.016281512605042018 0.03454715219421102
10.0 0.6452205882352942 0.16479925303454715 0.022584033613445378 0.036414565826330535
1.0 0.6672794117647058 0.1549953314659197 0.007878151260504201 0.028011204481792718
1.0 0.6725315126050421 0.15126050420168066 0.005777310924369748 0.031746031746031744
1.0 0.6725315126050421 0.15219421101774042 0.006827731092436975 0.03361344537815126
1.0 0.680672268907563 0.15359477124183007 0.0063025210084033615 0.03454715219421102
0.0 0.6184348739495799 0.04435107376283847 0.16754201680672268 0.0718954248366013
1.0 0.8815651260504201 0.14425770308123248 0.01207983193277311 0.036414565826330535
