4.0 0.5165441176470589 0.31512605042016806 0.016281512605042018 0.025210084033613446
6.0 0.5207457983193278 0.28944911297852477 0.016281512605042018 0.029878618113912233
7.0 0.4382878151260504 0.599906629318394 0.02468487394957983 0.08123249299719888
4.0 0.3960084033613445 0.561624649859944 0.0546218487394958 0.08309990662931839
4.0 0.5270483193277311 0.34967320261437906 0.017331932773109245 0.032679738562091505
2.0 0.4340861344537815 0.5980392156862745 0.01523109243697479 0.05322128851540616
4.0 0.358718487394958 0.5079365079365079 0.04831932773109244 0.0765639589169001
2.0 0.44459033613445376 0.5952380952380952 0.008928571428571428 0.03454715219421102
4.0 0.5175945378151261 0.3912231559290383 0.023634453781512604 0.035480859010270774
5.0 0.5724789915966386 0.5130718954248366 0.03991596638655462 0.06255835667600373
1.0 0.17331932773109243 0.5788982259570495 0.017857142857142856 0.07096171802054155
4.0 0.4839810924369748 0.3127917833800187 0.01523109243697479 0.028011204481792718
4.0 0.4900210084033613 0.2815126050420168 0.012605042016806723 0.025210084033613446
1.0 0.10084033613445378 0.5648926237161531 0.01365546218487395 0.06909430438842204
1.0 0.12316176470588236 0.5695611577964519 0.014180672268907563 0.06909430438842204
2.0 0.12316176470588236 0.5583566760037348 0.008928571428571428 0.03361344537815126
2.0 0.7098214285714286 0.776844070961718 0.026785714285714284 0.0784313725490196
3.0 0.7069327731092437 0.8011204481792717 0.046218487394957986 0.07096171802054155
2.0 0.7720588235294118 0.9663865546218487 0.02100840336134454 0.04668534080298786
2.0 0.779936974789916 0.9584500466853408 0.03466386554621849 0.07936507936507936
2.0 0.801733193277311 0.9705882352941176 0.022584033613445378 0.05695611577964519
3.0 0.7759978991596639 0.9719887955182073 0.06355042016806722 0.05415499533146592
1.0 0.16281512605042017 0.5144724556489262 0.011554621848739496 0.05042016806722689
1.0 0.18146008403361344 0.5326797385620915 0.01523109243697479 0.040149393090569564
1.0 0.16832983193277312 0.5256769374416433 0.01523109243697479 0.05788982259570495
2.0 0.15782563025210083 0.5359477124183006 0.008928571428571428 0.029878618113912233
3.0 0.6399684873949579 0.4976657329598506 0.01523109243697479 0.04108309990662932
2.0 0.6420693277310925 0.47992530345471524 0.011029411764705883 0.04295051353874883
4.0 0.21008403361344538 0.3758169934640523 0.05777310924369748 0.04388422035480859
4.0 0.2184873949579832 0.3510737628384687 0.046218487394957986 0.029878618113912233
4.0 0.24921218487394958 0.3408029878618114 0.0467436974789916 0.035480859010270774
4.0 0.12368697478991597 0.4327731092436975 0.051995798319327734 0.0457516339869281
8.0 0.5475315126050421 0.2945845004668534 0.016281512605042018 0.04388422035480859
0.0 0.5091911764705882 0.20634920634920634 0.06565126050420168 0.11391223155929038
10.0 0.2623424369747899 0.41409897292250236 0.022584033613445378 0.036414565826330535
0.0 0.23555672268907563 0.2931839402427638 0.18224789915966386 0.07469654528478058
5.0 0.6662289915966386 0.30765639589169 0.022584033613445378 0.03454715219421102
5.0 0.6846113445378151 0.3188608776844071 0.020483193277310924 0.03081232492997199
4.0 0.7198004201680672 0.36834733893557425 0.030987394957983194 0.04201680672268908
4.0 0.8405987394957983 0.4803921568627451 0.06039915966386555 0.06442577030812324
7.0 0.8101365546218487 0.5196078431372549 0.037289915966386554 0.06442577030812324
7.0 0.8652836134453782 0.557889822595705 0.05934873949579832 0.07936507936507936
8.0 0.7155987394957983 0.511204481792717 0.05934873949579832 0.09056956115779645
8.0 0.6788340336134454 0.47945845004668536 0.030987394957983194 0.051353874883286646
5.0 0.6462710084033614 0.40289449112978526 0.030987394957983194 0.051353874883286646
1.0 0.9480042016806722 0.5028011204481793 0.011554621848739496 0.055088702147525676
0.0 0.7578781512605042 0.4402427637721755 0.08823529411764706 0.08870214752567694
0.0 0.6693802521008403 0.35154061624649857 0.06880252100840337 0.032679738562091505
0.0 0.6299894957983193 0.3104575163398693 0.0351890756302521 0.04388422035480859
1.0 0.570640756302521 0.3473389355742297 0.01207983193277311 0.035480859010270774
1.0 0.8810399159663865 0.5620915032679739 0.016281512605042018 0.06722689075630252
10.0 0.6856617647058824 0.4327731092436975 0.01207983193277311 0.047619047619047616
1.0 0.7465861344537815 0.534547152194211 0.01207983193277311 0.06629318394024276
1.0 0.6953781512605042 0.4150326797385621 0.011554621848739496 0.047619047619047616
1.0 0.7355567226890757 0.5438842203548085 0.014180672268907563 0.058823529411764705
10.0 0.7400210084033614 0.5634920634920635 0.032563025210084036 0.04388422035480859
