0 0.21153846153846154 0.49759615384615385 0.019038984587488667 0.02085222121486854
0 0.19951923076923078 0.4951923076923077 0.017225747960108794 0.019038984587488667
0 0.18990384615384615 0.49278846153846156 0.012692656391659111 0.019038984587488667
0 0.17067307692307693 0.16346153846153846 0.02357207615593835 0.027198549410698096
0 0.19951923076923078 0.8028846153846154 0.04442429737080689 0.02901178603807797
0 0.7932692307692307 0.7283653846153846 0.20489573889392565 0.04805077062556663
0 0.6105769230769231 0.49038461538461536 0.08794197642792384 0.037171350861287394
0 0.6634615384615384 0.28846153846153844 0.22393472348141433 0.050770625566636446
0 0.6442307692307693 0.21153846153846154 0.2275611967361741 0.04533091568449683
0 0.3605769230769231 0.36538461538461536 0.028105167724388033 0.055303717135086125
