0 0.3942307692307692 0.9783653846153846 0.008358996920369555 0.010558732952045754
0 0.375 0.9495192307692307 0.006599208095028597 0.009238891333040036
0 0.71875 0.5168269230769231 0.10074791025076991 0.108227012758469
0 0.32211538461538464 0.3870192307692308 0.05367355917289925 0.05103387593488781
0 0.22355769230769232 0.44471153846153844 0.0651121865376155 0.0686317641882974
0 0.18509615384615385 0.3389423076923077 0.09590849098108227 0.09194896612406511
0 0.34615384615384615 0.5096153846153846 0.055433347998240214 0.0409150901891773
0 0.21875 0.6009615384615384 0.01847778266608007 0.039595248570171576
0 0.24519230769230768 0.6009615384615384 0.01759788825340959 0.03915530136383634
0 0.27403846153846156 0.6009615384615384 0.01803783545974483 0.038275406951165866
0 0.3004807692307692 0.6009615384615384 0.01803783545974483 0.04003519577650682
0 0.3293269230769231 0.6009615384615384 0.01803783545974483 0.038275406951165866
0 0.3557692307692308 0.6009615384615384 0.019797624285085788 0.03915530136383634
0 0.38221153846153844 0.6009615384615384 0.01671799384073911 0.03783545974483062
0 0.25 0.6658653846153846 0.019357677078750548 0.0409150901891773
0 0.27884615384615385 0.6658653846153846 0.01803783545974483 0.038275406951165866
0 0.30528846153846156 0.6658653846153846 0.01759788825340959 0.04003519577650682
0 0.5360576923076923 0.6418269230769231 0.19885613726352838 0.2023757149142103
0 0.43990384615384615 0.7307692307692307 0.19401671799384076 0.19929608446986363
0 0.33653846153846156 0.13942307692307693 0.009238891333040036 0.007919049714034317
0 0.40384615384615385 0.04807692307692308 0.0061592608886933565 0.005719313682358117
0 0.6298076923076923 0.3485576923076923 0.005719313682358117 0.008358996920369555
0 0.6201923076923077 0.3605769230769231 0.008798944126704795 0.007479102507699077
0 0.5 0.4375 0.09546854377474703 0.09942806863176419
