0 0.5432692307692307 0.9471153846153846 0.01791359325605901 0.030558482613277132
0 0.6466346153846154 0.9615384615384616 0.018967334035827184 0.03477344573234984
0 0.6394230769230769 0.8341346153846154 0.014752370916754477 0.03793466807165437
0 0.5168269230769231 0.7932692307692307 0.031612223393045306 0.03898840885142255
0 0.6610576923076923 0.6466346153846154 0.032665964172813484 0.040042149631190724
0 0.7668269230769231 0.5048076923076923 0.01791359325605901 0.031612223393045306
0 0.8245192307692307 0.36538461538461536 0.040042149631190724 0.0368809272918862
0 0.5817307692307693 0.18269230769230768 0.029504741833508954 0.032665964172813484
0 0.5528846153846154 0.07451923076923077 0.022128556375131718 0.03371970495258166
0 0.5360576923076923 0.44711538461538464 0.5753424657534246 0.5363540569020021
