0 0.09375 0.7331730769230769 0.022172949002217293 0.014412416851441241
0 0.0889423076923077 0.7451923076923077 0.020509977827050996 0.01164079822616408
0 0.2692307692307692 0.7884615384615384 0.05266075388026607 0.10809312638580931
0 0.3389423076923077 0.7860576923076923 0.053769401330376936 0.10809312638580931
0 0.40625 0.7860576923076923 0.05432372505543237 0.10864745011086474
0 0.2692307692307692 0.5769230769230769 0.05543237250554323 0.10975609756097561
0 0.35096153846153844 0.5745192307692307 0.053769401330376936 0.10975609756097561
0 0.4326923076923077 0.5721153846153846 0.053769401330376936 0.10920177383592018
0 0.5817307692307693 0.5673076923076923 0.05432372505543237 0.10864745011086474
0 0.6634615384615384 0.5649038461538461 0.053769401330376936 0.10920177383592018
0 0.7451923076923077 0.5625 0.053769401330376936 0.10809312638580931
0 0.8269230769230769 0.5600961538461539 0.054878048780487805 0.10975609756097561
0 0.7139423076923077 0.7740384615384616 0.05321507760532151 0.10809312638580931
0 0.7932692307692307 0.7716346153846154 0.053769401330376936 0.10864745011086474
0 0.6322115384615384 0.7788461538461539 0.05432372505543237 0.11031042128603105
0 0.5504807692307693 0.78125 0.053769401330376936 0.10920177383592018
0 0.7403846153846154 0.35096153846153844 0.05432372505543237 0.10975609756097561
0 0.6586538461538461 0.35336538461538464 0.053769401330376936 0.10809312638580931
0 0.5769230769230769 0.3557692307692308 0.05432372505543237 0.10864745011086474
0 0.49038461538461536 0.3581730769230769 0.05266075388026607 0.10809312638580931
0 0.40865384615384615 0.3605769230769231 0.05266075388026607 0.10753880266075387
0 0.15384615384615385 0.7451923076923077 0.021064301552106427 0.012195121951219513
0 0.15384615384615385 0.8197115384615384 0.021064301552106427 0.011086474501108647
0 0.08653846153846154 0.7572115384615384 0.022727272727272728 0.013858093126385808
0 0.15384615384615385 0.8052884615384616 0.02328159645232816 0.01164079822616408
0 0.15144230769230768 0.7572115384615384 0.022727272727272728 0.011086474501108647
0 0.15384615384615385 0.8798076923076923 0.022172949002217293 0.012195121951219513
0 0.09375 0.8701923076923077 0.030487804878048776 0.013858093126385808
0 0.0889423076923077 0.7956730769230769 0.022727272727272728 0.010532150776053214
0 0.20192307692307693 0.7908653846153846 0.05432372505543237 0.10809312638580931
