0 0.8197115384615384 0.25240384615384615 0.02425876010781671 0.018867924528301886
0 0.8413461538461539 0.9663461538461539 0.0215633423180593 0.01078167115902965
0 0.3485576923076923 0.30288461538461536 0.033243486073674756 0.04941599281221923
0 0.5192307692307693 0.24278846153846154 0.050314465408805034 0.03953279424977539
0 0.34375 0.6682692307692307 0.04761904761904762 0.03953279424977539
0 0.5745192307692307 0.7908653846153846 0.05390835579514825 0.03593890386343217
0 0.7355769230769231 0.8149038461538461 0.0431266846361186 0.026954177897574125
0 0.7283653846153846 0.6730769230769231 0.025157232704402517 0.041329739442946996
0 0.6346153846153846 0.5288461538461539 0.04851752021563342 0.04043126684636119
0 0.7668269230769231 0.11538461538461539 0.04672057502246182 0.03863432165318958
0 0.6466346153846154 0.16105769230769232 0.053009883198562445 0.041329739442946996
0 0.4567307692307692 0.3389423076923077 0.017070979335130278 0.020664869721473498
0 0.6033653846153846 0.24759615384615385 0.017070979335130278 0.022461814914645106
0 0.5961538461538461 0.2548076923076923 0.015274034141958671 0.018867924528301886
0 0.6129807692307693 0.3581730769230769 0.019766397124887695 0.015274034141958671
0 0.43990384615384615 0.4495192307692308 0.022461814914645106 0.018867924528301886
0 0.31971153846153844 0.5360576923076923 0.0440251572327044 0.030548068283917342
0 0.2283653846153846 0.5841346153846154 0.025157232704402517 0.020664869721473498
0 0.30528846153846156 0.6370192307692307 0.019766397124887695 0.02425876010781671
0 0.2956730769230769 0.6418269230769231 0.016172506738544475 0.0215633423180593
0 0.5192307692307693 0.8461538461538461 0.012578616352201259 0.02336028751123091
0 0.23317307692307693 0.40625 0.05390835579514825 0.04492362982929021
