0 0.4519230769230769 0.4567307692307692 0.02977487291212781 0.029048656499636893
0 0.38461538461538464 0.35336538461538464 0.02106027596223675 0.023238925199709513
0 0.4543269230769231 0.038461538461538464 0.032679738562091505 0.03994190268700072
0 0.7788461538461539 0.8100961538461539 0.10239651416122005 0.10457516339869281
0 0.6057692307692307 0.6201923076923077 0.11256354393609296 0.09586056644880175
0 0.49278846153846156 0.4423076923076923 0.12273057371096587 0.10602759622367466
0 0.6490384615384616 0.37740384615384615 0.026143790849673203 0.03631082062454612
0 0.40865384615384615 0.30288461538461536 0.11256354393609296 0.11909949164851125
0 0.2764423076923077 0.17307692307692307 0.1336238198983297 0.14451706608569354
0 0.1778846153846154 0.03365384615384615 0.0617283950617284 0.06899055918663763
