0 0.15625 0.1875 0.024346257889990983 0.034265103697024346
0 0.17307692307692307 0.14423076923076922 0.024346257889990983 0.033363390441839495
0 0.18509615384615385 0.10817307692307693 0.02614968440036069 0.03606853020739405
0 0.20192307692307693 0.06971153846153846 0.029756537421100092 0.04147880973850316
0 0.7908653846153846 0.39663461538461536 0.1424706943192065 0.17853922452660054
0 0.7019230769230769 0.35336538461538464 0.14337240757439135 0.17853922452660054
0 0.6153846153846154 0.3076923076923077 0.14156898106402166 0.17853922452660054
0 0.4206730769230769 0.7596153846153846 0.14156898106402166 0.17853922452660054
0 0.5024038461538461 0.8028846153846154 0.1388638412984671 0.17853922452660054
0 0.5817307692307693 0.8461538461538461 0.1406672678088368 0.1776375112714157
0 0.6923076923076923 0.6225961538461539 0.13976555455365194 0.17673579801623085
0 0.6105769230769231 0.5817307692307693 0.1406672678088368 0.1794409377817854
0 0.5288461538461539 0.5384615384615384 0.1406672678088368 0.17673579801623085
0 0.44711538461538464 0.49759615384615385 0.1406672678088368 0.1776375112714157
0 0.36538461538461536 0.4543269230769231 0.1406672678088368 0.17853922452660054
0 0.5144230769230769 0.2548076923076923 0.13976555455365194 0.1776375112714157
