0 0.22115384615384615 0.84375 0.0341113105924596 0.03859964093357271
0 0.19471153846153846 0.7235576923076923 0.03680430879712747 0.04039497307001795
0 0.36778846153846156 0.9639423076923077 0.03141831238779174 0.03680430879712747
0 0.2932692307692308 0.9014423076923077 0.03141831238779174 0.03680430879712747
0 0.33413461538461536 0.9350961538461539 0.0341113105924596 0.03949730700179533
0 0.40384615384615385 0.8774038461538461 0.028725314183123875 0.03231597845601436
0 0.15384615384615385 0.6923076923076923 0.03141831238779174 0.03680430879712747
0 0.21153846153846154 0.7307692307692307 0.03321364452423698 0.0341113105924596
0 0.4543269230769231 0.18269230769230768 0.1867145421903052 0.1795332136445242
0 0.5240384615384616 0.7091346153846154 0.15439856373429084 0.1732495511669659
0 0.4495192307692308 0.6514423076923077 0.15709156193895868 0.17235188509874327
0 0.375 0.59375 0.15888689407540393 0.17235188509874327
0 0.5168269230769231 0.47115384615384615 0.17145421903052063 0.1561938958707361
0 0.5745192307692307 0.3942307692307692 0.1732495511669659 0.15709156193895868
0 0.6346153846153846 0.3173076923076923 0.1732495511669659 0.1561938958707361
