0 0.5216346153846154 0.3004807692307692 0.010563380281690142 0.013497652582159625
0 0.7019230769230769 0.7716346153846154 0.029342723004694836 0.053403755868544595
0 0.2932692307692308 0.4543269230769231 0.005281690140845071 0.011150234741784039
0 0.2860576923076923 0.4543269230769231 0.005868544600938968 0.009976525821596246
0 0.28125 0.4543269230769231 0.004694835680751174 0.011150234741784039
0 0.27403846153846156 0.4519230769230769 0.006455399061032864 0.011737089201877935
0 0.34134615384615385 0.3870192307692308 0.006455399061032864 0.014671361502347418
0 0.30288461538461536 0.41346153846153844 0.005868544600938968 0.011150234741784039
0 0.28365384615384615 0.4230769230769231 0.005281690140845071 0.011737089201877935
0 0.27884615384615385 0.4230769230769231 0.005868544600938968 0.011737089201877935
0 0.2668269230769231 0.4230769230769231 0.005868544600938968 0.010563380281690142
0 0.24278846153846154 0.4182692307692308 0.007042253521126761 0.010563380281690142
0 0.6706730769230769 0.7692307692307693 0.02992957746478873 0.0539906103286385
0 0.5120192307692307 0.3894230769230769 0.006455399061032864 0.012323943661971832
0 0.6826923076923077 0.47596153846153844 0.20833333333333334 0.39906103286384975
0 0.7331730769230769 0.7740384615384616 0.02699530516431925 0.053403755868544595
0 0.6394230769230769 0.7644230769230769 0.02699530516431925 0.052230046948356805
0 0.6081730769230769 0.7644230769230769 0.028169014084507043 0.0528169014084507
0 0.5336538461538461 0.6514423076923077 0.05575117370892018 0.03697183098591549
0 0.5384615384615384 0.6105769230769231 0.056924882629107984 0.03814553990610329
0 0.5408653846153846 0.5697115384615384 0.057511737089201875 0.03755868544600939
0 0.6826923076923077 0.47596153846153844 0.1244131455399061 0.24178403755868547
0 0.6009615384615384 0.0985576923076923 0.20129107981220656 0.10856807511737089
0 0.5552884615384616 0.18269230769230768 0.08039906103286384 0.07863849765258216
0 0.2692307692307692 0.4519230769230769 0.007042253521126761 0.012323943661971832
0 0.25 0.4182692307692308 0.005868544600938968 0.009389671361502348
0 0.2620192307692308 0.4182692307692308 0.007629107981220657 0.011150234741784039
0 0.27403846153846156 0.4206730769230769 0.005868544600938968 0.011737089201877935
0 0.5072115384615384 0.4375 0.007042253521126761 0.011150234741784039
0 0.4951923076923077 0.43990384615384615 0.006455399061032864 0.012323943661971832
0 0.5048076923076923 0.47115384615384615 0.005868544600938968 0.009976525821596246
0 0.49759615384615385 0.47115384615384615 0.005281690140845071 0.010563380281690142
0 0.49278846153846156 0.46875 0.006455399061032864 0.011737089201877935
0 0.4807692307692308 0.46875 0.007042253521126761 0.010563380281690142
0 0.46875 0.46634615384615385 0.006455399061032864 0.010563380281690142
0 0.37259615384615385 0.43028846153846156 0.005281690140845071 0.011150234741784039
0 0.36538461538461536 0.43028846153846156 0.005868544600938968 0.011737089201877935
0 0.3605769230769231 0.43028846153846156 0.005868544600938968 0.011150234741784039
0 0.3557692307692308 0.42788461538461536 0.005868544600938968 0.012323943661971832
0 0.3485576923076923 0.42788461538461536 0.008802816901408451 0.012910798122065728
0 0.31009615384615385 0.4543269230769231 0.006455399061032864 0.011150234741784039
0 0.2980769230769231 0.4519230769230769 0.006455399061032864 0.012910798122065728
0 0.3317307692307692 0.42788461538461536 0.005868544600938968 0.010563380281690142
0 0.3245192307692308 0.4254807692307692 0.006455399061032864 0.011150234741784039
0 0.3125 0.4254807692307692 0.006455399061032864 0.009976525821596246
0 0.3389423076923077 0.41586538461538464 0.007629107981220657 0.012910798122065728
0 0.31971153846153844 0.41346153846153844 0.005868544600938968 0.009976525821596246
0 0.3076923076923077 0.41346153846153844 0.005281690140845071 0.009976525821596246
0 0.2860576923076923 0.40865384615384615 0.006455399061032864 0.011737089201877935
0 0.3701923076923077 0.18990384615384615 0.11326291079812206 0.11678403755868544
