4 0.07450980693101883 0.7045751810073853 0.054901961237192154 0.13856209814548492
4 0.06339869648218155 0.5039215683937073 0.056209150701761246 0.1267973929643631
4 0.33398693799972534 0.36535948514938354 0.056209150701761246 0.1424836665391922
4 0.34248366951942444 0.5405228734016418 0.05751634016633034 0.1424836665391922
4 0.3620915114879608 0.714379072189331 0.0470588244497776 0.10849673300981522
4 0.3019607961177826 0.699999988079071 0.05751634016633034 0.1424836665391922
4 0.20718954503536224 0.9117646813392639 0.13986928761005402 0.05359477177262306
4 0.3588235378265381 0.8934640288352966 0.09803921729326248 0.13986928761005402
4 0.7228758335113525 0.7862744927406311 0.0784313753247261 0.13464052975177765
4 0.7267974019050598 0.6235294342041016 0.08888889104127884 0.14640523493289948
4 0.727450966835022 0.46078431606292725 0.06928104907274246 0.15294118225574493
4 0.23725490272045135 0.2124183028936386 0.13986928761005402 0.07450980693101883
4 0.33725491166114807 0.06078431382775307 0.07581699639558792 0.11895424872636795
4 0.7013071775436401 0.08431372791528702 0.05359477177262306 0.10849673300981522
4 0.8176470398902893 0.2065359503030777 0.13725490868091583 0.08104575425386429
4 0.9483659863471985 0.15424837172031403 0.10326797515153885 0.0470588244497776
4 0.9784313440322876 0.28823530673980713 0.04313725605607033 0.05359477177262306
4 0.8450980186462402 0.393464058637619 0.13464052975177765 0.062745101749897
4 0.8562091588973999 0.47058823704719543 0.13071896135807037 0.054901961237192154
4 0.9379084706306458 0.5555555820465088 0.12418300658464432 0.06535948067903519
4 0.8784313797950745 0.6392157077789307 0.1908496767282486 0.06535948067903519
4 0.886274516582489 0.7222222089767456 0.1594771295785904 0.0640522912144661
4 0.9065359234809875 0.8241829872131348 0.13986928761005402 0.04575163498520851
4 0.929411768913269 0.9183006286621094 0.12026143819093704 0.056209150701761246
4 0.9241830110549927 0.9758169651031494 0.13071896135807037 0.048366013914346695
4 0.05424836650490761 0.05882352963089943 0.0640522912144661 0.11764705926179886
4 0.7830065488815308 0.10457516461610794 0.054901961237192154 0.125490203499794
1 0.9993463754653931 0.6607843041419983 0.00130718934815377 0.016993464902043343
1 0.9522875547409058 0.6679738759994507 0.027450980618596077 0.01568627543747425
1 0.8993464112281799 0.6784313917160034 0.033986929804086685 0.018300654366612434
1 0.3816993534564972 0.42941176891326904 0.01568627543747425 0.03006535954773426
1 0.3973856270313263 0.4320261478424072 0.01568627543747425 0.03006535954773426
4 0.20196078717708588 0.8385620713233948 0.13725490868091583 0.04575163498520851
1 0.007189542520791292 0.47058823704719543 0.014379085041582584 0.0235294122248888
8 0.132679745554924 0.29869282245635986 0.03267974033951759 0.024836601689457893
