4 0.6248366236686707 0.04967320337891579 0.1594771295785904 0.08366013318300247
4 0.400653600692749 0.03529411926865578 0.1738562136888504 0.07058823853731155
4 0.5686274766921997 0.3235294222831726 0.1594771295785904 0.06143790856003761
5 0.46209150552749634 0.5124183297157288 0.07189542800188065 0.14640523493289948
5 0.49084967374801636 0.685620903968811 0.06928104907274246 0.16078431904315948
4 0.7751634120941162 0.7098039388656616 0.06535948067903519 0.11503268033266068
4 0.671241819858551 0.8692810535430908 0.13202615082263947 0.07581699639558792
6 0.24052287638187408 0.8300653696060181 0.1281045824289322 0.19607843458652496
4 0.8751633763313293 0.7803921699523926 0.04575163498520851 0.14640523493289948
4 0.9921568632125854 0.4444444477558136 0.0156862735748291 0.13856209814548492
4 0.7607843279838562 0.5241830348968506 0.04967320337891579 0.13594771921634674
4 0.758169949054718 0.3777777850627899 0.054901961237192154 0.13594771921634674
5 0.3562091588973999 0.6084967255592346 0.0954248383641243 0.15294118225574493
5 0.23529411852359772 0.6529411673545837 0.05228758230805397 0.06143790856003761
1 0.3189542591571808 0.26143792271614075 0.033986929804086685 0.0313725508749485
1 0.5281046032905579 0.26732027530670166 0.026143791154026985 0.027450980618596077
1 0.4287581741809845 0.8209150433540344 0.05228758230805397 0.0313725508749485
2 0.8196078538894653 0.38235294818878174 0.020915033295750618 0.04313725605607033
2 0.25751635432243347 0.4228758215904236 0.033986929804086685 0.016993464902043343
10 0.2790849804878235 0.4261437952518463 0.03790849819779396 0.020915033295750618
10 0.48627451062202454 0.20718954503536224 0.04967320337891579 0.024836601689457893
10 0.4320261478424072 0.21764706075191498 0.05098039284348488 0.02222222276031971
10 0.3588235378265381 0.21111111342906952 0.05359477177262306 0.024836601689457893
10 0.26993465423583984 0.21045751869678497 0.056209150701761246 0.020915033295750618
4 0.7529411911964417 0.9745097756385803 0.05751634016633034 0.05098039284348488
