4 0.6248366236686707 0.7320261597633362 0.3607843220233917 0.16732026636600494
4 0.9176470637321472 0.5496731996536255 0.16470588743686676 0.16339869797229767
4 0.12287581712007523 0.48104575276374817 0.24575163424015045 0.11241830140352249
10 0.02549019642174244 0.19346405565738678 0.03790849819779396 0.02875817008316517
4 0.054901961237192154 0.1267973929643631 0.10980392247438431 0.04444444552063942
4 0.5568627715110779 0.19477124512195587 0.054901961237192154 0.062745101749897
4 0.7176470756530762 0.23529411852359772 0.07581699639558792 0.07058823853731155
1 0.6581699252128601 0.2307189553976059 0.019607843831181526 0.056209150701761246
1 0.2522875964641571 0.11764705926179886 0.013071895577013493 0.033986929804086685
1 0.25882354378700256 0.08758170157670975 0.010457516647875309 0.0235294122248888
2 0.3816993534564972 0.16209150850772858 0.01568627543747425 0.03921568766236305
10 0.38235294818878174 0.17581699788570404 0.02222222276031971 0.027450980618596077
4 0.2908496856689453 0.09738562256097794 0.04575163498520851 0.03790849819779396
4 0.3137255012989044 0.07581699639558792 0.033986929804086685 0.041830066591501236
2 0.35686275362968445 0.08496732264757156 0.007843137718737125 0.020915033295750618
3 0.3588235378265381 0.09346405416727066 0.019607843831181526 0.016993464902043343
4 0.3450980484485626 0.05098039284348488 0.03660130873322487 0.0313725508749485
4 0.4117647111415863 0.1352941244840622 0.07058823853731155 0.04313725605607033
4 0.46666666865348816 0.10849673300981522 0.04444444552063942 0.033986929804086685
8 0.45947712659835815 0.19411765038967133 0.04575163498520851 0.056209150701761246
4 0.46666666865348816 0.1666666716337204 0.0470588244497776 0.048366013914346695
4 0.54313725233078 0.1653594821691513 0.04575163498520851 0.04313725605607033
4 0.6411764621734619 0.1267973929643631 0.04313725605607033 0.033986929804086685
4 0.530718982219696 0.04117647185921669 0.026143791154026985 0.027450980618596077
4 0.6039215922355652 0.04640522971749306 0.02875817008316517 0.024836601689457893
4 0.5803921818733215 0.01503267977386713 0.020915033295750618 0.014379085041582584
1 0.6098039150238037 0.01764705963432789 0.006535947788506746 0.014379085041582584
1 0.8209150433540344 0.15424837172031403 0.01568627543747425 0.033986929804086685
1 0.8307189345359802 0.15294118225574493 0.009150327183306217 0.033986929804086685
1 0.9058823585510254 0.16732026636600494 0.018300654366612434 0.0470588244497776
4 0.8522875905036926 0.13725490868091583 0.04444444552063942 0.033986929804086685
4 0.8294117450714111 0.12091503292322159 0.048366013914346695 0.03267974033951759
4 0.9790849685668945 0.14640523493289948 0.041830066591501236 0.041830066591501236
4 0.9758169651031494 0.09673202782869339 0.04313725605607033 0.02875817008316517
4 0.9666666388511658 0.12026143819093704 0.06143790856003761 0.03660130873322487
