4 0.19281046092510223 0.026143791154026985 0.05359477177262306 0.04967320337891579
4 0.3019607961177826 0.020915033295750618 0.05228758230805397 0.02875817008316517
4 0.2477124184370041 0.007843137718737125 0.040522877126932144 0.01568627543747425
6 0.8320261240005493 0.11895424872636795 0.335947722196579 0.07058823853731155
6 0.7901960611343384 0.13856209814548492 0.41960784792900085 0.08104575425386429
6 0.7738562226295471 0.21045751869678497 0.45228758454322815 0.08888889104127884
6 0.7457516193389893 0.2633987069129944 0.5084967613220215 0.1267973929643631
6 0.6189542412757874 0.3392156958580017 0.46666666865348816 0.10588235408067703
6 0.6150326728820801 0.39934641122817993 0.5790849924087524 0.10065359622240067
6 0.6254901885986328 0.501960813999176 0.7490196228027344 0.1568627506494522
6 0.5326797366142273 0.6496732234954834 0.8980392217636108 0.14901961386203766
6 0.5 0.8104575276374817 1.0 0.22483660280704498
