7 0.343137264251709 0.8418300747871399 0.10849673300981522 0.05751634016633034
4 0.3065359592437744 0.7764706015586853 0.18431372940540314 0.07320261746644974
10 0.4274509847164154 0.7549019455909729 0.0313725508749485 0.04313725605607033
4 0.44967320561408997 0.6705882549285889 0.1594771295785904 0.06797385960817337
7 0.5915032625198364 0.6470588445663452 0.027450980618596077 0.041830066591501236
2 0.8169934749603271 0.8849673271179199 0.02875817008316517 0.06797385960817337
10 0.8156862854957581 0.9137254953384399 0.0313725508749485 0.06797385960817337
4 0.9496731758117676 0.9431372284889221 0.09019608050584793 0.11372549086809158
1 0.7235293984413147 0.5843137502670288 0.016993464902043343 0.04444444552063942
2 0.8196078538894653 0.6098039150238037 0.01568627543747425 0.04575163498520851
3 0.8215686082839966 0.6222222447395325 0.027450980618596077 0.026143791154026985
2 0.7758169770240784 0.5699346661567688 0.014379085041582584 0.033986929804086685
3 0.7758169770240784 0.5797385573387146 0.03006535954773426 0.014379085041582584
1 0.9745097756385803 0.6019607782363892 0.019607843831181526 0.056209150701761246
2 0.9954248070716858 0.5745097994804382 0.009150326251983643 0.024836601689457893
2 0.9934640526771545 0.5673202872276306 0.013071895577013493 0.026143791154026985
10 0.9934640526771545 0.5816993713378906 0.013071895577013493 0.0313725508749485
4 0.6666666865348816 0.5594771504402161 0.062745101749897 0.062745101749897
6 0.7692810297012329 0.5196078419685364 0.09019608050584793 0.07450980693101883
4 0.7065359354019165 0.5281046032905579 0.056209150701761246 0.04444444552063942
6 0.5647059082984924 0.4647058844566345 0.11503268033266068 0.05882352963089943
10 0.4816993474960327 0.5006536245346069 0.027450980618596077 0.018300654366612434
6 0.5130718946456909 0.45098039507865906 0.040522877126932144 0.05228758230805397
6 0.7307189702987671 0.4660130739212036 0.11241830140352249 0.06143790856003761
6 0.6843137145042419 0.46078431606292725 0.10588235408067703 0.04575163498520851
7 0.6516339778900146 0.49934640526771545 0.040522877126932144 0.041830066591501236
6 0.6810457706451416 0.40784314274787903 0.06535948067903519 0.04444444552063942
2 0.6392157077789307 0.42091503739356995 0.007843137718737125 0.0235294122248888
3 0.6392157077789307 0.4248366057872772 0.013071895577013493 0.010457516647875309
6 0.5699346661567688 0.42810457944869995 0.06797385960817337 0.03267974033951759
4 0.6124182939529419 0.44117647409439087 0.048366013914346695 0.04575163498520851
4 0.5183006525039673 0.4176470637321472 0.04313725605607033 0.024836601689457893
4 0.5281046032905579 0.37124183773994446 0.05228758230805397 0.020915033295750618
2 0.5444444417953491 0.3888888955116272 0.0117647061124444 0.024836601689457893
1 0.5856209397315979 0.4000000059604645 0.007843137718737125 0.018300654366612434
1 0.6196078658103943 0.40261438488960266 0.010457516647875309 0.02875817008316517
4 0.9732025861740112 0.5078431367874146 0.040522877126932144 0.04575163498520851
4 0.95686274766922 0.4771241843700409 0.03660130873322487 0.041830066591501236
4 0.954901933670044 0.45098039507865906 0.03267974033951759 0.02875817008316517
4 0.9816993474960327 0.4143790900707245 0.03660130873322487 0.02875817008316517
4 0.9503268003463745 0.37712419033050537 0.026143791154026985 0.027450980618596077
4 0.9202614426612854 0.3888888955116272 0.026143791154026985 0.024836601689457893
4 0.8653594851493835 0.43921568989753723 0.03660130873322487 0.03921568766236305
4 0.8869280815124512 0.42091503739356995 0.024836601689457893 0.02875817008316517
6 0.855555534362793 0.393464058637619 0.03529411926865578 0.0470588244497776
4 0.8738561868667603 0.38562092185020447 0.02222222276031971 0.0313725508749485
4 0.8823529481887817 0.3745098114013672 0.0313725508749485 0.02222222276031971
4 0.9098039269447327 0.36405229568481445 0.0235294122248888 0.02222222276031971
4 0.9869281053543091 0.350326806306839 0.0235294122248888 0.018300654366612434
7 0.8535947799682617 0.4745098054409027 0.0235294122248888 0.0313725508749485
1 0.8248366117477417 0.4398692846298218 0.007843137718737125 0.027450980618596077
7 0.8313725590705872 0.4431372582912445 0.018300654366612434 0.018300654366612434
1 0.8045751452445984 0.46666666865348816 0.009150327183306217 0.0235294122248888
7 0.8228757977485657 0.47124183177948 0.03006535954773426 0.024836601689457893
4 0.900653600692749 0.3333333432674408 0.03921568766236305 0.020915033295750618
4 0.8732026219367981 0.3392156958580017 0.0235294122248888 0.019607843831181526
1 0.8346405029296875 0.3928104639053345 0.006535947788506746 0.024836601689457893
1 0.94248366355896 0.343137264251709 0.007843137718737125 0.02222222276031971
2 0.913071870803833 0.4163398742675781 0.009150327183306217 0.019607843831181526
10 0.913071870803833 0.4261437952518463 0.0117647061124444 0.018300654366612434
7 0.9254902005195618 0.4156862795352936 0.013071895577013493 0.018300654366612434
2 0.9267973899841309 0.4084967374801636 0.0052287583239376545 0.016993464902043343
1 0.9607843160629272 0.3379085063934326 0.007843137718737125 0.016993464902043343
5 0.9385620951652527 0.3320261538028717 0.0235294122248888 0.020915033295750618
4 0.9666666388511658 0.33267974853515625 0.027450980618596077 0.014379085041582584
6 0.9555555582046509 0.3176470696926117 0.03921568766236305 0.018300654366612434
4 0.9797385334968567 0.3176470696926117 0.03006535954773426 0.010457516647875309
4 0.9875816702842712 0.3117647171020508 0.024836601689457893 0.0117647061124444
4 0.9908496737480164 0.3091503381729126 0.018300654366612434 0.016993464902043343
0 0.9986928105354309 0.2849673330783844 0.0026143789291381836 0.041830066591501236
