7 0.3633987009525299 0.7954248189926147 0.1437908560037613 0.13202615082263947
2 0.3875817060470581 0.7901960611343384 0.03790849819779396 0.06666667014360428
7 0.8019607663154602 0.3901960849761963 0.08235294371843338 0.07712418586015701
2 0.8235294222831726 0.3660130798816681 0.01568627543747425 0.0313725508749485
4 0.9849672913551331 0.379084974527359 0.03006535954773426 0.08104575425386429
1 0.9660130739212036 0.34836602210998535 0.013071895577013493 0.05359477177262306
4 0.9803921580314636 0.27973857522010803 0.03921568766236305 0.062745101749897
4 0.8993464112281799 0.2790849804878235 0.06013071909546852 0.06928104907274246
4 0.9202614426612854 0.19411765038967133 0.054901961237192154 0.05359477177262306
4 0.9986928105354309 0.14052288234233856 0.0026143789291381836 0.048366013914346695
4 0.8732026219367981 0.13725490868091583 0.05228758230805397 0.0470588244497776
8 0.7915032505989075 0.2222222238779068 0.04313725605607033 0.054901961237192154
2 0.7156862616539001 0.23333333432674408 0.0117647061124444 0.03267974033951759
10 0.714379072189331 0.24379085004329681 0.027450980618596077 0.03529411926865578
4 0.7156862616539001 0.19477124512195587 0.06143790856003761 0.054901961237192154
1 0.6947712302207947 0.16470588743686676 0.0117647061124444 0.033986929804086685
1 0.686274528503418 0.16274510324001312 0.007843137718737125 0.027450980618596077
5 0.6039215922355652 0.1836601346731186 0.09934640675783157 0.048366013914346695
4 0.5790849924087524 0.21111111342906952 0.11503268033266068 0.048366013914346695
4 0.5098039507865906 0.25751635432243347 0.07058823853731155 0.07581699639558792
4 0.33137255907058716 0.26405230164527893 0.05359477177262306 0.062745101749897
4 0.23986928164958954 0.2568627595901489 0.05882352963089943 0.06666667014360428
4 0.15490196645259857 0.2450980395078659 0.06666667014360428 0.06666667014360428
4 0.06535948067903519 0.24379085004329681 0.08888889104127884 0.07189542800188065
5 0.0019607844296842813 0.23137255012989044 0.003921568859368563 0.062745101749897
1 0.05751634016633034 0.18627451360225677 0.0235294122248888 0.040522877126932144
1 0.11764705926179886 0.19346405565738678 0.018300654366612434 0.04444444552063942
1 0.3986928164958954 0.20392157137393951 0.01568627543747425 0.04444444552063942
10 0.4830065369606018 0.19738562405109406 0.019607843831181526 0.0313725508749485
7 0.4732026159763336 0.3006536066532135 0.12287581712007523 0.04967320337891579
4 0.06209150329232216 0.39803922176361084 0.12418300658464432 0.0954248383641243
3 0.016993464902043343 0.7424836754798889 0.033986929804086685 0.07058823853731155
10 0.0235294122248888 0.17973856627941132 0.026143791154026985 0.03006535954773426
10 0.16274510324001312 0.18431372940540314 0.040522877126932144 0.02875817008316517
1 0.12941177189350128 0.15424837172031403 0.013071895577013493 0.02875817008316517
10 0.2849673330783844 0.18431372940540314 0.03660130873322487 0.02875817008316517
4 0.9915032386779785 0.0555555559694767 0.016993463039398193 0.03267974033951759
4 0.9222221970558167 0.024836601689457893 0.03529411926865578 0.0313725508749485
5 0.8261438012123108 0.07385621219873428 0.041830066591501236 0.04313725605607033
2 0.9973856210708618 0.09215686470270157 0.005228757858276367 0.02222222276031971
10 0.9960784316062927 0.09673202782869339 0.00784313678741455 0.0313725508749485
2 0.9098039269447327 0.05424836650490761 0.010457516647875309 0.02222222276031971
10 0.9084967374801636 0.06078431382775307 0.013071895577013493 0.019607843831181526
1 0.3758170008659363 0.15032680332660675 0.0117647061124444 0.03921568766236305
3 0.6333333253860474 0.10784313827753067 0.014379085041582584 0.024836601689457893
7 0.7699346542358398 0.12875817716121674 0.033986929804086685 0.02222222276031971
10 0.7758169770240784 0.125490203499794 0.03006535954773426 0.0235294122248888
10 0.7797385454177856 0.12091503292322159 0.03006535954773426 0.024836601689457893
4 0.7196078300476074 0.05424836650490761 0.048366013914346695 0.03790849819779396
4 0.7986928224563599 0.05816993489861488 0.03660130873322487 0.03006535954773426
4 0.8771241903305054 0.010457516647875309 0.007843137718737125 0.020915033295750618
1 0.869934618473053 0.008496732451021671 0.006535947788506746 0.016993464902043343
4 0.8627451062202454 0.007189542520791292 0.0052287583239376545 0.014379085041582584
