4 0.18692810833454132 0.828758180141449 0.13071896135807037 0.09934640675783157
1 0.3163398802280426 0.8078431487083435 0.020915033295750618 0.05228758230805397
7 0.17777778208255768 0.9490196108818054 0.05751634016633034 0.08627451211214066
4 0.7745097875595093 0.6745098233222961 0.11633986979722977 0.07058823853731155
4 0.7901960611343384 0.7405228614807129 0.13464052975177765 0.07450980693101883
4 0.8379085063934326 0.8235294222831726 0.16209150850772858 0.08366013318300247
4 0.8954248428344727 0.8797385692596436 0.1725490242242813 0.08366013318300247
4 0.8686274290084839 0.9542483687400818 0.1738562136888504 0.08888889104127884
4 0.7287581562995911 0.5777778029441833 0.11895424872636795 0.04444444552063942
4 0.7300653457641602 0.5366013050079346 0.11372549086809158 0.03790849819779396
1 0.003267973894253373 0.6738561987876892 0.006535947788506746 0.03790849819779396
4 0.25751635432243347 0.6372548937797546 0.05751634016633034 0.08496732264757156
7 0.2124183028936386 0.7516340017318726 0.06143790856003761 0.062745101749897
4 0.2718954384326935 0.5326797366142273 0.04967320337891579 0.0640522912144661
4 0.2163398712873459 0.4503268003463745 0.08235294371843338 0.05098039284348488
10 0.05228758230805397 0.5777778029441833 0.03921568766236305 0.02875817008316517
10 0.0235294122248888 0.5784313678741455 0.04444444552063942 0.027450980618596077
10 0.007189542520791292 0.572549045085907 0.014379085041582584 0.02875817008316517
10 0.0784313753247261 0.5156862735748291 0.041830066591501236 0.03006535954773426
10 0.045098040252923965 0.5130718946456909 0.05098039284348488 0.027450980618596077
10 0.014379085041582584 0.46666666865348816 0.02875817008316517 0.026143791154026985
10 0.06209150329232216 0.4771241843700409 0.04313725605607033 0.0313725508749485
0 0.10849673300981522 0.30392158031463623 0.2065359503030777 0.15032680332660675
0 0.08039215952157974 0.42091503739356995 0.16078431904315948 0.08104575425386429
1 0.08954248577356339 0.21111111342906952 0.009150327183306217 0.024836601689457893
1 0.10718954354524612 0.21437908709049225 0.013071895577013493 0.0235294122248888
1 0.1352941244840622 0.20980392396450043 0.006535947788506746 0.019607843831181526
3 0.1339869350194931 0.21699346601963043 0.02222222276031971 0.013071895577013493
4 0.24901960790157318 0.17581699788570404 0.056209150701761246 0.02222222276031971
4 0.4758169949054718 0.2679738700389862 0.02875817008316517 0.02875817008316517
1 0.45359477400779724 0.27450981736183167 0.010457516647875309 0.0235294122248888
1 0.3660130798816681 0.23464052379131317 0.007843137718737125 0.016993464902043343
1 0.6352941393852234 0.2738562226295471 0.010457516647875309 0.024836601689457893
1 0.6679738759994507 0.26601308584213257 0.010457516647875309 0.024836601689457893
1 0.7575163245201111 0.43790850043296814 0.0117647061124444 0.033986929804086685
1 0.7718954086303711 0.43660131096839905 0.009150327183306217 0.033986929804086685
1 0.7862744927406311 0.4372549057006836 0.009150327183306217 0.03267974033951759
1 0.8019607663154602 0.45359477400779724 0.014379085041582584 0.026143791154026985
1 0.7843137383460999 0.4647058844566345 0.010457516647875309 0.027450980618596077
1 0.7699346542358398 0.4803921580314636 0.01568627543747425 0.040522877126932144
0 0.9686274528503418 0.6875817179679871 0.0627450942993164 0.12287581712007523
10 0.98562091588974 0.599346399307251 0.02875817008316517 0.03006535954773426
3 0.8947712182998657 0.44509804248809814 0.03267974033951759 0.024836601689457893
3 0.8196078538894653 0.4176470637321472 0.020915033295750618 0.03529411926865578
3 0.8771241903305054 0.4313725531101227 0.026143791154026985 0.013071895577013493
10 0.869934618473053 0.4202614426612854 0.03267974033951759 0.02222222276031971
4 0.7483659982681274 0.33398693799972534 0.0797385647892952 0.03267974033951759
1 0.8163398504257202 0.3274509906768799 0.006535947788506746 0.019607843831181526
1 0.6758170127868652 0.3117647171020508 0.010457516647875309 0.027450980618596077
1 0.6339869499206543 0.31568628549575806 0.010457516647875309 0.02222222276031971
3 0.657516360282898 0.31830066442489624 0.018300654366612434 0.016993464902043343
2 0.6843137145042419 0.2633987069129944 0.009150327183306217 0.014379085041582584
2 0.6915032863616943 0.2692810595035553 0.010457516647875309 0.013071895577013493
1 0.6326797604560852 0.21960784494876862 0.007843137718737125 0.0235294122248888
4 0.6692810654640198 0.21699346601963043 0.0235294122248888 0.0235294122248888
4 0.6091503500938416 0.24248366057872772 0.03921568766236305 0.03006535954773426
4 0.6352941393852234 0.2666666805744171 0.04967320337891579 0.02875817008316517
1 0.5379084944725037 0.22026143968105316 0.009150327183306217 0.024836601689457893
1 0.5281046032905579 0.22156862914562225 0.007843137718737125 0.02222222276031971
1 0.5006536245346069 0.239215686917305 0.010457516647875309 0.026143791154026985
1 0.48758170008659363 0.2281045764684677 0.007843137718737125 0.024836601689457893
4 0.24117647111415863 0.36666667461395264 0.07450980693101883 0.04575163498520851
0 0.132679745554924 0.13725490868091583 0.16862745583057404 0.05751634016633034
5 0.239215686917305 0.15032680332660675 0.03660130873322487 0.020915033295750618
4 0.3921568691730499 0.12614379823207855 0.018300654366612434 0.024836601689457893
4 0.35947713255882263 0.13006536662578583 0.01568627543747425 0.016993464902043343
4 0.4901960790157318 0.1183006539940834 0.026143791154026985 0.019607843831181526
4 0.5137255191802979 0.12287581712007523 0.0470588244497776 0.018300654366612434
4 0.4588235318660736 0.16470588743686676 0.010457516647875309 0.018300654366612434
10 0.3346405327320099 0.20849673449993134 0.0235294122248888 0.0117647061124444
2 0.33267974853515625 0.20065359771251678 0.009150327183306217 0.019607843831181526
1 0.49084967374801636 0.16732026636600494 0.006535947788506746 0.018300654366612434
4 0.6830065250396729 0.4444444477558136 0.10326797515153885 0.03921568766236305
4 0.6673202514648438 0.4032679796218872 0.09019608050584793 0.03267974033951759
4 0.656862735748291 0.3830065429210663 0.08496732264757156 0.0313725508749485
4 0.6562091708183289 0.3686274588108063 0.08627451211214066 0.033986929804086685
11 0.6869280934333801 0.2921568751335144 0.019607843831181526 0.03006535954773426
4 0.328758180141449 0.11633986979722977 0.016993464902043343 0.020915033295750618
4 0.3045751750469208 0.12156862765550613 0.026143791154026985 0.020915033295750618
4 0.30392158031463623 0.10718954354524612 0.016993464902043343 0.013071895577013493
4 0.30718955397605896 0.09738562256097794 0.01568627543747425 0.014379085041582584
4 0.33267974853515625 0.09150326997041702 0.019607843831181526 0.01568627543747425
4 0.3379085063934326 0.07254902273416519 0.014379085041582584 0.016993464902043343
4 0.3104575276374817 0.08758170157670975 0.014379085041582584 0.01568627543747425
4 0.3189542591571808 0.07450980693101883 0.018300654366612434 0.01568627543747425
4 0.37254902720451355 0.06601307541131973 0.013071895577013493 0.016993464902043343
4 0.3529411852359772 0.052941177040338516 0.013071895577013493 0.016993464902043343
4 0.34379085898399353 0.04444444552063942 0.020915033295750618 0.013071895577013493
4 0.3529411852359772 0.03006535954773426 0.013071895577013493 0.010457516647875309
6 0.328758180141449 0.024836601689457893 0.014379085041582584 0.020915033295750618
4 0.39084967970848083 0.04117647185921669 0.01568627543747425 0.0117647061124444
4 0.4071895480155945 0.03464052453637123 0.0117647061124444 0.0117647061124444
4 0.40130719542503357 0.01895424909889698 0.010457516647875309 0.014379085041582584
4 0.37973856925964355 0.018300654366612434 0.0117647061124444 0.013071895577013493
1 0.4516339898109436 0.13725490868091583 0.009150327183306217 0.01568627543747425
9 0.48758170008659363 0.07647059112787247 0.0313725508749485 0.03529411926865578
5 0.4699346423149109 0.0313725508749485 0.019607843831181526 0.013071895577013493
1 0.44379085302352905 0.07581699639558792 0.006535947788506746 0.013071895577013493
1 0.4372549057006836 0.06013071909546852 0.006535947788506746 0.01568627543747425
0 0.6163398623466492 0.13464052975177765 0.1581699401140213 0.06013071909546852
