4 0.9915032386779785 0.95686274766922 0.016993463039398193 0.08627451211214066
4 0.9882352948188782 0.7261437773704529 0.0235294122248888 0.10588235408067703
4 0.8222222328186035 0.6967320442199707 0.08104575425386429 0.10718954354524612
4 0.9594771265983582 0.5274509787559509 0.06797385960817337 0.07450980693101883
4 0.8810457587242126 0.5267974138259888 0.06013071909546852 0.07058823853731155
4 0.7810457348823547 0.5215686559677124 0.05882352963089943 0.06797385960817337
4 0.9071895480155945 0.4320261478424072 0.0470588244497776 0.040522877126932144
4 0.8359476923942566 0.4300653636455536 0.04575163498520851 0.0470588244497776
4 0.7686274647712708 0.3960784375667572 0.03921568766236305 0.033986929804086685
4 0.8209150433540344 0.3705882430076599 0.033986929804086685 0.03006535954773426
4 0.7601307034492493 0.3294117748737335 0.027450980618596077 0.0235294122248888
4 0.7882353067398071 0.3150326907634735 0.026143791154026985 0.0235294122248888
4 0.8366013169288635 0.33006536960601807 0.026143791154026985 0.024836601689457893
4 0.9254902005195618 0.32156863808631897 0.02875817008316517 0.020915033295750618
4 0.8941176533699036 0.2947712540626526 0.0235294122248888 0.019607843831181526
4 0.8183006644248962 0.3032679855823517 0.0235294122248888 0.020915033295750618
4 0.7490196228027344 0.2895424962043762 0.020915033295750618 0.02222222276031971
9 0.9091503024101257 0.26732027530670166 0.03790849819779396 0.03529411926865578
9 0.813725471496582 0.239215686917305 0.024836601689457893 0.026143791154026985
9 0.857516348361969 0.23137255012989044 0.0235294122248888 0.0235294122248888
4 0.8418300747871399 0.23986928164958954 0.01568627543747425 0.0117647061124444
9 0.7882353067398071 0.19150327146053314 0.013071895577013493 0.0117647061124444
9 0.8045751452445984 0.1967320293188095 0.014379085041582584 0.014379085041582584
4 0.7836601138114929 0.20326797664165497 0.009150327183306217 0.006535947788506746
4 0.7947712540626526 0.20326797664165497 0.007843137718737125 0.006535947788506746
4 0.785620927810669 0.2065359503030777 0.010457516647875309 0.007843137718737125
4 0.7882353067398071 0.21045751869678497 0.010457516647875309 0.007843137718737125
4 0.7915032505989075 0.21568627655506134 0.009150327183306217 0.007843137718737125
4 0.7980391979217529 0.20980392396450043 0.009150327183306217 0.006535947788506746
4 0.8130719065666199 0.21045751869678497 0.010457516647875309 0.007843137718737125
4 0.801307201385498 0.22156862914562225 0.010457516647875309 0.009150327183306217
4 0.8058823347091675 0.21568627655506134 0.009150327183306217 0.007843137718737125
4 0.7882353067398071 0.22549019753932953 0.010457516647875309 0.009150327183306217
4 0.7810457348823547 0.22026143968105316 0.0117647061124444 0.009150327183306217
4 0.8196078538894653 0.22156862914562225 0.013071895577013493 0.009150327183306217
4 0.7607843279838562 0.2535947859287262 0.018300654366612434 0.013071895577013493
4 0.7477124333381653 0.2705882489681244 0.018300654366612434 0.01568627543747425
2 0.25555557012557983 0.7686274647712708 0.03529411926865578 0.07320261746644974
2 0.3065359592437744 0.7679738402366638 0.03267974033951759 0.07450980693101883
2 0.34836602210998535 0.6450980305671692 0.024836601689457893 0.05882352963089943
2 0.4699346423149109 0.5673202872276306 0.027450980618596077 0.041830066591501236
2 0.5967320203781128 0.4444444477558136 0.014379085041582584 0.03660130873322487
2 0.6503267884254456 0.4431372582912445 0.019607843831181526 0.041830066591501236
2 0.5803921818733215 0.38104575872421265 0.010457516647875309 0.027450980618596077
2 0.5666666626930237 0.3686274588108063 0.009150327183306217 0.026143791154026985
2 0.6111111044883728 0.3444444537162781 0.009150327183306217 0.024836601689457893
2 0.5888888835906982 0.350326806306839 0.0117647061124444 0.0235294122248888
2 0.5686274766921997 0.34967321157455444 0.010457516647875309 0.02222222276031971
2 0.6437908411026001 0.3320261538028717 0.009150327183306217 0.0235294122248888
2 0.6202614307403564 0.32810458540916443 0.009150327183306217 0.020915033295750618
2 0.6477124094963074 0.30000001192092896 0.006535947788506746 0.016993464902043343
2 0.628104567527771 0.3065359592437744 0.009150327183306217 0.019607843831181526
2 0.5300653576850891 0.3490196168422699 0.0117647061124444 0.020915033295750618
2 0.22745098173618317 0.46209150552749634 0.013071895577013493 0.03529411926865578
2 0.22745098173618317 0.46078431606292725 0.01568627543747425 0.03267974033951759
2 0.23006536066532135 0.43921568989753723 0.018300654366612434 0.0313725508749485
2 0.2137254923582077 0.45228758454322815 0.019607843831181526 0.033986929804086685
2 0.2137254923582077 0.4470588266849518 0.019607843831181526 0.03660130873322487
2 0.18039216101169586 0.46209150552749634 0.0235294122248888 0.03529411926865578
2 0.16078431904315948 0.4516339898109436 0.0235294122248888 0.03006535954773426
2 0.17843137681484222 0.4444444477558136 0.019607843831181526 0.033986929804086685
2 0.15620915591716766 0.4359477162361145 0.019607843831181526 0.03267974033951759
4 0.2777777910232544 0.4385620951652527 0.09803921729326248 0.04313725605607033
4 0.2235294133424759 0.39411765336990356 0.08888889104127884 0.03790849819779396
2 0.16013072431087494 0.9738562107086182 0.056209150701761246 0.05228758230805397
1 0.5183006525039673 0.7058823704719543 0.019607843831181526 0.06535948067903519
1 0.3045751750469208 0.6228758096694946 0.01568627543747425 0.056209150701761246
1 0.23464052379131317 0.4915032684803009 0.014379085041582584 0.041830066591501236
3 0.03267974033951759 0.45947712659835815 0.033986929804086685 0.027450980618596077
3 0.18300653994083405 0.47124183177948 0.03921568766236305 0.027450980618596077
3 0.22875817120075226 0.47124183177948 0.01568627543747425 0.024836601689457893
3 0.22875817120075226 0.4470588266849518 0.0313725508749485 0.026143791154026985
3 0.21111111342906952 0.45947712659835815 0.027450980618596077 0.02222222276031971
3 0.17908497154712677 0.4529411792755127 0.033986929804086685 0.02222222276031971
3 0.15620915591716766 0.4470588266849518 0.03790849819779396 0.026143791154026985
3 0.11699346452951431 0.45490196347236633 0.03529411926865578 0.026143791154026985
10 0.6503267884254456 0.4444444477558136 0.040522877126932144 0.026143791154026985
3 0.5960784554481506 0.45228758454322815 0.01568627543747425 0.026143791154026985
3 0.5797385573387146 0.38823530077934265 0.0117647061124444 0.020915033295750618
3 0.5673202872276306 0.37516340613365173 0.010457516647875309 0.0235294122248888
1 0.5202614665031433 0.35816994309425354 0.007843137718737125 0.02875817008316517
1 0.5248365998268127 0.3549019694328308 0.009150327183306217 0.03006535954773426
7 0.5333333611488342 0.350326806306839 0.02875817008316517 0.020915033295750618
1 0.5503268241882324 0.3601307272911072 0.01568627543747425 0.027450980618596077
3 0.5686274766921997 0.3535947799682617 0.010457516647875309 0.016993464902043343
3 0.5895425081253052 0.3549019694328308 0.010457516647875309 0.019607843831181526
2 0.5954248309135437 0.3450980484485626 0.009150327183306217 0.0235294122248888
3 0.5947712659835815 0.34836602210998535 0.007843137718737125 0.019607843831181526
3 0.6111111044883728 0.34967321157455444 0.009150327183306217 0.019607843831181526
3 0.6431372761726379 0.335947722196579 0.007843137718737125 0.018300654366612434
3 0.6202614307403564 0.33137255907058716 0.009150327183306217 0.016993464902043343
11 0.5620915293693542 0.3078431487083435 0.04444444552063942 0.048366013914346695
