1 0.11574073880910873 0.8694444298744202 0.06481481343507767 0.1648148149251938
3 0.3203703761100769 0.9055555462837219 0.18518517911434174 0.17407406866550446
2 0.31481480598449707 0.9138888716697693 0.05925925821065903 0.12037037312984467
3 0.5046296119689941 0.7509258985519409 0.15740740299224854 0.15740740299224854
2 0.46481481194496155 0.769444465637207 0.040740739554166794 0.10185185074806213
2 0.4962962865829468 0.7712963223457336 0.0555555559694767 0.1240740716457367
1 0.3898148238658905 0.6842592358589172 0.05000000074505806 0.11666666716337204
1 0.13333334028720856 0.710185170173645 0.04814814776182175 0.12777778506278992
1 0.20555555820465088 0.625 0.07037036865949631 0.12777778506278992
1 0.06574074178934097 0.6083333492279053 0.06111111119389534 0.12777778506278992
1 0.011111111380159855 0.6120370626449585 0.02222222276031971 0.12037037312984467
1 0.13055555522441864 0.5722222328186035 0.05370370298624039 0.12962962687015533
1 0.08055555820465088 0.6824073791503906 0.05000000074505806 0.10185185074806213
1 0.16388888657093048 0.4555555582046509 0.02777777798473835 0.08148147910833359
1 0.23796296119689941 0.43518519401550293 0.04259259253740311 0.1111111119389534
1 0.37962964177131653 0.4861111044883728 0.04444444552063942 0.11296296119689941
1 0.3351851999759674 0.39629629254341125 0.03333333507180214 0.10000000149011612
1 0.4027777910232544 0.3888888955116272 0.031481482088565826 0.10370370000600815
1 0.46296295523643494 0.4611110985279083 0.03703703731298447 0.09259258955717087
1 0.5129629373550415 0.4564814865589142 0.029629629105329514 0.10555555671453476
1 0.5435185432434082 0.4870370328426361 0.04259259253740311 0.1111111119389534
1 0.6074073910713196 0.4740740656852722 0.04444444552063942 0.10370370000600815
1 0.5490740537643433 0.44907405972480774 0.035185184329748154 0.12037037312984467
1 0.43703705072402954 0.38055557012557983 0.029629629105329514 0.09814814478158951
1 0.4972222149372101 0.3712962865829468 0.035185184329748154 0.10555555671453476
1 0.35092592239379883 0.31481480598449707 0.035185184329748154 0.10370370000600815
1 0.43981480598449707 0.2953703701496124 0.02777777798473835 0.07962962985038757
1 0.4611110985279083 0.3333333432674408 0.040740739554166794 0.10000000149011612
1 0.47962963581085205 0.2611111104488373 0.029629629105329514 0.0962962955236435
1 0.5129629373550415 0.29629629850387573 0.03703703731298447 0.10000000149011612
1 0.5490740537643433 0.3314814865589142 0.035185184329748154 0.10370370000600815
1 0.5962963104248047 0.3611111044883728 0.03333333507180214 0.10000000149011612
1 0.6638888716697693 0.35185185074806213 0.035185184329748154 0.09259258955717087
1 0.6759259104728699 0.43611112236976624 0.029629629105329514 0.09444444626569748
1 0.6851851940155029 0.5083333253860474 0.03703703731298447 0.10555555671453476
1 0.7379629611968994 0.6953703761100769 0.046296294778585434 0.1388888955116272
1 0.7314814925193787 0.6601851582527161 0.025925925001502037 0.05740740895271301
2 0.7259259223937988 0.5898148417472839 0.03703703731298447 0.09444444626569748
3 0.7111111283302307 0.5990740656852722 0.09259258955717087 0.10925926268100739
1 0.9824073910713196 0.7851851582527161 0.035185184329748154 0.11851851642131805
1 0.9833333492279053 0.7388888597488403 0.03333333134651184 0.07777778059244156
1 0.9916666746139526 0.6870370507240295 0.01666666567325592 0.11851851642131805
1 0.8861111402511597 0.6601851582527161 0.05370370298624039 0.13518518209457397
1 0.8111110925674438 0.5444444417953491 0.025925925001502037 0.06296296417713165
1 0.8444444537162781 0.529629647731781 0.029629629105329514 0.07777778059244156
1 0.8787037134170532 0.5314815044403076 0.03888889029622078 0.11851851642131805
1 0.779629647731781 0.5212963223457336 0.03703703731298447 0.09814814478158951
1 0.7462962865829468 0.5092592835426331 0.029629629105329514 0.08148147910833359
1 0.989814817905426 0.43796294927597046 0.020370369777083397 0.09444444626569748
1 0.875 0.4148148000240326 0.03888889029622078 0.1111111119389534
1 0.8083333373069763 0.40833333134651184 0.03888889029622078 0.09814814478158951
1 0.7842592597007751 0.4194444417953491 0.035185184329748154 0.10185185074806213
1 0.7379629611968994 0.42222222685813904 0.03888889029622078 0.10370370000600815
1 0.7314814925193787 0.3583333194255829 0.03703703731298447 0.10555555671453476
1 0.760185182094574 0.2907407283782959 0.035185184329748154 0.09259258955717087
1 0.8268518447875977 0.32592591643333435 0.031481482088565826 0.10000000149011612
1 0.9111111164093018 0.3777777850627899 0.03333333507180214 0.10000000149011612
1 0.6611111164093018 0.31018519401550293 0.04444444552063942 0.10555555671453476
1 0.7212963104248047 0.2509259283542633 0.035185184329748154 0.09074074029922485
1 0.6009259223937988 0.24444444477558136 0.031481482088565826 0.08888889104127884
1 0.6333333253860474 0.26851850748062134 0.029629629105329514 0.08888889104127884
0 0.07129629701375961 0.28333333134651184 0.14259259402751923 0.15925925970077515
0 0.8361111283302307 0.09444444626569748 0.32777777314186096 0.18888889253139496
3 0.9277777671813965 0.8444444537162781 0.06666667014360428 0.07037036865949631
1 0.9314814805984497 0.8277778029441833 0.029629629105329514 0.07777778059244156
