10 0.5633987188339233 0.5934640765190125 0.08104575425386429 0.07581699639558792
10 0.6882352828979492 0.5261437892913818 0.06666667014360428 0.07189542800188065
1 0.8150326609611511 0.38235294818878174 0.02222222276031971 0.0640522912144661
0 0.9993463754653931 0.06339869648218155 0.00130718934815377 0.10065359622240067
1 0.9725490212440491 0.12222222238779068 0.018300654366612434 0.03529411926865578
1 0.9588235020637512 0.12156862765550613 0.019607843831181526 0.041830066591501236
1 0.9444444179534912 0.17908497154712677 0.016993464902043343 0.05228758230805397
1 0.9346405267715454 0.1967320293188095 0.01568627543747425 0.05359477177262306
1 0.9235293865203857 0.19346405565738678 0.014379085041582584 0.04967320337891579
1 0.9647058844566345 0.2810457646846771 0.020915033295750618 0.06535948067903519
1 0.9483659863471985 0.27124184370040894 0.014379085041582584 0.06666667014360428
1 0.9326797127723694 0.28300654888153076 0.016993464902043343 0.05359477177262306
1 0.8771241903305054 0.3235294222831726 0.018300654366612434 0.05882352963089943
1 0.784967303276062 0.3189542591571808 0.016993464902043343 0.0470588244497776
10 0.7568627595901489 0.37254902720451355 0.06535948067903519 0.04967320337891579
1 0.8379085063934326 0.2836601436138153 0.018300654366612434 0.06535948067903519
1 0.8130719065666199 0.3209150433540344 0.01568627543747425 0.0640522912144661
1 0.1908496767282486 0.3124183118343353 0.018300654366612434 0.04444444552063942
1 0.23529411852359772 0.2947712540626526 0.0235294122248888 0.0640522912144661
1 0.2947712540626526 0.29281046986579895 0.03006535954773426 0.062745101749897
1 0.18496732413768768 0.2947712540626526 0.02222222276031971 0.05882352963089943
8 0.9797385334968567 0.4130719006061554 0.040522877126932144 0.06797385960817337
8 0.9091503024101257 0.39934641122817993 0.08235294371843338 0.06928104907274246
2 0.9908496737480164 0.46666666865348816 0.018300654366612434 0.05228758230805397
2 0.9209150075912476 0.30588236451148987 0.024836601689457893 0.04444444552063942
