4 0.5444444417953491 0.9722222089767456 0.051851850003004074 0.0555555559694767
6 0.4175925850868225 0.9277777671813965 0.07222222536802292 0.14444445073604584
4 0.6277777552604675 0.9166666865348816 0.0555555559694767 0.08888889104127884
4 0.6194444298744202 0.8305555582046509 0.05370370298624039 0.06851851940155029
4 0.6694444417953491 0.7509258985519409 0.04259259253740311 0.05370370298624039
4 0.6037036776542664 0.7555555701255798 0.040740739554166794 0.0555555559694767
4 0.5879629850387573 0.6962962746620178 0.04259259253740311 0.04814814776182175
11 0.6314814686775208 0.6944444179534912 0.029629629105329514 0.03703703731298447
4 0.635185182094574 0.644444465637207 0.03703703731298447 0.03703703731298447
4 0.5805555582046509 0.6564815044403076 0.035185184329748154 0.035185184329748154
4 0.5731481313705444 0.6185185313224792 0.035185184329748154 0.040740739554166794
4 0.6166666746139526 0.5944444537162781 0.029629629105329514 0.03703703731298447
4 0.5657407641410828 0.5740740895271301 0.031481482088565826 0.03703703731298447
4 0.49259260296821594 0.595370352268219 0.029629629105329514 0.03888889029622078
9 0.5962963104248047 0.5407407283782959 0.03703703731298447 0.051851850003004074
5 0.5611110925674438 0.5407407283782959 0.02222222276031971 0.025925925001502037
10 0.520370364189148 0.5333333611488342 0.014814814552664757 0.02222222276031971
4 0.5620370507240295 0.5157407522201538 0.024074073880910873 0.02777777798473835
4 0.5583333373069763 0.4888888895511627 0.020370369777083397 0.02222222276031971
4 0.5509259104728699 0.4712963104248047 0.020370369777083397 0.024074073880910873
4 0.5768518447875977 0.4722222089767456 0.024074073880910873 0.018518518656492233
4 0.5694444179534912 0.4453703761100769 0.01666666753590107 0.01666666753590107
4 0.5249999761581421 0.42407408356666565 0.01666666753590107 0.018518518656492233
4 0.5425925850868225 0.41111111640930176 0.018518518656492233 0.014814814552664757
4 0.5453703999519348 0.4481481611728668 0.020370369777083397 0.02222222276031971
4 0.6157407164573669 0.5129629373550415 0.024074073880910873 0.029629629105329514
0 0.6101852059364319 0.46574074029922485 0.04259259253740311 0.05740740895271301
0 0.5324074029922485 0.3083333373069763 0.07962962985038757 0.18333333730697632
1 0.7657407522201538 0.9527778029441833 0.01666666753590107 0.03888889029622078
4 0.3194444477558136 0.9111111164093018 0.12037037312984467 0.051851850003004074
