4 0.38235294818878174 0.9124183058738708 0.09803921729326248 0.1751634031534195
4 0.9921568632125854 0.33529412746429443 0.0156862735748291 0.03790849819779396
4 0.9575163125991821 0.3052287697792053 0.05359477177262306 0.04313725605607033
4 0.007843137718737125 0.5947712659835815 0.01568627543747425 0.08104575425386429
4 0.05032679811120033 0.47777777910232544 0.06666667014360428 0.05882352963089943
4 0.2692810595035553 0.5196078419685364 0.06535948067903519 0.08496732264757156
4 0.03921568766236305 0.4091503322124481 0.0784313753247261 0.06013071909546852
4 0.14183007180690765 0.37254902720451355 0.05359477177262306 0.04444444552063942
4 0.12156862765550613 0.33529412746429443 0.041830066591501236 0.040522877126932144
4 0.34967321157455444 0.2738562226295471 0.03267974033951759 0.03790849819779396
4 0.36666667461395264 0.25424838066101074 0.03790849819779396 0.03790849819779396
4 0.4359477162361145 0.28823530673980713 0.03790849819779396 0.048366013914346695
4 0.5248365998268127 0.3588235378265381 0.03790849819779396 0.04575163498520851
4 0.6248366236686707 0.38235294818878174 0.04444444552063942 0.03529411926865578
1 0.40522876381874084 0.21830065548419952 0.010457516647875309 0.0235294122248888
10 0.40784314274787903 0.22549019753932953 0.013071895577013493 0.016993464902043343
1 0.4830065369606018 0.22483660280704498 0.009150327183306217 0.026143791154026985
10 0.48562091588974 0.2294117659330368 0.016993464902043343 0.016993464902043343
4 0.5941176414489746 0.20392157137393951 0.03006535954773426 0.02875817008316517
4 0.5150327086448669 0.1810457557439804 0.0235294122248888 0.024836601689457893
4 0.45686274766921997 0.1483660191297531 0.04313725605607033 0.02222222276031971
4 0.5222222208976746 0.14575164020061493 0.024836601689457893 0.02222222276031971
4 0.5673202872276306 0.14052288234233856 0.020915033295750618 0.02222222276031971
4 0.5196078419685364 0.0941176488995552 0.019607843831181526 0.020915033295750618
4 0.5124183297157288 0.0797385647892952 0.018300654366612434 0.01568627543747425
1 0.4915032684803009 0.08235294371843338 0.007843137718737125 0.018300654366612434
4 0.44117647409439087 0.05032679811120033 0.014379085041582584 0.016993464902043343
4 0.4555555582046509 0.009803921915590763 0.0117647061124444 0.0117647061124444
4 0.5091503262519836 0.028104575350880623 0.014379085041582584 0.014379085041582584
4 0.54313725233078 0.052941177040338516 0.014379085041582584 0.014379085041582584
1 0.5542483925819397 0.06666667014360428 0.0052287583239376545 0.01568627543747425
1 0.5660130977630615 0.09019608050584793 0.007843137718737125 0.018300654366612434
4 0.7196078300476074 0.18496732413768768 0.024836601689457893 0.027450980618596077
4 0.7947712540626526 0.2294117659330368 0.05751634016633034 0.03006535954773426
4 0.8176470398902893 0.2607843279838562 0.0640522912144661 0.03267974033951759
4 0.6660130620002747 0.14771242439746857 0.024836601689457893 0.020915033295750618
1 0.6745098233222961 0.1679738610982895 0.007843137718737125 0.02222222276031971
1 0.6797385811805725 0.16928105056285858 0.007843137718737125 0.024836601689457893
4 0.7732025980949402 0.16601307690143585 0.02222222276031971 0.02875817008316517
4 0.7934640645980835 0.1836601346731186 0.026143791154026985 0.02222222276031971
4 0.8522875905036926 0.1921568661928177 0.02875817008316517 0.026143791154026985
4 0.869934618473053 0.23333333432674408 0.04575163498520851 0.03267974033951759
4 0.9398692846298218 0.19738562405109406 0.033986929804086685 0.0235294122248888
4 0.9725490212440491 0.23006536066532135 0.054901961237192154 0.02875817008316517
4 0.9803921580314636 0.2594771385192871 0.03921568766236305 0.03006535954773426
1 0.9908496737480164 0.28169935941696167 0.013071895577013493 0.027450980618596077
4 0.7398692965507507 0.13594771921634674 0.03660130873322487 0.0313725508749485
4 0.7699346542358398 0.12483660131692886 0.0235294122248888 0.02222222276031971
4 0.7954248189926147 0.1183006539940834 0.03006535954773426 0.02222222276031971
4 0.8215686082839966 0.14313726127147675 0.019607843831181526 0.024836601689457893
