5 0.09215686470270157 0.8156862854957581 0.18431372940540314 0.14640523493289948
4 0.21699346601963043 0.6352941393852234 0.13856209814548492 0.06797385960817337
4 0.39803922176361084 0.6895424723625183 0.16339869797229767 0.0797385647892952
4 0.1581699401140213 0.48954248428344727 0.13856209814548492 0.056209150701761246
4 0.3248366117477417 0.516339898109436 0.13464052975177765 0.08627451211214066
4 0.45228758454322815 0.4960784316062927 0.15424837172031403 0.07189542800188065
4 0.5843137502670288 0.7379084825515747 0.1594771295785904 0.11633986979722977
4 0.8660130500793457 0.6098039150238037 0.12156862765550613 0.09803921729326248
4 0.970588207244873 0.3875817060470581 0.05882352963089943 0.06666667014360428
4 0.51437908411026 0.46078431606292725 0.13464052975177765 0.05098039284348488
4 0.5653594732284546 0.43660131096839905 0.11633986979722977 0.06013071909546852
4 0.6124182939529419 0.4058823585510254 0.11372549086809158 0.04313725605607033
4 0.6222222447395325 0.36143791675567627 0.10718954354524612 0.040522877126932144
4 0.656862735748291 0.34836602210998535 0.10326797515153885 0.04575163498520851
4 0.6771242022514343 0.32679739594459534 0.09673202782869339 0.03921568766236305
4 0.7620915174484253 0.3006536066532135 0.10718954354524612 0.054901961237192154
4 0.8457516431808472 0.2522875964641571 0.08888889104127884 0.041830066591501236
4 0.6215686202049255 0.5124183297157288 0.12418300658464432 0.07320261746644974
4 0.4359477162361145 0.9339869022369385 0.21830065548419952 0.13202615082263947
4 0.7045751810073853 0.9647058844566345 0.1437908560037613 0.07058823853731155
4 0.6450980305671692 0.5921568870544434 0.12941177189350128 0.0941176488995552
4 0.7450980544090271 0.516339898109436 0.12287581712007523 0.06535948067903519
6 0.8052287697792053 0.4444444477558136 0.11764705926179886 0.08366013318300247
4 0.9320261478424072 0.364705890417099 0.07581699639558792 0.06013071909546852
4 0.9202614426612854 0.3261438012123108 0.10457516461610794 0.05359477177262306
4 0.9483659863471985 0.31111112236976624 0.09803921729326248 0.06013071909546852
0 0.94248366355896 0.11764705926179886 0.11503268033266068 0.21699346601963043
