4 0.29738563299179077 0.9718953967094421 0.21568627655506134 0.056209150701761246
4 0.29738563299179077 0.9235293865203857 0.21045751869678497 0.08758170157670975
4 0.30392158031463623 0.8450980186462402 0.20261438190937042 0.09803921729326248
4 0.31111112236976624 0.7895424962043762 0.1882352977991104 0.07581699639558792
4 0.33398693799972534 0.7215686440467834 0.16078431904315948 0.07320261746644974
4 0.40261438488960266 0.6928104758262634 0.13333334028720856 0.07320261746644974
6 0.2875817120075226 0.5346405506134033 0.2692810595035553 0.12026143819093704
6 0.3130719065666199 0.4444444477558136 0.2522875964641571 0.10718954354524612
6 0.34705883264541626 0.3973856270313263 0.2078431397676468 0.10196078568696976
6 0.38366013765335083 0.37254902720451355 0.22614379227161407 0.0941176488995552
6 0.3973856270313263 0.3248366117477417 0.16993464529514313 0.07189542800188065
6 0.3875817060470581 0.3006536066532135 0.21307189762592316 0.09934640675783157
6 0.4130719006061554 0.2535947859287262 0.17777778208255768 0.07581699639558792
6 0.4163398742675781 0.1895424872636795 0.03267974033951759 0.04967320337891579
6 0.52875816822052 0.19477124512195587 0.040522877126932144 0.07320261746644974
6 0.570588231086731 0.19607843458652496 0.04313725605607033 0.06535948067903519
6 0.6091503500938416 0.19542483985424042 0.041830066591501236 0.0640522912144661
6 0.6477124094963074 0.19477124512195587 0.05359477177262306 0.06797385960817337
6 0.6836601495742798 0.19607843458652496 0.05228758230805397 0.06797385960817337
6 0.729411780834198 0.19607843458652496 0.06535948067903519 0.06797385960817337
6 0.7647058963775635 0.1993464082479477 0.06535948067903519 0.06666667014360428
6 0.869934618473053 0.20130719244480133 0.07450980693101883 0.062745101749897
6 0.9111111164093018 0.20065359771251678 0.07058823853731155 0.06666667014360428
0 0.7477124333381653 0.020261438563466072 0.11503268033266068 0.040522877126932144
0 0.8869280815124512 0.06209150329232216 0.03006535954773426 0.02222222276031971
0 0.9346405267715454 0.0784313753247261 0.026143791154026985 0.018300654366612434
4 0.9810457229614258 0.09477124363183975 0.014379085041582584 0.0117647061124444
6 0.7941176295280457 0.5379084944725037 0.1267973929643631 0.21045751869678497
6 0.9143790602684021 0.5758169889450073 0.17124183475971222 0.3019607961177826
