4 0.1026143804192543 0.5156862735748291 0.06666667014360428 0.15294118225574493
4 0.36535948514938354 0.34575164318084717 0.09281045943498611 0.15294118225574493
4 0.24836601316928864 0.7522875666618347 0.1437908560037613 0.06143790856003761
4 0.3960784375667572 0.770588219165802 0.062745101749897 0.1424836665391922
4 0.49673202633857727 0.7490196228027344 0.06797385960817337 0.16209150850772858
4 0.5235294103622437 0.956209123134613 0.06143790856003761 0.08496732264757156
4 0.2379084974527359 0.8692810535430908 0.14640523493289948 0.07581699639558792
4 0.5424836874008179 0.3535947799682617 0.06013071909546852 0.15294118225574493
4 0.8274509906768799 0.6954248547554016 0.09150326997041702 0.15163399279117584
4 0.941830039024353 0.7699346542358398 0.11633986979722977 0.08888889104127884
1 0.7653594613075256 0.37254902720451355 0.016993464902043343 0.020915033295750618
1 0.7816993594169617 0.3705882430076599 0.020915033295750618 0.019607843831181526
