1 0.21805556118488312 0.7652778029441833 0.034259259700775146 0.12129629403352737
1 0.35555556416511536 0.737500011920929 0.040740739554166794 0.1101851835846901
1 0.2361111044883728 0.6222222447395325 0.02222222276031971 0.05925925821065903
1 0.17129629850387573 0.6263889074325562 0.029629629105329514 0.06388889253139496
1 0.14398148655891418 0.6449074149131775 0.01944444514811039 0.07870370149612427
1 0.08055555820465088 0.5782407522201538 0.009259259328246117 0.034259259700775146
1 0.12638889253139496 0.5763888955116272 0.008333333767950535 0.03611111268401146
1 0.15509259700775146 0.5763888955116272 0.008333333767950535 0.026851851493120193
1 0.16388888657093048 0.5712962746620178 0.009259259328246117 0.02777777798473835
1 0.1796296238899231 0.5671296119689941 0.011111111380159855 0.03611111268401146
1 0.31805557012557983 0.6236110925674438 0.015740741044282913 0.06018518656492233
1 0.24444444477558136 0.7337962985038757 0.031481482088565826 0.1120370402932167
1 0.35185185074806213 0.6754629611968994 0.02222222276031971 0.05648148059844971
1 0.3652777671813965 0.6620370149612427 0.017592592164874077 0.04259259253740311
1 0.10833333432674408 0.5722222328186035 0.009259259328246117 0.029629629105329514
1 0.02500000037252903 0.5689814686775208 0.009259259328246117 0.034259259700775146
1 0.014351852238178253 0.5703703761100769 0.012037036940455437 0.04259259253740311
1 0.006018518470227718 0.5712962746620178 0.006481481250375509 0.03703703731298447
0 0.03842592611908913 0.5268518328666687 0.07685185223817825 0.06296296417713165
2 0.0763888880610466 0.6527777910232544 0.032407406717538834 0.06296296417713165
2 0.19722221791744232 0.585185170173645 0.009259259328246117 0.024074073880910873
3 0.0763888880610466 0.6796296238899231 0.021296296268701553 0.04259259253740311
3 0.19953703880310059 0.697685182094574 0.02500000037252903 0.06203703582286835
