2 0.9483659863471985 0.10326797515153885 0.0117647061124444 0.026143791154026985
10 0.9503268003463745 0.11633986979722977 0.007843137718737125 0.018300654366612434
1 0.9241830110549927 0.11699346452951431 0.013071895577013493 0.03529411926865578
1 0.9235293865203857 0.07712418586015701 0.0117647061124444 0.033986929804086685
5 0.9019607901573181 0.07647059112787247 0.0313725508749485 0.03529411926865578
4 0.8875817060470581 0.09934640675783157 0.03921568766236305 0.0235294122248888
4 0.8960784077644348 0.125490203499794 0.04575163498520851 0.033986929804086685
4 0.9169934391975403 0.15294118225574493 0.048366013914346695 0.033986929804086685
4 0.929411768913269 0.18562091886997223 0.0470588244497776 0.054901961237192154
5 0.9699346423149109 0.20849673449993134 0.06013071909546852 0.06666667014360428
4 0.9777777791023254 0.2803921699523926 0.04444444552063942 0.06928104907274246
10 0.9254902005195618 0.3418300747871399 0.06797385960817337 0.04313725605607033
8 0.9065359234809875 0.40653595328330994 0.08496732264757156 0.06013071909546852
5 0.8712418079376221 0.08431372791528702 0.03267974033951759 0.040522877126932144
4 0.9555555582046509 0.357516348361969 0.08888889104127884 0.08496732264757156
2 0.9084967374801636 0.22614379227161407 0.020915033295750618 0.04444444552063942
1 0.8895424604415894 0.3045751750469208 0.016993464902043343 0.062745101749897
2 0.9065359234809875 0.2934640645980835 0.02222222276031971 0.048366013914346695
2 0.900653600692749 0.26862746477127075 0.0235294122248888 0.03267974033951759
5 0.8248366117477417 0.4241830110549927 0.13333334028720856 0.10849673300981522
8 0.7496731877326965 0.4601307213306427 0.10849673300981522 0.07320261746644974
1 0.7647058963775635 0.6509804129600525 0.0470588244497776 0.12287581712007523
1 0.6973856091499329 0.5882353186607361 0.040522877126932144 0.10980392247438431
1 0.7692810297012329 0.5620915293693542 0.03790849819779396 0.09150326997041702
2 0.7267974019050598 0.5189542770385742 0.0313725508749485 0.07320261746644974
10 0.743790864944458 0.5568627715110779 0.09150326997041702 0.05228758230805397
4 0.13464052975177765 0.7209150195121765 0.26405230164527893 0.16078431904315948
4 0.41111111640930176 0.6418300867080688 0.2810457646846771 0.16470588743686676
4 0.5333333611488342 0.5686274766921997 0.26143792271614075 0.13333334028720856
10 0.5986928343772888 0.045098040252923965 0.026143791154026985 0.02222222276031971
1 0.5771241784095764 0.048366013914346695 0.0117647061124444 0.0313725508749485
1 0.5483660101890564 0.03333333507180214 0.014379085041582584 0.03006535954773426
1 0.6562091708183289 0.048366013914346695 0.010457516647875309 0.02875817008316517
1 0.6620914936065674 0.04444444552063942 0.0117647061124444 0.0313725508749485
0 0.7078431248664856 0.0640522912144661 0.06666667014360428 0.062745101749897
1 0.7163398861885071 0.0784313753247261 0.01568627543747425 0.03660130873322487
1 0.6202614307403564 0.1183006539940834 0.014379085041582584 0.040522877126932144
1 0.543790876865387 0.13790850341320038 0.018300654366612434 0.04313725605607033
0 0.6117647290229797 0.13202615082263947 0.11503268033266068 0.13071896135807037
0 0.700653612613678 0.1496732085943222 0.05751634016633034 0.0797385647892952
1 0.5862745046615601 0.2137254923582077 0.024836601689457893 0.04575163498520851
7 0.5954248309135437 0.24248366057872772 0.056209150701761246 0.03267974033951759
2 0.6483660340309143 0.23856209218502045 0.0235294122248888 0.05359477177262306
3 0.6483660340309143 0.2562091648578644 0.013071895577013493 0.03660130873322487
3 0.6241829991340637 0.23986928164958954 0.03529411926865578 0.03006535954773426
2 0.7411764860153198 0.15359477698802948 0.01568627543747425 0.03267974033951759
2 0.7379084825515747 0.16209150850772858 0.014379085041582584 0.02875817008316517
10 0.7392156720161438 0.17712418735027313 0.0117647061124444 0.024836601689457893
8 0.7921568751335144 0.1882352977991104 0.10457516461610794 0.062745101749897
1 0.8359476923942566 0.20065359771251678 0.02222222276031971 0.056209150701761246
2 0.8568627238273621 0.2209150344133377 0.027450980618596077 0.05228758230805397
10 0.8620914816856384 0.23464052379131317 0.05359477177262306 0.03529411926865578
1 0.7052287459373474 0.26013073325157166 0.019607843831181526 0.05751634016633034
0 0.7718954086303711 0.25555557012557983 0.10849673300981522 0.0797385647892952
2 0.36535948514938354 0.17712418735027313 0.027450980618596077 0.03006535954773426
2 0.3947712481021881 0.17124183475971222 0.0235294122248888 0.033986929804086685
0 0.47908496856689453 0.1738562136888504 0.11372549086809158 0.07581699639558792
0 0.39673203229904175 0.22483660280704498 0.11633986979722977 0.0470588244497776
2 0.37843137979507446 0.250980406999588 0.02222222276031971 0.04444444552063942
1 0.4326797425746918 0.33398693799972534 0.0313725508749485 0.06666667014360428
1 0.46339869499206543 0.25751635432243347 0.019607843831181526 0.062745101749897
1 0.47777777910232544 0.26274511218070984 0.016993464902043343 0.06013071909546852
1 0.4915032684803009 0.2535947859287262 0.0235294122248888 0.062745101749897
2 0.5398693084716797 0.24967320263385773 0.020915033295750618 0.0470588244497776
10 0.5379084944725037 0.2705882489681244 0.03529411926865578 0.026143791154026985
10 0.5352941155433655 0.30588236451148987 0.04575163498520851 0.041830066591501236
10 0.673202633857727 0.2803921699523926 0.05228758230805397 0.03267974033951759
10 0.6803921461105347 0.3091503381729126 0.0640522912144661 0.03529411926865578
10 0.7026143670082092 0.3261438012123108 0.06143790856003761 0.03529411926865578
10 0.743790864944458 0.3163398802280426 0.041830066591501236 0.033986929804086685
3 0.7385621070861816 0.30130720138549805 0.06013071909546852 0.03006535954773426
10 0.6078431606292725 0.2960784435272217 0.04967320337891579 0.03267974033951759
10 0.6189542412757874 0.3222222328186035 0.05359477177262306 0.03267974033951759
10 0.7300653457641602 0.3660130798816681 0.05098039284348488 0.04967320337891579
10 0.6660130620002747 0.4045751690864563 0.0640522912144661 0.04575163498520851
1 0.6235294342041016 0.4490196108818054 0.026143791154026985 0.0954248383641243
10 0.4888888895511627 0.37516340613365173 0.026143791154026985 0.06535948067903519
10 0.5189542770385742 0.3830065429210663 0.0313725508749485 0.06535948067903519
2 0.400653600692749 0.4333333373069763 0.019607843831181526 0.05098039284348488
2 0.39673203229904175 0.42352941632270813 0.03529411926865578 0.06013071909546852
10 0.4143790900707245 0.46405228972435 0.0235294122248888 0.0470588244497776
1 0.49934640526771545 0.09607843309640884 0.018300654366612434 0.04313725605607033
1 0.25032681226730347 0.1921568661928177 0.024836601689457893 0.04967320337891579
2 0.24575163424015045 0.21699346601963043 0.026143791154026985 0.04444444552063942
1 0.18562091886997223 0.22875817120075226 0.020915033295750618 0.0470588244497776
1 0.18496732413768768 0.20392157137393951 0.02222222276031971 0.04967320337891579
1 0.16274510324001312 0.20000000298023224 0.024836601689457893 0.054901961237192154
2 0.1267973929643631 0.21895425021648407 0.02875817008316517 0.040522877126932144
0 0.05882352963089943 0.21307189762592316 0.062745101749897 0.08104575425386429
1 0.0797385647892952 0.28692811727523804 0.0313725508749485 0.07189542800188065
10 0.27843138575553894 0.43790850043296814 0.05228758230805397 0.06013071909546852
10 0.2450980395078659 0.45816993713378906 0.056209150701761246 0.05882352963089943
10 0.20457516610622406 0.4660130739212036 0.05882352963089943 0.05098039284348488
10 0.15555556118488312 0.47385621070861816 0.04967320337891579 0.05882352963089943
10 0.10196078568696976 0.4915032684803009 0.06013071909546852 0.0470588244497776
10 0.12941177189350128 0.43660131096839905 0.05228758230805397 0.04444444552063942
3 0.17712418735027313 0.3816993534564972 0.040522877126932144 0.04444444552063942
3 0.22156862914562225 0.41830065846443176 0.04313725605607033 0.04444444552063942
10 0.09803921729326248 0.3816993534564972 0.041830066591501236 0.041830066591501236
0 0.04640522971749306 0.393464058637619 0.08758170157670975 0.18300653994083405
1 0.24117647111415863 0.3490196168422699 0.02222222276031971 0.06013071909546852
1 0.2235294133424759 0.33856210112571716 0.02875817008316517 0.07058823853731155
1 0.19738562405109406 0.34575164318084717 0.0313725508749485 0.0797385647892952
10 0.4071895480155945 0.36666667461395264 0.040522877126932144 0.056209150701761246
10 0.4019607901573181 0.31111112236976624 0.03267974033951759 0.06535948067903519
1 0.34967321157455444 0.31437909603118896 0.024836601689457893 0.07450980693101883
1 0.3261438012123108 0.3222222328186035 0.027450980618596077 0.0640522912144661
10 0.37254902720451355 0.28692811727523804 0.020915033295750618 0.05098039284348488
10 0.3516339957714081 0.2823529541492462 0.020915033295750618 0.054901961237192154
10 0.6117647290229797 0.3601307272911072 0.026143791154026985 0.05098039284348488
10 0.5915032625198364 0.3830065429210663 0.03267974033951759 0.054901961237192154
10 0.6065359711647034 0.4320261478424072 0.0470588244497776 0.04313725605607033
