4 0.07222222536802292 0.4166666567325592 0.02222222276031971 0.018518518656492233
6 0.037962961941957474 0.43703705072402954 0.02777777798473835 0.025925925001502037
2 0.003703703638166189 0.43518519401550293 0.007407407276332378 0.011111111380159855
10 0.0055555556900799274 0.4444444477558136 0.011111111380159855 0.011111111380159855
4 0.6194444298744202 0.9740740656852722 0.10925926268100739 0.051851850003004074
8 0.5962963104248047 0.6611111164093018 0.07037036865949631 0.040740739554166794
2 0.5898148417472839 0.6601851582527161 0.01666666753590107 0.02777777798473835
2 0.5592592358589172 0.6990740895271301 0.018518518656492233 0.035185184329748154
3 0.5629629492759705 0.7185184955596924 0.011111111380159855 0.029629629105329514
4 0.40648147463798523 0.6287037134170532 0.07592592388391495 0.05000000074505806
2 0.25833332538604736 0.7287036776542664 0.020370369777083397 0.035185184329748154
10 0.25925925374031067 0.7481481432914734 0.025925925001502037 0.02222222276031971
2 0.3027777671813965 0.7027778029441833 0.020370369777083397 0.046296294778585434
3 0.31481480598449707 0.710185170173645 0.029629629105329514 0.031481482088565826
4 0.03888889029622078 0.5722222328186035 0.04444444552063942 0.03703703731298447
4 0.10555555671453476 0.5870370268821716 0.051851850003004074 0.04444444552063942
8 0.09351851791143417 0.5074074268341064 0.02777777798473835 0.03333333507180214
4 0.17037037014961243 0.5129629373550415 0.03703703731298447 0.029629629105329514
4 0.011111111380159855 0.3601851761341095 0.014814814552664757 0.012962962500751019
1 0.013888888992369175 0.36851853132247925 0.0055555556900799274 0.014814814552664757
7 0.02222222276031971 0.3712962865829468 0.011111111380159855 0.012962962500751019
