0 0.03842592611908913 0.48842594027519226 0.04537037014961243 0.03055555559694767
1 0.005092592444270849 0.8333333134651184 0.010185184888541698 0.15555556118488312
1 0.042129628360271454 0.8259259462356567 0.04537037014961243 0.1666666716337204
1 0.05000000074505806 0.6217592358589172 0.018518518656492233 0.06203703582286835
1 0.07361111044883728 0.6203703880310059 0.01944444514811039 0.06296296417713165
1 0.0027777778450399637 0.5689814686775208 0.0055555556900799274 0.049074072390794754
1 0.15231481194496155 0.637499988079071 0.017592592164874077 0.07500000298023224
1 0.20879629254341125 0.7439814805984497 0.03055555559694767 0.10648148506879807
1 0.27916666865348816 0.7435185313224792 0.03055555559694767 0.12222222238779068
1 0.21805556118488312 0.644444465637207 0.023148147389292717 0.08888889104127884
1 0.2490740716457367 0.6509259343147278 0.020370369777083397 0.07962962985038757
1 0.07962962985038757 0.5736111402511597 0.018518518656492233 0.03611111268401146
1 0.09166666865348816 0.5592592358589172 0.009259259328246117 0.03703703731298447
1 0.47870370745658875 0.9342592358589172 0.07962962985038757 0.12962962687015533
1 0.542129635810852 0.8212962746620178 0.037962961941957474 0.14444445073604584
1 0.5745370388031006 0.7115740776062012 0.032407406717538834 0.10833333432674408
1 0.5310184955596924 0.6949074268341064 0.026851851493120193 0.09166666865348816
1 0.4912036955356598 0.6634259223937988 0.02500000037252903 0.08425925672054291
1 0.5824074149131775 0.6712962985038757 0.031481482088565826 0.09074074029922485
1 0.5861111283302307 0.6499999761581421 0.02777777798473835 0.07777778059244156
1 0.5370370149612427 0.6601851582527161 0.02222222276031971 0.06851851940155029
1 0.5379629731178284 0.6277777552604675 0.01666666753590107 0.03333333507180214
1 0.519444465637207 0.614814817905426 0.02222222276031971 0.06666667014360428
1 0.48842594027519226 0.6115740537643433 0.023148147389292717 0.06574074178934097
1 0.44583332538604736 0.6194444298744202 0.026851851493120193 0.06481481343507767
1 0.5439814925193787 0.5527777671813965 0.023148147389292717 0.05370370298624039
1 0.5180555582046509 0.5467592477798462 0.013888888992369175 0.049074072390794754
1 0.46064814925193787 0.5513888597488403 0.015740741044282913 0.05092592537403107
1 0.3879629671573639 0.5842592716217041 0.020370369777083397 0.05370370298624039
1 0.369907408952713 0.5874999761581421 0.017592592164874077 0.043518517166376114
1 0.43518519401550293 0.5657407641410828 0.01666666753590107 0.04444444552063942
1 0.43009260296821594 0.5518518686294556 0.01944444514811039 0.0555555559694767
1 0.36342594027519226 0.5666666626930237 0.01944444514811039 0.051851850003004074
1 0.3412036895751953 0.5703703761100769 0.013888888992369175 0.04444444552063942
1 0.3499999940395355 0.5685185194015503 0.012962962500751019 0.04814814776182175
1 0.3305555582046509 0.5740740895271301 0.020370369777083397 0.046296294778585434
1 0.32777777314186096 0.5592592358589172 0.014814814552664757 0.03703703731298447
1 0.3143518567085266 0.5680555701255798 0.015740741044282913 0.049074072390794754
2 0.30000001192092896 0.5532407164573669 0.018518518656492233 0.026851851493120193
1 0.302314817905426 0.5810185074806213 0.015740741044282913 0.05277777835726738
1 0.29027777910232544 0.5800926089286804 0.013888888992369175 0.05092592537403107
1 0.19398148357868195 0.5717592835426331 0.021296296268701553 0.05092592537403107
1 0.032870370894670486 0.5425925850868225 0.013888888992369175 0.03703703731298447
1 0.04398148134350777 0.5416666865348816 0.012037036940455437 0.03703703731298447
1 0.01805555634200573 0.5310184955596924 0.010185184888541698 0.028703704476356506
1 0.19953703880310059 0.543055534362793 0.015740741044282913 0.034259259700775146
1 0.39444443583488464 0.5314815044403076 0.012962962500751019 0.035185184329748154
1 0.1398148089647293 0.5240740776062012 0.009259259328246117 0.02777777798473835
1 0.1657407432794571 0.5282407402992249 0.009259259328246117 0.02500000037252903
1 0.17222222685813904 0.5268518328666687 0.009259259328246117 0.02777777798473835
1 0.17685185372829437 0.5259259343147278 0.009259259328246117 0.031481482088565826
1 0.1884259283542633 0.5240740776062012 0.010185184888541698 0.029629629105329514
2 0.1546296328306198 0.6185185313224792 0.014814814552664757 0.03333333507180214
1 0.23981481790542603 0.5509259104728699 0.014814814552664757 0.03333333507180214
1 0.2134259194135666 0.5365740656852722 0.012037036940455437 0.034259259700775146
1 0.05740740895271301 0.5356481671333313 0.011111111380159855 0.028703704476356506
1 0.0 0.5379629731178284 0.0 0.03333333507180214
0 0.032870370894670486 0.5148147940635681 0.06574074178934097 0.024074073880910873
1 0.0763888880610466 0.5263888835906982 0.010185184888541698 0.026851851493120193
