4 0.0019607844296842813 0.8535947799682617 0.003921568859368563 0.14901961386203766
4 0.08627451211214066 0.7169934511184692 0.08104575425386429 0.09803921729326248
4 0.04444444552063942 0.5947712659835815 0.06535948067903519 0.07058823853731155
4 0.024183006957173347 0.51437908411026 0.048366013914346695 0.06928104907274246
4 0.009150327183306217 0.4313725531101227 0.018300654366612434 0.041830066591501236
4 0.19346405565738678 0.5352941155433655 0.06013071909546852 0.056209150701761246
4 0.386274516582489 0.6653594970703125 0.10065359622240067 0.0784313753247261
4 0.3222222328186035 0.5862745046615601 0.08758170157670975 0.06143790856003761
4 0.28300654888153076 0.5274509787559509 0.07450980693101883 0.05098039284348488
1 0.33267974853515625 0.6660130620002747 0.02222222276031971 0.05359477177262306
5 0.24248366057872772 0.4718954265117645 0.05098039284348488 0.054901961237192154
4 0.20588235557079315 0.43790850043296814 0.04575163498520851 0.03660130873322487
4 0.18496732413768768 0.40653595328330994 0.04575163498520851 0.03921568766236305
4 0.13333334028720856 0.4176470637321472 0.0470588244497776 0.040522877126932144
4 0.15294118225574493 0.47647058963775635 0.06535948067903519 0.05359477177262306
2 0.19150327146053314 0.4732026159763336 0.02222222276031971 0.04444444552063942
2 0.11633986979722977 0.4941176474094391 0.018300654366612434 0.03660130873322487
1 0.0640522912144661 0.37843137979507446 0.010457516647875309 0.027450980618596077
4 0.0 0.3875817060470581 0.0 0.040522877126932144
4 0.020261438563466072 0.3562091588973999 0.040522877126932144 0.04575163498520851
4 0.9352940917015076 0.6267973780632019 0.12418300658464432 0.07712418586015701
4 0.8764705657958984 0.49084967374801636 0.11372549086809158 0.0640522912144661
4 0.12156862765550613 0.3274509906768799 0.05751634016633034 0.040522877126932144
4 0.10000000149011612 0.30849674344062805 0.03529411926865578 0.026143791154026985
4 0.09934640675783157 0.29411765933036804 0.02875817008316517 0.0235294122248888
4 0.07581699639558792 0.27124184370040894 0.0313725508749485 0.024836601689457893
4 0.056209150701761246 0.250980406999588 0.02875817008316517 0.0235294122248888
4 0.05228758230805397 0.2366013079881668 0.026143791154026985 0.020915033295750618
4 0.040522877126932144 0.22287581861019135 0.02875817008316517 0.02222222276031971
4 0.033986929804086685 0.21176470816135406 0.0235294122248888 0.018300654366612434
4 0.014379085041582584 0.1895424872636795 0.020915033295750618 0.020915033295750618
4 0.016993464902043343 0.17712418735027313 0.018300654366612434 0.019607843831181526
4 0.004575163591653109 0.1725490242242813 0.009150327183306217 0.018300654366612434
4 0.0 0.16339869797229767 0.0 0.01568627543747425
