4 0.007843137718737125 0.9718953967094421 0.01568627543747425 0.056209150701761246
4 0.006535947788506746 0.9235293865203857 0.013071895577013493 0.08758170157670975
4 0.007843137718737125 0.8450980186462402 0.01568627543747425 0.09803921729326248
4 0.007843137718737125 0.7895424962043762 0.01568627543747425 0.07581699639558792
4 0.012418300844728947 0.7215686440467834 0.024836601689457893 0.07320261746644974
4 0.0398692823946476 0.6928104758262634 0.0797385647892952 0.07320261746644974
6 0.016339870169758797 0.5346405506134033 0.03267974033951759 0.12026143819093704
6 0.024836601689457893 0.4444444477558136 0.04967320337891579 0.10718954354524612
6 0.030718954280018806 0.3973856270313263 0.06143790856003761 0.10196078568696976
6 0.05359477177262306 0.37254902720451355 0.10718954354524612 0.0941176488995552
6 0.04640522971749306 0.3248366117477417 0.09281045943498611 0.07189542800188065
6 0.05228758230805397 0.3006536066532135 0.10457516461610794 0.09934640675783157
6 0.056209150701761246 0.2535947859287262 0.11241830140352249 0.07581699639558792
6 0.02679738588631153 0.1895424872636795 0.03267974033951759 0.04967320337891579
6 0.13921569287776947 0.19477124512195587 0.040522877126932144 0.07320261746644974
6 0.1810457557439804 0.19607843458652496 0.04313725605607033 0.06535948067903519
6 0.21960784494876862 0.19542483985424042 0.041830066591501236 0.0640522912144661
6 0.258169949054718 0.19477124512195587 0.05359477177262306 0.06797385960817337
6 0.29411765933036804 0.19607843458652496 0.05228758230805397 0.06797385960817337
6 0.33986929059028625 0.19607843458652496 0.06535948067903519 0.06797385960817337
6 0.37516340613365173 0.1993464082479477 0.06535948067903519 0.06666667014360428
6 0.4803921580314636 0.20130719244480133 0.07450980693101883 0.062745101749897
6 0.5215686559677124 0.20065359771251678 0.07058823853731155 0.06666667014360428
0 0.35816994309425354 0.020261438563466072 0.11503268033266068 0.040522877126932144
0 0.4973856210708618 0.06209150329232216 0.03006535954773426 0.02222222276031971
0 0.545098066329956 0.0784313753247261 0.026143791154026985 0.018300654366612434
4 0.5915032625198364 0.09477124363183975 0.014379085041582584 0.0117647061124444
6 0.6490195989608765 0.20392157137393951 0.040522877126932144 0.03921568766236305
6 0.7385621070861816 0.20915032923221588 0.0941176488995552 0.02875817008316517
6 0.7790849804878235 0.23006536066532135 0.22483660280704498 0.0470588244497776
6 0.8366013169288635 0.2535947859287262 0.27973857522010803 0.05751634016633034
6 0.9013071656227112 0.3006536066532135 0.19738562405109406 0.06535948067903519
6 0.9281045794487 0.3261438012123108 0.1437908560037613 0.06666667014360428
6 0.9405228495597839 0.33529412746429443 0.11895424872636795 0.08235294371843338
6 0.9666666388511658 0.3705882430076599 0.06666667014360428 0.07712418586015701
4 0.7104575037956238 0.125490203499794 0.024836601689457893 0.010457516647875309
4 0.7183006405830383 0.132679745554924 0.024836601689457893 0.014379085041582584
6 0.4045751690864563 0.5379084944725037 0.1267973929643631 0.21045751869678497
6 0.5346405506134033 0.5758169889450073 0.1908496767282486 0.3019607961177826
