1 0.3777777850627899 0.9481481313705444 0.03333333507180214 0.10000000149011612
1 0.008333333767950535 0.5129629373550415 0.01666666753590107 0.04814814776182175
1 0.5175926089286804 0.5064814686775208 0.012962962500751019 0.05000000074505806
1 0.4981481432914734 0.5083333253860474 0.018518518656492233 0.05000000074505806
1 0.5564814805984497 0.5546296238899231 0.020370369777083397 0.05370370298624039
1 0.4453703761100769 0.5212963223457336 0.020370369777083397 0.03888889029622078
1 0.4462963044643402 0.5685185194015503 0.02222222276031971 0.0555555559694767
2 0.3629629611968994 0.5379629731178284 0.018518518656492233 0.03888889029622078
1 0.38148146867752075 0.5555555820465088 0.018518518656492233 0.051851850003004074
1 0.40833333134651184 0.5796296000480652 0.024074073880910873 0.04444444552063942
1 0.41111111640930176 0.6277777552604675 0.018518518656492233 0.04814814776182175
1 0.432407408952713 0.6231481432914734 0.020370369777083397 0.06481481343507767
1 0.37962964177131653 0.46481481194496155 0.014814814552664757 0.03703703731298447
1 0.4305555522441864 0.4601851999759674 0.012962962500751019 0.03888889029622078
1 0.44907405972480774 0.46296295523643494 0.009259259328246117 0.03703703731298447
1 0.4592592716217041 0.44907405972480774 0.011111111380159855 0.035185184329748154
1 0.4749999940395355 0.4574074149131775 0.009259259328246117 0.02222222276031971
1 0.4749999940395355 0.4314814805984497 0.012962962500751019 0.02222222276031971
1 0.4546296298503876 0.42407408356666565 0.012962962500751019 0.018518518656492233
1 0.4268518388271332 0.42129629850387573 0.012962962500751019 0.031481482088565826
1 0.4157407283782959 0.4138889014720917 0.009259259328246117 0.02777777798473835
1 0.38425925374031067 0.4194444417953491 0.012962962500751019 0.035185184329748154
1 0.12129629403352737 0.42592594027519226 0.012962962500751019 0.03703703731298447
1 0.09444444626569748 0.40740740299224854 0.014814814552664757 0.03333333507180214
1 0.192592591047287 0.4018518626689911 0.014814814552664757 0.029629629105329514
1 0.14351852238178253 0.4148148000240326 0.012962962500751019 0.03333333507180214
2 0.03703703731298447 0.4055555462837219 0.011111111380159855 0.025925925001502037
1 0.14351852238178253 0.36851853132247925 0.009259259328246117 0.029629629105329514
1 0.2527777850627899 0.4055555462837219 0.009259259328246117 0.03333333507180214
1 0.23796296119689941 0.3916666805744171 0.012962962500751019 0.024074073880910873
1 0.3583333194255829 0.4148148000240326 0.009259259328246117 0.03333333507180214
1 0.3453703820705414 0.41296297311782837 0.009259259328246117 0.03703703731298447
2 0.28425925970077515 0.4157407283782959 0.012962962500751019 0.020370369777083397
2 0.2953703701496124 0.4148148000240326 0.009259259328246117 0.018518518656492233
2 0.307407408952713 0.42129629850387573 0.011111111380159855 0.020370369777083397
1 0.3157407343387604 0.38240739703178406 0.0055555556900799274 0.020370369777083397
1 0.3777777850627899 0.3787037134170532 0.007407407276332378 0.01666666753590107
1 0.3620370328426361 0.4000000059604645 0.009259259328246117 0.025925925001502037
1 0.27129629254341125 0.3768518567085266 0.009259259328246117 0.020370369777083397
1 0.27222222089767456 0.39814814925193787 0.007407407276332378 0.025925925001502037
1 0.28240740299224854 0.39259257912635803 0.009259259328246117 0.02222222276031971
1 0.18425926566123962 0.3768518567085266 0.012962962500751019 0.02777777798473835
1 0.10370370000600815 0.3898148238658905 0.007407407276332378 0.024074073880910873
1 0.13425925374031067 0.39444443583488464 0.009259259328246117 0.025925925001502037
1 0.14722222089767456 0.39351850748062134 0.009259259328246117 0.020370369777083397
2 0.28611111640930176 0.8870370388031006 0.031481482088565826 0.051851850003004074
2 0.2759259343147278 0.8638888597488403 0.051851850003004074 0.06481481343507767
2 0.2935185134410858 0.8462963104248047 0.024074073880910873 0.040740739554166794
1 0.31018519401550293 0.39814814925193787 0.009259259328246117 0.02222222276031971
1 0.3203703761100769 0.41018518805503845 0.011111111380159855 0.031481482088565826
4 0.28703704476356506 0.3324074149131775 0.051851850003004074 0.020370369777083397
4 0.2620370388031006 0.3046296238899231 0.024074073880910873 0.024074073880910873
4 0.23240740597248077 0.31388887763023376 0.03888889029622078 0.01666666753590107
4 0.23333333432674408 0.30000001192092896 0.02222222276031971 0.018518518656492233
4 0.12870369851589203 0.32592591643333435 0.05740740895271301 0.025925925001502037
1 0.23240740597248077 0.3324074149131775 0.009259259328246117 0.024074073880910873
1 0.2231481522321701 0.3444444537162781 0.009259259328246117 0.02222222276031971
1 0.2203703671693802 0.35092592239379883 0.007407407276332378 0.024074073880910873
1 0.21388888359069824 0.3499999940395355 0.009259259328246117 0.025925925001502037
5 0.21296297013759613 0.29814815521240234 0.014814814552664757 0.018518518656492233
6 0.15925925970077515 0.3157407343387604 0.03703703731298447 0.020370369777083397
4 0.989814817905426 0.4018518626689911 0.020370369777083397 0.04444444552063942
