4 0.27450981736183167 0.014379085041582584 0.0470588244497776 0.02875817008316517
4 0.39542484283447266 0.013725490309298038 0.040522877126932144 0.027450980618596077
4 0.45816993713378906 0.009150327183306217 0.040522877126932144 0.018300654366612434
4 0.4973856210708618 0.029411764815449715 0.056209150701761246 0.04313725605607033
4 0.5862745046615601 0.019607843831181526 0.040522877126932144 0.03921568766236305
4 0.5941176414489746 0.09215686470270157 0.04313725605607033 0.04575163498520851
4 0.5960784554481506 0.22679738700389862 0.05228758230805397 0.05882352963089943
8 0.5241830348968506 0.17058824002742767 0.04967320337891579 0.0640522912144661
2 0.6392157077789307 0.12483660131692886 0.013071895577013493 0.024836601689457893
10 0.6398692727088928 0.132679745554924 0.0117647061124444 0.03006535954773426
2 0.6581699252128601 0.2450980395078659 0.016993464902043343 0.03529411926865578
10 0.6581699252128601 0.25294119119644165 0.019607843831181526 0.03790849819779396
1 0.8124182820320129 0.009150327183306217 0.009150327183306217 0.018300654366612434
1 0.9254902005195618 0.03267974033951759 0.01568627543747425 0.0313725508749485
5 0.9941176176071167 0.02222222276031971 0.0117647061124444 0.041830066591501236
5 0.9699346423149109 0.12483660131692886 0.06013071909546852 0.05359477177262306
3 0.8346405029296875 0.10065359622240067 0.014379085041582584 0.026143791154026985
10 0.8320261240005493 0.132679745554924 0.014379085041582584 0.03006535954773426
1 0.8418300747871399 0.2052287608385086 0.013071895577013493 0.03921568766236305
3 0.8477123975753784 0.2078431397676468 0.016993464902043343 0.0313725508749485
1 0.95686274766922 0.17908497154712677 0.01568627543747425 0.03660130873322487
1 0.9627450704574585 0.18562091886997223 0.014379085041582584 0.03660130873322487
4 0.5647059082984924 0.9385620951652527 0.11241830140352249 0.12287581712007523
4 0.39673203229904175 0.7816993594169617 0.09803921729326248 0.16470588743686676
5 0.4470588266849518 0.5372549295425415 0.07581699639558792 0.11241830140352249
4 0.5771241784095764 0.6111111044883728 0.08235294371843338 0.12418300658464432
4 0.48627451062202454 0.36666667461395264 0.06797385960817337 0.09019608050584793
4 0.5862745046615601 0.42091503739356995 0.06666667014360428 0.08627451211214066
4 0.04901960864663124 0.20065359771251678 0.07712418586015701 0.06666667014360428
2 0.17450980842113495 0.38104575872421265 0.019607843831181526 0.040522877126932144
2 0.18431372940540314 0.3777777850627899 0.018300654366612434 0.03921568766236305
10 0.17712418735027313 0.39803922176361084 0.027450980618596077 0.03529411926865578
2 0.0013071895809844136 0.7405228614807129 0.0026143791619688272 0.040522877126932144
10 0.0019607844296842813 0.7614378929138184 0.003921568859368563 0.06143790856003761
