4 0.08562091737985611 0.9137254953384399 0.16601307690143585 0.1725490242242813
4 0.29869282245635986 0.9026143550872803 0.15294118225574493 0.19477124512195587
4 0.43071895837783813 0.8496732115745544 0.14771242439746857 0.1751634031534195
4 0.5385621190071106 0.7771241664886475 0.1594771295785904 0.1764705926179886
4 0.6490195989608765 0.7385621070861816 0.1581699401140213 0.16732026636600494
4 0.7640522718429565 0.7078431248664856 0.16339869797229767 0.16601307690143585
4 0.8660130500793457 0.685620903968811 0.17124183475971222 0.14509804546833038
4 0.8535947799682617 0.2947712540626526 0.09673202782869339 0.05359477177262306
4 0.20326797664165497 0.5843137502670288 0.1764705926179886 0.10457516461610794
2 0.03464052453637123 0.5960784554481506 0.024836601689457893 0.04444444552063942
4 0.9339869022369385 0.658823549747467 0.13202615082263947 0.1594771295785904
4 0.9764705896377563 0.6372548937797546 0.0470588244497776 0.1424836665391922
4 0.95686274766922 0.48954248428344727 0.08627451211214066 0.09281045943498611
4 0.9830065369606018 0.3346405327320099 0.033986929804086685 0.06013071909546852
4 0.7457516193389893 0.5032680034637451 0.1581699401140213 0.08104575425386429
4 0.2450980395078659 0.5241830348968506 0.1764705926179886 0.08104575425386429
4 0.30000001192092896 0.4843137264251709 0.17124183475971222 0.0797385647892952
4 0.35424837470054626 0.43529412150382996 0.15163399279117584 0.08104575425386429
4 0.4058823585510254 0.3915032744407654 0.1424836665391922 0.08758170157670975
7 0.5130718946456909 0.3758170008659363 0.05098039284348488 0.05359477177262306
4 0.4117647111415863 0.3307189643383026 0.13594771921634674 0.06013071909546852
4 0.3490196168422699 0.2764706015586853 0.12287581712007523 0.056209150701761246
4 0.33006536960601807 0.23464052379131317 0.10588235408067703 0.05359477177262306
4 0.28431373834609985 0.20130719244480133 0.0954248383641243 0.04444444552063942
4 0.7496731877326965 0.4562091529369354 0.15555556118488312 0.06535948067903519
4 0.7019608020782471 0.42091503739356995 0.1437908560037613 0.06797385960817337
4 0.6784313917160034 0.379084974527359 0.14640523493289948 0.06535948067903519
4 0.6307189464569092 0.35098040103912354 0.1424836665391922 0.0640522912144661
4 0.6071895360946655 0.3163398802280426 0.11895424872636795 0.06013071909546852
4 0.5607843399047852 0.2875817120075226 0.12026143819093704 0.05751634016633034
4 0.5228758454322815 0.2594771385192871 0.11764705926179886 0.06143790856003761
4 0.4830065369606018 0.23986928164958954 0.1111111119389534 0.05098039284348488
4 0.46405228972435 0.21307189762592316 0.10980392247438431 0.0470588244497776
4 0.3849673271179199 0.20000000298023224 0.09803921729326248 0.0470588244497776
4 0.3673202693462372 0.17450980842113495 0.09150326997041702 0.04575163498520851
4 0.5346405506134033 0.20392157137393951 0.07058823853731155 0.0470588244497776
5 0.47647058963775635 0.15882353484630585 0.05882352963089943 0.056209150701761246
4 0.3444444537162781 0.10588235408067703 0.08758170157670975 0.033986929804086685
4 0.34575164318084717 0.08366013318300247 0.048366013914346695 0.02875817008316517
4 0.4555555582046509 0.11437908560037613 0.06666667014360428 0.048366013914346695
4 0.26013073325157166 0.07516340166330338 0.07581699639558792 0.03529411926865578
5 0.5202614665031433 0.07712418586015701 0.03660130873322487 0.0470588244497776
4 0.4699346423149109 0.05816993489861488 0.05098039284348488 0.03267974033951759
4 0.6477124094963074 0.1738562136888504 0.07712418586015701 0.041830066591501236
4 0.3921568691730499 0.016339870169758797 0.04444444552063942 0.027450980618596077
4 0.4470588266849518 0.04248366132378578 0.04967320337891579 0.027450980618596077
6 0.6431372761726379 0.13071896135807037 0.041830066591501236 0.03660130873322487
6 0.6169934868812561 0.12483660131692886 0.041830066591501236 0.03267974033951759
6 0.6039215922355652 0.11895424872636795 0.04444444552063942 0.033986929804086685
6 0.5875816941261292 0.11045751720666885 0.048366013914346695 0.03006535954773426
6 0.5718954205513 0.10718954354524612 0.05098039284348488 0.0313725508749485
6 0.5941176414489746 0.09607843309640884 0.05098039284348488 0.03006535954773426
8 0.3104575276374817 0.15490196645259857 0.03790849819779396 0.03790849819779396
8 0.34705883264541626 0.15294118225574493 0.03529411926865578 0.033986929804086685
8 0.38954249024391174 0.14901961386203766 0.02875817008316517 0.033986929804086685
1 0.5339869260787964 0.14509804546833038 0.016993464902043343 0.03921568766236305
1 0.6039215922355652 0.2450980395078659 0.01568627543747425 0.04575163498520851
1 0.6150326728820801 0.232026144862175 0.014379085041582584 0.04313725605607033
4 0.7483659982681274 0.23725490272045135 0.10065359622240067 0.06143790856003761
4 0.6810457706451416 0.15882353484630585 0.06797385960817337 0.040522877126932144
4 0.7464052438735962 0.1921568661928177 0.08104575425386429 0.03660130873322487
5 0.826797366142273 0.22483660280704498 0.07450980693101883 0.05751634016633034
4 0.9196078181266785 0.2790849804878235 0.10065359622240067 0.05359477177262306
4 0.7986928224563599 0.3758170008659363 0.11764705926179886 0.07450980693101883
