4 0.13986928761005402 0.9464052319526672 0.1751634031534195 0.10718954354524612
4 0.18692810833454132 0.4555555582046509 0.09150326997041702 0.08496732264757156
4 0.5339869260787964 0.39673203229904175 0.06143790856003761 0.06143790856003761
1 0.25294119119644165 0.46928104758262634 0.019607843831181526 0.06535948067903519
1 0.3803921639919281 0.4241830110549927 0.018300654366612434 0.056209150701761246
4 0.2705882489681244 0.35098040103912354 0.06535948067903519 0.06928104907274246
4 0.3006536066532135 0.2764706015586853 0.04967320337891579 0.048366013914346695
5 0.328758180141449 0.232026144862175 0.03529411926865578 0.03790849819779396
3 0.6261438131332397 0.46209150552749634 0.0470588244497776 0.03529411926865578
2 0.6235294342041016 0.4529411792755127 0.01568627543747425 0.03529411926865578
2 0.6307189464569092 0.45098039507865906 0.02222222276031971 0.0470588244497776
3 0.7019608020782471 0.47516340017318726 0.026143791154026985 0.04575163498520851
2 0.7019608020782471 0.4588235318660736 0.0235294122248888 0.04967320337891579
3 0.7457516193389893 0.4326797425746918 0.04313725605607033 0.03660130873322487
2 0.7483659982681274 0.42679738998413086 0.027450980618596077 0.05359477177262306
1 0.8738561868667603 0.4333333373069763 0.019607843831181526 0.05882352963089943
4 0.9679738283157349 0.4189542531967163 0.0640522837638855 0.05882352963089943
5 0.8771241903305054 0.3209150433540344 0.06797385960817337 0.056209150701761246
4 0.801307201385498 0.2666666805744171 0.0470588244497776 0.03921568766236305
5 0.9261437654495239 0.2150326818227768 0.06666667014360428 0.04575163498520851
4 0.35098040103912354 0.20392157137393951 0.03267974033951759 0.0235294122248888
0 0.24313725531101227 0.10849673300981522 0.1908496767282486 0.1594771295785904
4 0.3588235378265381 0.1882352977991104 0.03006535954773426 0.026143791154026985
4 0.43790850043296814 0.17908497154712677 0.026143791154026985 0.0313725508749485
4 0.36993464827537537 0.16405229270458221 0.03660130873322487 0.027450980618596077
4 0.3816993534564972 0.15032680332660675 0.026143791154026985 0.020915033295750618
4 0.38954249024391174 0.14444445073604584 0.0235294122248888 0.02222222276031971
4 0.5202614665031433 0.1509803980588913 0.0235294122248888 0.02222222276031971
4 0.8346405029296875 0.17189542949199677 0.040522877126932144 0.02222222276031971
4 0.8385620713233948 0.15359477698802948 0.03267974033951759 0.016993464902043343
5 0.7980391979217529 0.1581699401140213 0.048366013914346695 0.0235294122248888
0 0.7633987069129944 0.11633986979722977 0.03921568766236305 0.041830066591501236
4 0.8032679557800293 0.12745098769664764 0.040522877126932144 0.014379085041582584
4 0.8019607663154602 0.12222222238779068 0.03790849819779396 0.016993464902043343
0 0.6869280934333801 0.09607843309640884 0.10849673300981522 0.07712418586015701
4 0.4542483687400818 0.1183006539940834 0.016993464902043343 0.016993464902043343
4 0.49803921580314636 0.1281045824289322 0.018300654366612434 0.018300654366612434
4 0.4882352948188782 0.11307189613580704 0.016993464902043343 0.016993464902043343
4 0.400653600692749 0.11633986979722977 0.016993464902043343 0.018300654366612434
4 0.41111111640930176 0.10130719095468521 0.016993464902043343 0.014379085041582584
4 0.5411764979362488 0.10653594881296158 0.01568627543747425 0.014379085041582584
5 0.5359477400779724 0.09346405416727066 0.018300654366612434 0.014379085041582584
5 0.4418300688266754 0.0954248383641243 0.02875817008316517 0.01568627543747425
0 0.4797385632991791 0.04248366132378578 0.12026143819093704 0.08235294371843338
4 0.41830065846443176 0.09150326997041702 0.0235294122248888 0.010457516647875309
0 0.599346399307251 0.06013071909546852 0.04313725605607033 0.062745101749897
