4 0.7372549176216125 0.8535947799682617 0.08888889104127884 0.14901961386203766
4 0.6163398623466492 0.8522875905036926 0.08758170157670975 0.15424837172031403
4 0.8640522956848145 0.7169934511184692 0.08104575425386429 0.09803921729326248
4 0.8222222328186035 0.5947712659835815 0.06535948067903519 0.07058823853731155
4 0.7986928224563599 0.51437908411026 0.054901961237192154 0.06928104907274246
4 0.5117647051811218 0.8660130500793457 0.10588235408067703 0.1424836665391922
4 0.3921568691730499 0.8660130500793457 0.11764705926179886 0.15555556118488312
1 0.47647058963775635 0.7450980544090271 0.02222222276031971 0.06535948067903519
1 0.5718954205513 0.7032679915428162 0.02222222276031971 0.062745101749897
4 0.2594771385192871 0.8640522956848145 0.11633986979722977 0.14901961386203766
4 0.12091503292322159 0.8803921341896057 0.1267973929643631 0.15294118225574493
4 0.0313725508749485 0.9013071656227112 0.062745101749897 0.11895424872636795
4 0.0712418332695961 0.685620903968811 0.11895424872636795 0.08758170157670975
4 0.16732026636600494 0.6470588445663452 0.125490203499794 0.07320261746644974
4 0.25032681226730347 0.6235294342041016 0.12156862765550613 0.07320261746644974
4 0.3379085063934326 0.5901960730552673 0.11895424872636795 0.07450980693101883
4 0.41960784792900085 0.5640522837638855 0.13071896135807037 0.09019608050584793
4 0.5006536245346069 0.5176470875740051 0.13856209814548492 0.04967320337891579
4 0.5078431367874146 0.4686274528503418 0.12941177189350128 0.05098039284348488
4 0.5379084944725037 0.4320261478424072 0.10849673300981522 0.03529411926865578
4 0.5261437892913818 0.4084967374801636 0.10849673300981522 0.040522877126932144
4 0.5130718946456909 0.38562092185020447 0.07189542800188065 0.03660130873322487
4 0.6098039150238037 0.6915032863616943 0.16078431904315948 0.06797385960817337
4 0.6673202514648438 0.6594771146774292 0.15294118225574493 0.0640522912144661
4 0.6633986830711365 0.6130719184875488 0.15032680332660675 0.0470588244497776
4 0.6915032863616943 0.5862745046615601 0.1594771295785904 0.05882352963089943
4 0.6849673390388489 0.5516340136528015 0.15163399279117584 0.04967320337891579
4 0.7013071775436401 0.5196078419685364 0.1267973929643631 0.04575163498520851
4 0.6960784196853638 0.4954248368740082 0.13202615082263947 0.033986929804086685
4 0.6849673390388489 0.46928104758262634 0.1281045824289322 0.041830066591501236
4 0.6790849566459656 0.4516339898109436 0.10849673300981522 0.03529411926865578
4 0.686274528503418 0.4300653636455536 0.10980392247438431 0.033986929804086685
4 0.6366013288497925 0.41372549533843994 0.09673202782869339 0.03529411926865578
4 0.6359477043151855 0.3901960849761963 0.09281045943498611 0.03529411926865578
4 0.770588219165802 0.4313725531101227 0.05098039284348488 0.041830066591501236
4 0.970588207244873 0.5352941155433655 0.05882352963089943 0.056209150701761246
5 0.9973856210708618 0.4718954265117645 0.005228757858276367 0.054901961237192154
4 0.9803921580314636 0.43790850043296814 0.03921568766236305 0.03660130873322487
4 0.9627450704574585 0.40653595328330994 0.04575163498520851 0.03921568766236305
4 0.9111111164093018 0.4176470637321472 0.0470588244497776 0.040522877126932144
4 0.9307189583778381 0.47647058963775635 0.06535948067903519 0.05359477177262306
2 0.969281017780304 0.4732026159763336 0.02222222276031971 0.04444444552063942
2 0.8941176533699036 0.4941176474094391 0.018300654366612434 0.03660130873322487
1 0.8418300747871399 0.37843137979507446 0.010457516647875309 0.027450980618596077
4 0.758169949054718 0.3875817060470581 0.03921568766236305 0.040522877126932144
4 0.7954248189926147 0.3562091588973999 0.04575163498520851 0.04575163498520851
4 0.713071882724762 0.33986929059028625 0.08235294371843338 0.033986929804086685
4 0.7405228614807129 0.3222222328186035 0.03529411926865578 0.024836601689457893
4 0.5921568870544434 0.3137255012989044 0.04444444552063942 0.03660130873322487
4 0.6666666865348816 0.31111112236976624 0.0784313753247261 0.02875817008316517
4 0.671241819858551 0.2849673330783844 0.06928104907274246 0.02875817008316517
4 0.599346399307251 0.27581700682640076 0.06928104907274246 0.026143791154026985
4 0.6705882549285889 0.2718954384326935 0.06013071909546852 0.0235294122248888
4 0.6535947918891907 0.2633987069129944 0.062745101749897 0.024836601689457893
4 0.5732026100158691 0.26405230164527893 0.07450980693101883 0.018300654366612434
4 0.5803921818733215 0.25163400173187256 0.06797385960817337 0.019607843831181526
4 0.586928129196167 0.239215686917305 0.06013071909546852 0.020915033295750618
4 0.6228758096694946 0.20718954503536224 0.056209150701761246 0.02222222276031971
4 0.7091503143310547 0.24313725531101227 0.024836601689457893 0.02875817008316517
4 0.7052287459373474 0.21764706075191498 0.024836601689457893 0.024836601689457893
4 0.6967320442199707 0.19738562405109406 0.0235294122248888 0.018300654366612434
4 0.6169934868812561 0.19346405565738678 0.04967320337891579 0.018300654366612434
4 0.6202614307403564 0.18169935047626495 0.04313725605607033 0.020915033295750618
4 0.8993464112281799 0.3274509906768799 0.05751634016633034 0.040522877126932144
4 0.8777777552604675 0.30849674344062805 0.03529411926865578 0.026143791154026985
4 0.8771241903305054 0.29411765933036804 0.02875817008316517 0.0235294122248888
4 0.8535947799682617 0.27124184370040894 0.0313725508749485 0.024836601689457893
4 0.8339869379997253 0.250980406999588 0.02875817008316517 0.0235294122248888
4 0.8300653696060181 0.2366013079881668 0.026143791154026985 0.020915033295750618
4 0.8183006644248962 0.22287581861019135 0.02875817008316517 0.02222222276031971
4 0.8117647171020508 0.21176470816135406 0.0235294122248888 0.018300654366612434
4 0.7921568751335144 0.1895424872636795 0.020915033295750618 0.020915033295750618
4 0.7947712540626526 0.17712418735027313 0.018300654366612434 0.019607843831181526
4 0.7777777910232544 0.1725490242242813 0.018300654366612434 0.018300654366612434
4 0.7699346542358398 0.16339869797229767 0.01568627543747425 0.01568627543747425
4 0.6908496618270874 0.1823529452085495 0.02222222276031971 0.016993464902043343
4 0.6882352828979492 0.1751634031534195 0.019607843831181526 0.01568627543747425
4 0.6816993355751038 0.1483660191297531 0.02222222276031971 0.02222222276031971
4 0.6287581920623779 0.15359477698802948 0.033986929804086685 0.016993464902043343
4 0.5928104519844055 0.16405229270458221 0.04313725605607033 0.016993464902043343
7 0.5379084944725037 0.5640522837638855 0.048366013914346695 0.05359477177262306
1 0.49346405267715454 0.2993464171886444 0.009150327183306217 0.02875817008316517
1 0.5039215683937073 0.3006536066532135 0.009150327183306217 0.02875817008316517
1 0.5111111402511597 0.29869282245635986 0.007843137718737125 0.027450980618596077
1 0.5176470875740051 0.3104575276374817 0.007843137718737125 0.024836601689457893
1 0.5274509787559509 0.31437909603118896 0.009150327183306217 0.024836601689457893
1 0.5405228734016418 0.3065359592437744 0.0117647061124444 0.03267974033951759
3 0.5281046032905579 0.2790849804878235 0.026143791154026985 0.016993464902043343
4 0.6098039150238037 0.14705882966518402 0.03267974033951759 0.0117647061124444
4 0.5967320203781128 0.1437908560037613 0.03006535954773426 0.013071895577013493
4 0.601307213306427 0.13725490868091583 0.03660130873322487 0.013071895577013493
4 0.601307213306427 0.12483660131692886 0.033986929804086685 0.014379085041582584
4 0.5973856449127197 0.10522875934839249 0.02875817008316517 0.0117647061124444
4 0.5967320203781128 0.09607843309640884 0.027450980618596077 0.0117647061124444
4 0.6039215922355652 0.09281045943498611 0.0235294122248888 0.010457516647875309
4 0.6052287817001343 0.0869281068444252 0.0235294122248888 0.0117647061124444
0 0.6535947918891907 0.06732026487588882 0.11503268033266068 0.040522877126932144
4 0.7169934511184692 0.09084967523813248 0.014379085041582584 0.016993464902043343
4 0.7326797246932983 0.10915032774209976 0.0117647061124444 0.014379085041582584
4 0.7267974019050598 0.10130719095468521 0.013071895577013493 0.0117647061124444
8 0.5758169889450073 0.3686274588108063 0.027450980618596077 0.033986929804086685
8 0.6111111044883728 0.37254902720451355 0.024836601689457893 0.02875817008316517
8 0.6921568512916565 0.37843137979507446 0.03790849819779396 0.027450980618596077
