0 0.16342592239379883 0.48842594027519226 0.32685184478759766 0.043518517166376114
1 0.05138888955116272 0.7916666865348816 0.032407406717538834 0.09259258955717087
1 0.19120369851589203 0.7972221970558167 0.0416666679084301 0.10925926268100739
1 0.2282407432794571 0.8060185313224792 0.03611111268401146 0.0972222238779068
1 0.38055557012557983 0.824999988079071 0.03333333507180214 0.13333334028720856
1 0.4416666626930237 0.8745370507240295 0.03333333507180214 0.14722222089767456
1 0.4217592477798462 0.8384259343147278 0.03611111268401146 0.11759259551763535
1 0.4722222089767456 0.8189814686775208 0.05925925821065903 0.1379629671573639
1 0.0055555556900799274 0.7370370626449585 0.011111111380159855 0.08703703433275223
1 0.03333333507180214 0.7361111044883728 0.02777777798473835 0.09259258955717087
1 0.07361111044883728 0.7402777671813965 0.037962961941957474 0.09351851791143417
1 0.22592592239379883 0.6861110925674438 0.025925925001502037 0.08148147910833359
1 0.25046294927597046 0.6916666626930237 0.026851851493120193 0.07592592388391495
1 0.32685184478759766 0.6930555701255798 0.029629629105329514 0.0694444477558136
1 0.29120370745658875 0.6597222089767456 0.023148147389292717 0.0694444477558136
1 0.2699074149131775 0.6615740656852722 0.02500000037252903 0.06574074178934097
1 0.24583333730697632 0.6606481671333313 0.021296296268701553 0.0694444477558136
1 0.3499999940395355 0.6259258985519409 0.02222222276031971 0.0555555559694767
1 0.32685184478759766 0.6300926208496094 0.018518518656492233 0.05277777835726738
1 0.3708333373069763 0.5754629373550415 0.013888888992369175 0.037962961941957474
1 0.12638889253139496 0.6347222328186035 0.015740741044282913 0.05277777835726738
1 0.1101851835846901 0.6328703761100769 0.014814814552664757 0.05462963134050369
1 0.09398148208856583 0.6296296119689941 0.01944444514811039 0.05925925821065903
1 0.17314815521240234 0.6333333253860474 0.025925925001502037 0.040740739554166794
1 0.1527777761220932 0.6282407641410828 0.01666666753590107 0.05462963134050369
1 0.005092592444270849 0.5592592358589172 0.010185184888541698 0.03703703731298447
1 0.049074072390794754 0.5648148059844971 0.011111111380159855 0.031481482088565826
1 0.039351850748062134 0.5615741014480591 0.012037036940455437 0.034259259700775146
1 0.06064814701676369 0.5935184955596924 0.013888888992369175 0.04444444552063942
1 0.07037036865949631 0.6115740537643433 0.012962962500751019 0.04537037014961243
1 0.07361111044883728 0.595370352268219 0.012037036940455437 0.040740739554166794
1 0.34074074029922485 0.5865740776062012 0.01666666753590107 0.04537037014961243
1 0.3231481611728668 0.5907407402992249 0.014814814552664757 0.046296294778585434
1 0.302314817905426 0.5874999761581421 0.015740741044282913 0.0416666679084301
1 0.25046294927597046 0.5874999761581421 0.012037036940455437 0.03981481492519379
1 0.21898147463798523 0.5916666388511658 0.010185184888541698 0.04259259253740311
1 0.20601852238178253 0.5884259343147278 0.017592592164874077 0.04537037014961243
1 0.1814814805984497 0.5865740776062012 0.011111111380159855 0.037962961941957474
1 0.1726851910352707 0.5865740776062012 0.010185184888541698 0.0416666679084301
1 0.16111111640930176 0.5879629850387573 0.014814814552664757 0.040740739554166794
1 0.14953704178333282 0.5879629850387573 0.012037036940455437 0.04259259253740311
1 0.15046297013759613 0.5787037014961243 0.012037036940455437 0.024074073880910873
1 0.08749999850988388 0.5805555582046509 0.010185184888541698 0.040740739554166794
1 0.0833333358168602 0.5796296000480652 0.009259259328246117 0.035185184329748154
1 0.10092592239379883 0.5935184955596924 0.012962962500751019 0.03703703731298447
1 0.1120370402932167 0.5972222089767456 0.01666666753590107 0.040740739554166794
1 0.09675925970077515 0.6078703999519348 0.015740741044282913 0.04537037014961243
1 0.12916666269302368 0.6143518686294556 0.015740741044282913 0.04722222313284874
1 0.13055555522441864 0.5972222089767456 0.020370369777083397 0.04444444552063942
1 0.13333334028720856 0.5796296000480652 0.011111111380159855 0.040740739554166794
1 0.11666666716337204 0.5587962865829468 0.012962962500751019 0.03611111268401146
1 0.10277777910232544 0.5569444298744202 0.014814814552664757 0.03611111268401146
1 0.1615740805864334 0.5564814805984497 0.013888888992369175 0.025925925001502037
1 0.2004629671573639 0.5537037253379822 0.010185184888541698 0.024074073880910873
1 0.20879629254341125 0.5532407164573669 0.010185184888541698 0.032407406717538834
1 0.22268518805503845 0.5680555701255798 0.010185184888541698 0.034259259700775146
1 0.23333333432674408 0.5675926208496094 0.012962962500751019 0.03703703731298447
1 0.255092591047287 0.5791666507720947 0.010185184888541698 0.03981481492519379
1 0.2657407522201538 0.5703703761100769 0.012962962500751019 0.040740739554166794
1 0.2916666567325592 0.5490740537643433 0.007407407276332378 0.02222222276031971
1 0.2986111044883728 0.5486111044883728 0.008333333767950535 0.023148147389292717
1 0.1379629671573639 0.5504629611968994 0.007407407276332378 0.021296296268701553
1 0.14259259402751923 0.5527777671813965 0.0055555556900799274 0.02222222276031971
1 0.24027778208255768 0.5384259223937988 0.010185184888541698 0.026851851493120193
1 0.20601852238178253 0.5347222089767456 0.006481481250375509 0.021296296268701553
1 0.1953703761100769 0.5361111164093018 0.0055555556900799274 0.02222222276031971
1 0.1476851850748062 0.5347222089767456 0.006481481250375509 0.026851851493120193
1 0.13842593133449554 0.5342592597007751 0.008333333767950535 0.025925925001502037
1 0.1268518567085266 0.5356481671333313 0.009259259328246117 0.023148147389292717
1 0.12314815074205399 0.5356481671333313 0.009259259328246117 0.028703704476356506
1 0.09537036716938019 0.5402777791023254 0.007407407276332378 0.02500000037252903
1 0.07962962985038757 0.5310184955596924 0.009259259328246117 0.02500000037252903
0 0.030092593282461166 0.5277777910232544 0.034259259700775146 0.029629629105329514
1 0.06064814701676369 0.5259259343147278 0.008333333767950535 0.025925925001502037
1 0.05324074253439903 0.5263888835906982 0.006481481250375509 0.02500000037252903
1 0.05370370298624039 0.5314815044403076 0.0055555556900799274 0.012962962500751019
1 0.16527777910232544 0.5259259343147278 0.004629629664123058 0.018518518656492233
1 0.1726851910352707 0.5277777910232544 0.006481481250375509 0.02222222276031971
1 0.16203702986240387 0.5231481194496155 0.0055555556900799274 0.01666666753590107
1 0.18425926566123962 0.5268518328666687 0.0055555556900799274 0.018518518656492233
1 0.20092593133449554 0.5222222208976746 0.0055555556900799274 0.018518518656492233
1 0.2074074000120163 0.5222222208976746 0.0055555556900799274 0.018518518656492233
1 0.1944444477558136 0.5222222208976746 0.0055555556900799274 0.020370369777083397
1 0.18703703582286835 0.5217592716217041 0.0055555556900799274 0.01944444514811039
1 0.1805555522441864 0.5217592716217041 0.0055555556900799274 0.017592592164874077
0 0.10092592239379883 0.5148147940635681 0.025925925001502037 0.014814814552664757
