1 0.4745098054409027 0.5098039507865906 0.0235294122248888 0.08627451211214066
2 0.14052288234233856 0.34836602210998535 0.027450980618596077 0.0640522912144661
2 0.11699346452951431 0.33856210112571716 0.03529411926865578 0.04444444552063942
2 0.11764705926179886 0.3450980484485626 0.0235294122248888 0.020915033295750618
2 0.19281046092510223 0.34248366951942444 0.016993464902043343 0.04444444552063942
1 0.19869281351566315 0.35686275362968445 0.020915033295750618 0.06535948067903519
2 0.23529411852359772 0.34705883264541626 0.020915033295750618 0.03006535954773426
1 0.47516340017318726 0.38235294818878174 0.03006535954773426 0.08235294371843338
1 0.6189542412757874 0.36274510622024536 0.024836601689457893 0.06666667014360428
1 0.3660130798816681 0.2065359503030777 0.01568627543747425 0.04967320337891579
1 0.34117648005485535 0.20000000298023224 0.01568627543747425 0.05228758230805397
1 0.998039186000824 0.3065359592437744 0.003921568393707275 0.05882352963089943
1 0.9607843160629272 0.3124183118343353 0.020915033295750618 0.062745101749897
1 0.9444444179534912 0.2993464171886444 0.027450980618596077 0.05751634016633034
1 0.9111111164093018 0.23725490272045135 0.01568627543747425 0.05098039284348488
2 0.9261437654495239 0.24052287638187408 0.016993464902043343 0.041830066591501236
2 0.9398692846298218 0.23006536066532135 0.020915033295750618 0.033986929804086685
2 0.9509803652763367 0.23398692905902863 0.02222222276031971 0.033986929804086685
8 0.11503268033266068 0.26143792271614075 0.08104575425386429 0.0784313753247261
8 0.0052287583239376545 0.25882354378700256 0.010457516647875309 0.0784313753247261
3 0.006535947788506746 0.3450980484485626 0.013071895577013493 0.05751634016633034
3 0.0313725508749485 0.3464052379131317 0.04967320337891579 0.07581699639558792
