4 0.5882353186607361 0.8692810535430908 0.11764705926179886 0.1882352977991104
4 0.8352941274642944 0.7620915174484253 0.10196078568696976 0.12026143819093704
4 0.9411764740943909 0.642483651638031 0.08366013318300247 0.0797385647892952
3 0.9699346423149109 0.556209146976471 0.0313725508749485 0.04313725605607033
2 0.9718953967094421 0.5483660101890564 0.02222222276031971 0.040522877126932144
9 0.8026143908500671 0.44509804248809814 0.0941176488995552 0.1738562136888504
4 0.543790876865387 0.5477124452590942 0.07581699639558792 0.08104575425386429
5 0.7764706015586853 0.3562091588973999 0.04444444552063942 0.05882352963089943
5 0.8745098114013672 0.3052287697792053 0.03921568766236305 0.03267974033951759
5 0.814379096031189 0.2836601436138153 0.0313725508749485 0.02875817008316517
5 0.7620915174484253 0.3091503381729126 0.03660130873322487 0.040522877126932144
5 0.7568627595901489 0.26993465423583984 0.0313725508749485 0.03790849819779396
4 0.7542483806610107 0.22745098173618317 0.0313725508749485 0.026143791154026985
3 0.8019607663154602 0.23725490272045135 0.009150327183306217 0.016993464902043343
2 0.8032679557800293 0.23529411852359772 0.006535947788506746 0.01568627543747425
3 0.800000011920929 0.21307189762592316 0.010457516647875309 0.013071895577013493
2 0.8006535768508911 0.20718954503536224 0.006535947788506746 0.014379085041582584
1 0.23006536066532135 0.5 0.02875817008316517 0.06143790856003761
1 0.9986928105354309 0.20718954503536224 0.0026143789291381836 0.02222222276031971
5 0.9346405267715454 0.1679738610982895 0.04444444552063942 0.024836601689457893
5 0.9732025861740112 0.18431372940540314 0.05098039284348488 0.020915033295750618
4 0.799346387386322 0.16339869797229767 0.019607843831181526 0.026143791154026985
4 0.7568627595901489 0.1581699401140213 0.020915033295750618 0.01568627543747425
4 0.7287581562995911 0.15032680332660675 0.016993464902043343 0.01568627543747425
4 0.7346405386924744 0.13464052975177765 0.01568627543747425 0.01568627543747425
4 0.7228758335113525 0.12156862765550613 0.013071895577013493 0.013071895577013493
4 0.7627450823783875 0.12875817716121674 0.016993464902043343 0.014379085041582584
4 0.7483659982681274 0.12483660131692886 0.014379085041582584 0.0117647061124444
4 0.7901960611343384 0.13071896135807037 0.016993464902043343 0.013071895577013493
0 0.715032696723938 0.03594771400094032 0.10980392247438431 0.06666667014360428
4 0.7385621070861816 0.11437908560037613 0.013071895577013493 0.009150327183306217
4 0.7823529243469238 0.12091503292322159 0.014379085041582584 0.014379085041582584
4 0.6915032863616943 0.10522875934839249 0.01568627543747425 0.0117647061124444
4 0.7339869141578674 0.10130719095468521 0.0117647061124444 0.0117647061124444
4 0.7712418437004089 0.09346405416727066 0.010457516647875309 0.009150327183306217
4 0.7071895599365234 0.0882352963089943 0.010457516647875309 0.009150327183306217
4 0.7359477281570435 0.07777778059244156 0.010457516647875309 0.009150327183306217
1 0.7535947561264038 0.08366013318300247 0.003921568859368563 0.007843137718737125
0 0.8653594851493835 0.0941176488995552 0.0941176488995552 0.06535948067903519
4 0.18169935047626495 0.22483660280704498 0.07058823853731155 0.0313725508749485
