4 0.05686274543404579 0.01568627543747425 0.03006535954773426 0.0313725508749485
4 0.16274510324001312 0.0117647061124444 0.027450980618596077 0.0235294122248888
4 0.03202614560723305 0.1411764770746231 0.04313725605607033 0.05751634016633034
4 0.1967320293188095 0.12941177189350128 0.04313725605607033 0.03921568766236305
5 0.12875817716121674 0.15490196645259857 0.040522877126932144 0.05098039284348488
4 0.13725490868091583 0.2607843279838562 0.04967320337891579 0.05098039284348488
2 0.2235294133424759 0.0797385647892952 0.013071895577013493 0.026143791154026985
3 0.22287581861019135 0.08627451211214066 0.0117647061124444 0.0235294122248888
3 0.26601308584213257 0.1352941244840622 0.016993464902043343 0.02222222276031971
2 0.26601308584213257 0.12418300658464432 0.014379085041582584 0.0313725508749485
1 0.25751635432243347 0.14509804546833038 0.013071895577013493 0.03660130873322487
2 0.22418300807476044 0.16601307690143585 0.016993464902043343 0.02875817008316517
10 0.22418300807476044 0.17450980842113495 0.014379085041582584 0.027450980618596077
2 0.23725490272045135 0.24052287638187408 0.016993464902043343 0.0313725508749485
3 0.23725490272045135 0.2535947859287262 0.016993464902043343 0.033986929804086685
5 0.32156863808631897 0.05424836650490761 0.03660130873322487 0.04313725605607033
2 0.3379085063934326 0.42549020051956177 0.02222222276031971 0.048366013914346695
10 0.3366013169288635 0.43660131096839905 0.02222222276031971 0.04444444552063942
4 0.20915032923221588 0.9679738283157349 0.13594771921634674 0.0640522837638855
2 0.3601307272911072 0.06078431382775307 0.009150327183306217 0.019607843831181526
4 0.4915032684803009 0.026143791154026985 0.03921568766236305 0.026143791154026985
1 0.5535947680473328 0.3019607961177826 0.016993464902043343 0.04967320337891579
1 0.42352941632270813 0.13071896135807037 0.013071895577013493 0.0313725508749485
3 0.4562091529369354 0.13725490868091583 0.0313725508749485 0.026143791154026985
1 0.4032679796218872 0.12287581712007523 0.006535947788506746 0.026143791154026985
10 0.40130719542503357 0.11568627506494522 0.018300654366612434 0.019607843831181526
2 0.41241830587387085 0.1196078434586525 0.0117647061124444 0.024836601689457893
3 0.43398693203926086 0.11503268033266068 0.010457516647875309 0.0235294122248888
1 0.4470588266849518 0.11633986979722977 0.007843137718737125 0.0313725508749485
1 0.4431372582912445 0.11045751720666885 0.007843137718737125 0.024836601689457893
1 0.4483660161495209 0.10718954354524612 0.007843137718737125 0.02875817008316517
2 0.6019607782363892 0.4130719006061554 0.02222222276031971 0.06013071909546852
3 0.6006535887718201 0.4261437952518463 0.024836601689457893 0.04967320337891579
