10 0.0009259259095415473 0.595370352268219 0.0018518518190830946 0.025925925001502037
1 0.02500000037252903 0.6111111044883728 0.018518518656492233 0.040740739554166794
1 0.05833333358168602 0.6736111044883728 0.02222222276031971 0.07500000298023224
1 0.025925925001502037 0.6736111044883728 0.018518518656492233 0.06759259104728699
1 0.012500000186264515 0.664814829826355 0.01944444514811039 0.06666667014360428
1 0.03611111268401146 0.6666666865348816 0.01666666753590107 0.06481481343507767
1 0.33472222089767456 0.710185170173645 0.02500000037252903 0.07037036865949631
2 0.1856481432914734 0.6912037134170532 0.01944444514811039 0.06018518656492233
2 0.15925925970077515 0.6958333253860474 0.029629629105329514 0.05648148059844971
1 0.28842592239379883 0.6416666507720947 0.021296296268701553 0.0555555559694767
1 0.07314814627170563 0.6231481432914734 0.01666666753590107 0.051851850003004074
1 0.0486111119389534 0.6175925731658936 0.017592592164874077 0.046296294778585434
1 0.043518517166376114 0.6087962985038757 0.014814814552664757 0.0416666679084301
1 0.10462962836027145 0.6185185313224792 0.014814814552664757 0.04814814776182175
1 0.07916666567325592 0.6129629611968994 0.017592592164874077 0.051851850003004074
1 0.07314814627170563 0.5842592716217041 0.01666666753590107 0.03333333507180214
1 0.9745370149612427 0.8527777791023254 0.05092592537403107 0.1518518477678299
1 0.6759259104728699 0.9467592835426331 0.05740740895271301 0.10648148506879807
1 0.7467592358589172 0.6935185194015503 0.028703704476356506 0.08703703433275223
1 0.7074074149131775 0.6893518567085266 0.03333333507180214 0.09907407313585281
1 0.5939815044403076 0.6162037253379822 0.015740741044282913 0.04722222313284874
1 0.6180555820465088 0.6050925850868225 0.013888888992369175 0.03981481492519379
1 0.6050925850868225 0.6537036895751953 0.017592592164874077 0.05370370298624039
1 0.5893518328666687 0.6555555462837219 0.015740741044282913 0.04814814776182175
1 0.49074074625968933 0.7162036895751953 0.02222222276031971 0.07500000298023224
1 0.4342592656612396 0.7060185074806213 0.024074073880910873 0.07129629701375961
4 0.519444465637207 0.6324074268341064 0.04814814776182175 0.04259259253740311
1 0.5013889074325562 0.6370370388031006 0.017592592164874077 0.05370370298624039
1 0.4842592477798462 0.6328703761100769 0.018518518656492233 0.06018518656492233
1 0.41898149251937866 0.6347222328186035 0.01944444514811039 0.05648148059844971
1 0.39027777314186096 0.6287037134170532 0.021296296268701553 0.06111111119389534
4 0.5842592716217041 0.6120370626449585 0.06111111119389534 0.04444444552063942
4 0.5217592716217041 0.5898148417472839 0.09351851791143417 0.035185184329748154
1 0.47453704476356506 0.5847222208976746 0.010185184888541698 0.037962961941957474
1 0.46203702688217163 0.585185170173645 0.011111111380159855 0.03703703731298447
10 0.46481481194496155 0.5912036895751953 0.040740739554166794 0.028703704476356506
1 0.4217592477798462 0.5888888835906982 0.010185184888541698 0.035185184329748154
1 0.4106481373310089 0.5944444537162781 0.013888888992369175 0.03333333507180214
1 0.3643518388271332 0.5768518447875977 0.013888888992369175 0.03333333507180214
1 0.3444444537162781 0.5782407522201538 0.012962962500751019 0.032407406717538834
1 0.33194443583488464 0.574999988079071 0.010185184888541698 0.03333333507180214
1 0.3236111104488373 0.5754629373550415 0.012037036940455437 0.03055555559694767
1 0.2935185134410858 0.5699074268341064 0.011111111380159855 0.032407406717538834
1 0.2787036895751953 0.5712962746620178 0.01666666753590107 0.031481482088565826
1 0.3787037134170532 0.5754629373550415 0.009259259328246117 0.034259259700775146
1 0.39120370149612427 0.5712962746620178 0.010185184888541698 0.02777777798473835
1 0.3888888955116272 0.5935184955596924 0.012962962500751019 0.03703703731298447
1 0.4356481432914734 0.5865740776062012 0.012037036940455437 0.034259259700775146
1 0.19953703880310059 0.5777778029441833 0.013888888992369175 0.03703703731298447
0 0.13564814627170563 0.5592592358589172 0.10648148506879807 0.06666667014360428
0 0.3282407522201538 0.5083333253860474 0.26759257912635803 0.09259258955717087
1 0.40648147463798523 0.5685185194015503 0.009259259328246117 0.01666666753590107
1 0.4166666567325592 0.5685185194015503 0.009259259328246117 0.014814814552664757
1 0.4296296238899231 0.5666666626930237 0.009259259328246117 0.01666666753590107
1 0.4402777850627899 0.5675926208496094 0.010185184888541698 0.018518518656492233
1 0.4481481611728668 0.5680555701255798 0.009259259328246117 0.015740741044282913
