4 0.6523148417472839 0.8050925731658936 0.08981481194496155 0.11759259551763535
4 0.980555534362793 0.6888889074325562 0.03888889029622078 0.07222222536802292
4 0.9657407402992249 0.5601851940155029 0.046296294778585434 0.04259259253740311
2 0.7731481194496155 0.7476851940155029 0.01666666753590107 0.02500000037252903
2 0.7782407402992249 0.7458333373069763 0.015740741044282913 0.03611111268401146
2 0.779629647731781 0.7384259104728699 0.018518518656492233 0.03981481492519379
10 0.7731481194496155 0.762499988079071 0.035185184329748154 0.037962961941957474
4 0.6199073791503906 0.6625000238418579 0.09351851791143417 0.05092592537403107
2 0.7407407164573669 0.6962962746620178 0.024074073880910873 0.035185184329748154
10 0.739814817905426 0.7120370268821716 0.025925925001502037 0.035185184329748154
2 0.7638888955116272 0.6291666626930237 0.020370369777083397 0.037962961941957474
10 0.7638888955116272 0.6402778029441833 0.02222222276031971 0.03611111268401146
1 0.9351851940155029 0.5416666865348816 0.012962962500751019 0.035185184329748154
2 0.7962962985038757 0.5393518805503845 0.011111111380159855 0.023148147389292717
8 0.7967592477798462 0.5333333611488342 0.026851851493120193 0.05370370298624039
4 0.7513889074325562 0.5333333611488342 0.037962961941957474 0.04814814776182175
4 0.7689814567565918 0.47592592239379883 0.03055555559694767 0.035185184329748154
1 0.8217592835426331 0.44583332538604736 0.008333333767950535 0.023148147389292717
4 0.792129635810852 0.4342592656612396 0.02500000037252903 0.020370369777083397
4 0.5129629373550415 0.720370352268219 0.06666667014360428 0.0833333358168602
4 0.8694444298744202 0.3958333432674408 0.024074073880910873 0.028703704476356506
2 0.9013888835906982 0.42916667461395264 0.012037036940455437 0.01944444514811039
2 0.9263888597488403 0.41203704476356506 0.006481481250375509 0.02222222276031971
1 0.8291666507720947 0.3550925850868225 0.010185184888541698 0.017592592164874077
1 0.8439815044403076 0.35462963581085205 0.008333333767950535 0.01666666753590107
5 0.8180555701255798 0.3291666805744171 0.015740741044282913 0.021296296268701553
5 0.8347222208976746 0.3194444477558136 0.015740741044282913 0.018518518656492233
4 0.8180555701255798 0.30601853132247925 0.015740741044282913 0.02500000037252903
4 0.8583333492279053 0.32870370149612427 0.01666666753590107 0.014814814552664757
1 0.8740741014480591 0.3314814865589142 0.007407407276332378 0.014814814552664757
1 0.8828703761100769 0.33009257912635803 0.004629629664123058 0.015740741044282913
1 0.8907407522201538 0.3305555582046509 0.0055555556900799274 0.018518518656492233
1 0.8939814567565918 0.3592592477798462 0.008333333767950535 0.01666666753590107
2 0.9069444537162781 0.3837963044643402 0.006481481250375509 0.017592592164874077
4 0.9097222089767456 0.3333333432674408 0.01944444514811039 0.020370369777083397
0 0.8736110925674438 0.2560185194015503 0.08611111342906952 0.11388888955116272
1 0.8217592835426331 0.41898149251937866 0.008333333767950535 0.02500000037252903
2 0.8342592716217041 0.39537036418914795 0.009259259328246117 0.02222222276031971
7 0.8337963223457336 0.4027777910232544 0.01944444514811039 0.03703703731298447
