4 0.03529411926865578 0.7326797246932983 0.07058823853731155 0.14509804546833038
2 0.4516339898109436 0.7222222089767456 0.03790849819779396 0.08235294371843338
10 0.44771242141723633 0.7411764860153198 0.04575163498520851 0.07581699639558792
4 0.9830065369606018 0.6143791079521179 0.033986929804086685 0.08627451211214066
4 0.5241830348968506 0.5509803891181946 0.11241830140352249 0.06928104907274246
4 0.09019608050584793 0.5248365998268127 0.17777778208255768 0.05882352963089943
1 0.3065359592437744 0.4718954265117645 0.019607843831181526 0.05751634016633034
1 0.15032680332660675 0.4660130739212036 0.018300654366612434 0.05882352963089943
1 0.08039215952157974 0.48496732115745544 0.019607843831181526 0.0313725508749485
1 0.06666667014360428 0.48496732115745544 0.018300654366612434 0.041830066591501236
4 0.7013071775436401 0.42810457944869995 0.07712418586015701 0.040522877126932144
4 0.9947712421417236 0.3986928164958954 0.010457516647875309 0.02875817008316517
4 0.9901960492134094 0.36993464827537537 0.019607843831181526 0.0313725508749485
10 0.357516348361969 0.42091503739356995 0.03006535954773426 0.026143791154026985
1 0.4176470637321472 0.4228758215904236 0.0117647061124444 0.019607843831181526
1 0.4398692846298218 0.4156862795352936 0.009150327183306217 0.03921568766236305
1 0.49673202633857727 0.4228758215904236 0.01568627543747425 0.03006535954773426
1 0.5065359473228455 0.39673203229904175 0.0117647061124444 0.040522877126932144
1 0.5183006525039673 0.3973856270313263 0.0117647061124444 0.03660130873322487
1 0.4830065369606018 0.38823530077934265 0.009150327183306217 0.0313725508749485
1 0.4960784316062927 0.37973856925964355 0.009150327183306217 0.027450980618596077
1 0.4830065369606018 0.37385621666908264 0.0117647061124444 0.026143791154026985
1 0.5477124452590942 0.3849673271179199 0.007843137718737125 0.03006535954773426
1 0.5424836874008179 0.38562092185020447 0.007843137718737125 0.033986929804086685
1 0.5346405506134033 0.3888888955116272 0.010457516647875309 0.03006535954773426
1 0.5228758454322815 0.3758170008659363 0.007843137718737125 0.024836601689457893
1 0.44379085302352905 0.3816993534564972 0.0117647061124444 0.0313725508749485
6 0.3620915114879608 0.36143791675567627 0.12287581712007523 0.0640522912144661
10 0.2921568751335144 0.39673203229904175 0.027450980618596077 0.016993464902043343
10 0.25294119119644165 0.41830065846443176 0.0117647061124444 0.026143791154026985
10 0.1980392187833786 0.3928104639053345 0.014379085041582584 0.027450980618596077
10 0.22418300807476044 0.393464058637619 0.009150327183306217 0.0235294122248888
10 0.26732027530670166 0.38823530077934265 0.009150327183306217 0.020915033295750618
10 0.239215686917305 0.3888888955116272 0.010457516647875309 0.019607843831181526
10 0.25294119119644165 0.39542484283447266 0.009150327183306217 0.019607843831181526
1 0.15751634538173676 0.393464058637619 0.014379085041582584 0.03660130873322487
1 0.12614379823207855 0.3921568691730499 0.014379085041582584 0.04444444552063942
6 0.0941176488995552 0.4117647111415863 0.062745101749897 0.09673202782869339
0 0.0 0.3764705955982208 0.0 0.06013071909546852
1 0.929411768913269 0.36143791675567627 0.010457516647875309 0.024836601689457893
