1 0.1483660191297531 0.5464052557945251 0.06666667014360428 0.125490203499794
1 0.21960784494876862 0.5176470875740051 0.05751634016633034 0.11241830140352249
4 0.23398692905902863 0.3490196168422699 0.2692810595035553 0.10457516461610794
4 0.2209150344133377 0.25294119119644165 0.1751634031534195 0.0797385647892952
2 0.6738561987876892 0.45098039507865906 0.03529411926865578 0.08104575425386429
10 0.6647058725357056 0.4843137264251709 0.0797385647892952 0.05359477177262306
4 0.8732026219367981 0.5156862735748291 0.21960784494876862 0.16601307690143585
4 0.09934640675783157 0.03006535954773426 0.06013071909546852 0.04444444552063942
4 0.14509804546833038 0.06862745434045792 0.06535948067903519 0.06143790856003761
4 0.13790850341320038 0.10718954354524612 0.07450980693101883 0.07581699639558792
4 0.2366013079881668 0.028104575350880623 0.0470588244497776 0.04575163498520851
4 0.2535947859287262 0.05424836650490761 0.06535948067903519 0.05098039284348488
4 0.2620915174484253 0.09869281202554703 0.0640522912144661 0.05882352963089943
4 0.41111111640930176 0.0712418332695961 0.056209150701761246 0.04575163498520851
4 0.41111111640930176 0.15424837172031403 0.07450980693101883 0.06797385960817337
4 0.5836601257324219 0.01503267977386713 0.048366013914346695 0.03006535954773426
1 0.6431372761726379 0.026143791154026985 0.01568627543747425 0.0470588244497776
1 0.6581699252128601 0.024183006957173347 0.014379085041582584 0.040522877126932144
8 0.7248365879058838 0.03464052453637123 0.03529411926865578 0.04575163498520851
4 0.7235293984413147 0.014379085041582584 0.056209150701761246 0.02875817008316517
0 0.913071870803833 0.03529411926865578 0.1267973929643631 0.06013071909546852
10 0.9888888597488403 0.05751634016633034 0.02222222276031971 0.02875817008316517
10 0.9973856210708618 0.05424836650490761 0.005228757858276367 0.027450980618596077
4 0.8156862854957581 0.05032679811120033 0.062745101749897 0.048366013914346695
4 0.8601307272911072 0.06535948067903519 0.08627451211214066 0.04444444552063942
4 0.9104574918746948 0.08235294371843338 0.10065359622240067 0.04967320337891579
4 0.9751634001731873 0.09477124363183975 0.04967320337891579 0.048366013914346695
4 0.9973856210708618 0.11176470667123795 0.005228757858276367 0.05098039284348488
