1 0.7901960611343384 0.6019607782363892 0.04575163498520851 0.12418300658464432
1 0.8045751452445984 0.33856210112571716 0.027450980618596077 0.0941176488995552
4 0.7281045913696289 0.33529412746429443 0.1281045824289322 0.11895424872636795
4 0.5947712659835815 0.27450981736183167 0.14901961386203766 0.08104575425386429
4 0.15294118225574493 0.47908496856689453 0.29542484879493713 0.15294118225574493
4 0.0640522912144661 0.32156863808631897 0.1281045824289322 0.125490203499794
1 0.1764705926179886 0.35098040103912354 0.03921568766236305 0.08496732264757156
10 0.19346405565738678 0.3660130798816681 0.07581699639558792 0.0470588244497776
10 0.2222222238779068 0.24901960790157318 0.07320261746644974 0.05098039284348488
2 0.2222222238779068 0.22614379227161407 0.0235294122248888 0.06535948067903519
2 0.4032679796218872 0.18431372940540314 0.02222222276031971 0.06535948067903519
2 0.4189542531967163 0.1895424872636795 0.019607843831181526 0.0470588244497776
10 0.40392157435417175 0.1967320293188095 0.05228758230805397 0.03006535954773426
5 0.5732026100158691 0.1882352977991104 0.13464052975177765 0.08627451211214066
4 0.8496732115745544 0.14444445073604584 0.10980392247438431 0.06666667014360428
4 0.3947712481021881 0.14052288234233856 0.1411764770746231 0.06666667014360428
4 0.10326797515153885 0.10326797515153885 0.13856209814548492 0.054901961237192154
4 0.22026143968105316 0.07908497005701065 0.10849673300981522 0.056209150701761246
0 0.10326797515153885 0.03267974033951759 0.2065359503030777 0.041830066591501236
4 0.08300653845071793 0.062745101749897 0.13464052975177765 0.041830066591501236
4 0.44771242141723633 0.033986929804086685 0.10065359622240067 0.04444444552063942
4 0.42941176891326904 0.016339870169758797 0.06928104907274246 0.03006535954773426
4 0.5222222208976746 0.0235294122248888 0.0797385647892952 0.03921568766236305
1 0.5816993713378906 0.01895424909889698 0.020915033295750618 0.03790849819779396
0 0.6457516551017761 0.01503267977386713 0.10457516461610794 0.03006535954773426
