1 0.9732025861740112 0.0797385647892952 0.0117647061124444 0.033986929804086685
2 0.743790864944458 0.09215686470270157 0.013071895577013493 0.02222222276031971
10 0.7450980544090271 0.1039215698838234 0.0235294122248888 0.014379085041582584
2 0.7588235139846802 0.2222222238779068 0.009150327183306217 0.01568627543747425
2 0.7588235139846802 0.22026143968105316 0.014379085041582584 0.03267974033951759
2 0.7516340017318726 0.2235294133424759 0.013071895577013493 0.0313725508749485
10 0.7594771385192871 0.24052287638187408 0.018300654366612434 0.0235294122248888
0 0.6464052200317383 0.01568627543747425 0.0797385647892952 0.026143791154026985
1 0.5745097994804382 0.10915032774209976 0.014379085041582584 0.03267974033951759
1 0.5418300628662109 0.17058824002742767 0.014379085041582584 0.03790849819779396
1 0.4797385632991791 0.3333333432674408 0.01568627543747425 0.05228758230805397
1 0.49084967374801636 0.32549020648002625 0.016993464902043343 0.0470588244497776
4 0.572549045085907 0.027450980618596077 0.03660130873322487 0.054901961237192154
4 0.6509804129600525 0.10196078568696976 0.0313725508749485 0.03921568766236305
4 0.5915032625198364 0.1653594821691513 0.040522877126932144 0.04575163498520851
4 0.6437908411026001 0.17973856627941132 0.040522877126932144 0.04313725605607033
4 0.6307189464569092 0.22287581861019135 0.04575163498520851 0.05098039284348488
4 0.6124182939529419 0.33529412746429443 0.048366013914346695 0.0640522912144661
4 0.5803921818733215 0.49346405267715454 0.07058823853731155 0.10326797515153885
4 0.47908496856689453 0.47908496856689453 0.06666667014360428 0.0954248383641243
2 0.843137264251709 0.5529412031173706 0.0235294122248888 0.03921568766236305
10 0.8398692607879639 0.5784313678741455 0.03267974033951759 0.03267974033951759
5 0.770588219165802 0.014379085041582584 0.024836601689457893 0.0235294122248888
4 0.770588219165802 0.0398692823946476 0.027450980618596077 0.027450980618596077
4 0.7941176295280457 0.1111111119389534 0.03790849819779396 0.03660130873322487
10 0.9888888597488403 0.6522876024246216 0.02222222276031971 0.033986929804086685
4 0.7222222089767456 0.7745097875595093 0.0797385647892952 0.13725490868091583
4 0.4614379107952118 0.7483659982681274 0.08366013318300247 0.16601307690143585
1 0.18888889253139496 0.8150326609611511 0.03006535954773426 0.07712418586015701
6 0.01895424909889698 0.8084967136383057 0.03790849819779396 0.2052287608385086
2 0.13071896135807037 0.47843137383461 0.0235294122248888 0.020915033295750618
2 0.13202615082263947 0.49673202633857727 0.026143791154026985 0.033986929804086685
1 0.2535947859287262 0.47908496856689453 0.0235294122248888 0.04575163498520851
2 0.22287581861019135 0.33137255907058716 0.019607843831181526 0.03267974033951759
