9 0.9728571176528931 0.699999988079071 0.05428571254014969 0.07238095253705978
9 0.9433333277702332 0.6833333373069763 0.1133333295583725 0.0657142847776413
9 0.7099999785423279 0.6361904740333557 0.09047619253396988 0.04380952566862106
4 0.9485714435577393 0.8319047689437866 0.10285714268684387 0.07333333045244217
4 0.5361904501914978 0.8628571629524231 0.11619047820568085 0.095238097012043
5 0.23095238208770752 0.6828571557998657 0.04095238074660301 0.051428571343421936
4 0.2314285784959793 0.6352381110191345 0.030476190149784088 0.02857142873108387
4 0.18000000715255737 0.6219047904014587 0.024761904031038284 0.02666666731238365
4 0.18238095939159393 0.6014285683631897 0.019999999552965164 0.019999999552965164
4 0.21619047224521637 0.5904762148857117 0.017142856493592262 0.020952381193637848
4 0.19190476834774017 0.5823809504508972 0.016190476715564728 0.016190476715564728
4 0.19523809850215912 0.5690476298332214 0.015238095074892044 0.010476190596818924
6 0.21619047224521637 0.5623809695243835 0.013333333656191826 0.016190476715564728
4 0.17714285850524902 0.5642856955528259 0.013333333656191826 0.012380952015519142
1 0.11190476268529892 0.6557142734527588 0.010476190596818924 0.025714285671710968
4 0.020476190373301506 0.7723809480667114 0.04095238074660301 0.051428571343421936
4 0.01904761977493763 0.746666669845581 0.03809523954987526 0.03999999910593033
4 0.02666666731238365 0.7257142663002014 0.0533333346247673 0.03619047626852989
4 0.032380953431129456 0.7133333086967468 0.06476190686225891 0.02857142873108387
4 0.04285714402794838 0.699999988079071 0.08571428805589676 0.02666666731238365
4 0.04380952566862106 0.6847618818283081 0.08761905133724213 0.030476190149784088
4 0.04523809626698494 0.6752380728721619 0.08857142925262451 0.020952381193637848
4 0.06333333253860474 0.6633333563804626 0.07904762029647827 0.02380952425301075
8 0.07476190477609634 0.6419047713279724 0.03142857179045677 0.024761904031038284
4 0.5233333110809326 0.6119047403335571 0.027619047090411186 0.018095238134264946
9 0.46238094568252563 0.6000000238418579 0.05999999865889549 0.03999999910593033
4 0.3795238137245178 0.5776190757751465 0.016190476715564728 0.014285714365541935
4 0.33047619462013245 0.558571457862854 0.009523809887468815 0.012380952015519142
