1 0.19543147087097168 0.46446701884269714 0.007614213041961193 0.017766498029232025
1 0.204314723610878 0.4631979763507843 0.010152284055948257 0.017766498029232025
4 0.7227157354354858 0.4549492299556732 0.02157360315322876 0.039340101182460785
1 0.7328680157661438 0.2722081243991852 0.006345177534967661 0.01649746112525463
1 0.7836294174194336 0.4295685291290283 0.006345177534967661 0.013959391042590141
4 0.8959391117095947 0.04695431515574455 0.027918782085180283 0.010152284055948257
0 0.4467005133628845 0.15164974331855774 0.015228426083922386 0.011421320028603077
2 0.7341370582580566 0.3953045606613159 0.0038071065209805965 0.011421320028603077
10 0.7341370582580566 0.4041878283023834 0.008883249014616013 0.013959391042590141
3 0.750634491443634 0.40799492597579956 0.0038071065209805965 0.01649746112525463
3 0.7563451528549194 0.40799492597579956 0.007614213041961193 0.01649746112525463
1 0.19670051336288452 0.9670050740242004 0.015228426083922386 0.017766498029232025
