9 0.3953045606613159 0.05076142027974129 0.04949238523840904 0.10152284055948257
1 0.6307106614112854 0.10152284055948257 0.012690355069935322 0.027918782085180283
1 0.3185279071331024 0.4060913622379303 0.012690355069935322 0.017766498029232025
1 0.31979694962501526 0.41941624879837036 0.010152284055948257 0.0241116750985384
1 0.30837562680244446 0.4460659921169281 0.015228426083922386 0.026649747043848038
1 0.3013959527015686 0.4295685291290283 0.01649746112525463 0.026649747043848038
1 0.3064720928668976 0.41307106614112854 0.01649746112525463 0.0241116750985384
1 0.31154823303222656 0.4517766535282135 0.01649746112525463 0.022842640057206154
1 0.14720812439918518 0.38832488656044006 0.020304568111896515 0.030456852167844772
1 0.13705584406852722 0.6668781638145447 0.025380710139870644 0.026649747043848038
1 0.12880711257457733 0.3546954393386841 0.01903553307056427 0.03172588720917702
1 0.1928934007883072 0.6129441857337952 0.020304568111896515 0.030456852167844772
2 0.06852792203426361 0.43274110555648804 0.012690355069935322 0.015228426083922386
2 0.12373096495866776 0.45304569602012634 0.01649746112525463 0.015228426083922386
2 0.12309644371271133 0.47335025668144226 0.015228426083922386 0.020304568111896515
2 0.1395939141511917 0.4752538204193115 0.012690355069935322 0.013959391042590141
2 0.08121827244758606 0.4282994866371155 0.012690355069935322 0.01649746112525463
2 0.05076142027974129 0.40164974331855774 0.012690355069935322 0.01649746112525463
2 0.052664972841739655 0.42449238896369934 0.013959391042590141 0.01903553307056427
2 0.013324873521924019 0.6364213228225708 0.02157360315322876 0.01903553307056427
2 0.11104060709476471 0.5196700692176819 0.0241116750985384 0.013959391042590141
2 0.1135786771774292 0.5304568409919739 0.01903553307056427 0.017766498029232025
1 0.1732233464717865 0.7982233762741089 0.026649747043848038 0.025380710139870644
2 0.9625634551048279 0.3972081243991852 0.011421320028603077 0.015228426083922386
