5 0.04220779240131378 0.3209647536277771 0.05658626928925514 0.05009276419878006
1 0.01762523129582405 0.2124304324388504 0.012987012974917889 0.022263450548052788
1 0.031076066195964813 0.22634507715702057 0.010204081423580647 0.022263450548052788
1 0.04684600979089737 0.20825603604316711 0.010204081423580647 0.02133580669760704
1 0.0352504625916481 0.2124304324388504 0.011131725274026394 0.022263450548052788
5 0.08441558480262756 0.1461038887500763 0.04267161339521408 0.034322820603847504
6 0.027829313650727272 0.10250464081764221 0.055658627301454544 0.05473098158836365
4 0.2912801504135132 0.2541744112968445 0.05380333960056305 0.040816325694322586
4 0.33673468232154846 0.06771799921989441 0.040816325694322586 0.03153988718986511
4 0.6261595487594604 0.1822820007801056 0.048237476497888565 0.03988868370652199
5 0.6892393231391907 0.15398886799812317 0.0371057502925396 0.027829313650727272
1 0.8293135166168213 0.5885899662971497 0.014842300675809383 0.026901669800281525
3 0.8923933506011963 0.5602968335151672 0.03153988718986511 0.024118738248944283
2 0.8974953889846802 0.5556586384773254 0.015769943594932556 0.024118738248944283
6 0.7513914704322815 0.48051947355270386 0.1057513877749443 0.08163265138864517
5 0.6702226400375366 0.44758811593055725 0.06771799921989441 0.04916512221097946
5 0.5890538096427917 0.40630796551704407 0.06493506580591202 0.048237476497888565
4 0.5269016623497009 0.37615954875946045 0.06493506580591202 0.04545454680919647
1 0.4007421135902405 0.5496289134025574 0.0092764375731349 0.023191094398498535
1 0.3923933207988739 0.5435992479324341 0.007421150337904692 0.027829313650727272
2 0.7564935088157654 0.12105751037597656 0.03246753290295601 0.02133580669760704
2 0.5783858895301819 0.8910018801689148 0.02133580669760704 0.023191094398498535
