4 0.17449238896369934 0.6008883118629456 0.06472080945968628 0.04695431515574455
9 0.08312182873487473 0.8236040472984314 0.16370558738708496 0.05076142027974129
4 0.836294412612915 0.46129441261291504 0.04568528011441231 0.07487309724092484
4 0.8940355181694031 0.4175126850605011 0.04949238523840904 0.07360406219959259
5 0.942258894443512 0.5069797039031982 0.039340101182460785 0.06472080945968628
4 0.8451776504516602 0.8451776504516602 0.05076142027974129 0.09137056022882462
6 0.913705587387085 0.7931472063064575 0.06345177441835403 0.12436547875404358
9 0.9758883118629456 0.5685279369354248 0.0482233501970768 0.14720812439918518
4 0.9974619150161743 0.3236040472984314 0.005076142027974129 0.06598984450101852
4 0.8020304441452026 0.08185279369354248 0.04568528011441231 0.05203045532107353
