4 0.22271573543548584 0.6706852912902832 0.04441624507308006 0.06218273937702179
1 0.11421319842338562 0.4936548173427582 0.012690355069935322 0.025380710139870644
1 0.20939086377620697 0.40736040472984314 0.015228426083922386 0.03299492225050926
2 0.25190356373786926 0.4054568409919739 0.011421320028603077 0.01649746112525463
2 0.24048224091529846 0.403553307056427 0.008883249014616013 0.015228426083922386
2 0.22335025668144226 0.3997461795806885 0.010152284055948257 0.022842640057206154
2 0.18908628821372986 0.39593908190727234 0.020304568111896515 0.022842640057206154
2 0.17512691020965576 0.3921319842338562 0.012690355069935322 0.022842640057206154
2 0.15545685589313507 0.38832488656044006 0.011421320028603077 0.020304568111896515
2 0.14149746298789978 0.3857868015766144 0.01649746112525463 0.022842640057206154
2 0.21129441261291504 0.39911168813705444 0.011421320028603077 0.01649746112525463
1 0.23096446692943573 0.3940355181694031 0.007614213041961193 0.01903553307056427
1 0.08121827244758606 0.2645938992500305 0.007614213041961193 0.02157360315322876
1 0.1503807157278061 0.2760152220726013 0.008883249014616013 0.01903553307056427
1 0.29631978273391724 0.2525380849838257 0.008883249014616013 0.027918782085180283
2 0.3635786771774292 0.3978426456451416 0.029187817126512527 0.01903553307056427
1 0.5748730897903442 0.2988578677177429 0.005076142027974129 0.0241116750985384
1 0.8439086079597473 0.0850253775715828 0.007614213041961193 0.017766498029232025
1 0.654187798500061 0.8045685291290283 0.01649746112525463 0.03807106614112854
1 0.6865482330322266 0.874365508556366 0.025380710139870644 0.030456852167844772
1 0.7753807306289673 0.9549492597579956 0.017766498029232025 0.0241116750985384
1 0.789340078830719 0.9390863180160522 0.015228426083922386 0.022842640057206154
