1 0.5634517669677734 0.0596446692943573 0.005076142027974129 0.012690355069935322
4 0.3521573543548584 0.3375634551048279 0.0241116750985384 0.055837564170360565
1 0.4340101480484009 0.3642131984233856 0.007614213041961193 0.017766498029232025
1 0.6313451528549194 0.5336294174194336 0.011421320028603077 0.013959391042590141
1 0.5088832378387451 0.5038071274757385 0.007614213041961193 0.010152284055948257
4 0.43908628821372986 0.5368020534515381 0.055837564170360565 0.05076142027974129
1 0.30203044414520264 0.4314720928668976 0.005076142027974129 0.015228426083922386
1 0.2893401086330414 0.43591371178627014 0.010152284055948257 0.011421320028603077
1 0.24555838108062744 0.4543147087097168 0.006345177534967661 0.015228426083922386
1 0.2411167472600937 0.4936548173427582 0.007614213041961193 0.015228426083922386
1 0.2525380849838257 0.5038071274757385 0.005076142027974129 0.015228426083922386
1 0.26840102672576904 0.5120558142662048 0.008883249014616013 0.013959391042590141
1 0.25761422514915466 0.47335025668144226 0.007614213041961193 0.015228426083922386
1 0.27093908190727234 0.5361675024032593 0.006345177534967661 0.008883249014616013
1 0.2614213228225708 0.5361675024032593 0.007614213041961193 0.013959391042590141
5 0.07868020236492157 0.4657360315322876 0.055837564170360565 0.060913704335689545
4 0.3350253701210022 0.6269035339355469 0.06598984450101852 0.03299492225050926
4 0.3013959527015686 0.6630710363388062 0.06472080945968628 0.034263961017131805
4 0.32487308979034424 0.7093908786773682 0.055837564170360565 0.03299492225050926
4 0.49302029609680176 0.7430202960968018 0.06725887954235077 0.039340101182460785
1 0.6802030205726624 0.8610405921936035 0.007614213041961193 0.011421320028603077
