4 0.02220812253654003 0.3667512834072113 0.036802031099796295 0.06852792203426361
4 0.07804568856954575 0.2874365448951721 0.041878171265125275 0.06979695707559586
4 0.012690355069935322 0.20939086377620697 0.025380710139870644 0.06345177441835403
4 0.1503807157278061 0.2753807008266449 0.039340101182460785 0.07360406219959259
4 0.12246192991733551 0.10723350197076797 0.026649747043848038 0.05456852912902832
4 0.4568527936935425 0.7836294174194336 0.07614213228225708 0.09517766535282135
4 0.14911167323589325 0.7671319842338562 0.06218273937702179 0.09517766535282135
4 0.033629439771175385 0.9346446990966797 0.06725887954235077 0.11040609329938889
5 0.8864213228225708 0.9124365448951721 0.10532994568347931 0.08375634253025055
1 0.836294412612915 0.4340101480484009 0.020304568111896515 0.027918782085180283
1 0.6357868313789368 0.2804568409919739 0.015228426083922386 0.027918782085180283
