2 0.2204761952161789 0.3214285671710968 0.008571428246796131 0.018095238134264946
10 0.22190475463867188 0.3271428644657135 0.01904761977493763 0.019999999552965164
1 0.17523810267448425 0.35333332419395447 0.009523809887468815 0.015238095074892044
1 0.201904758810997 0.35428571701049805 0.015238095074892044 0.01904761977493763
8 0.18904761970043182 0.3561904728412628 0.02380952425301075 0.03619047626852989
5 0.284761905670166 0.49000000953674316 0.04380952566862106 0.03523809462785721
4 0.2695237994194031 0.5628571510314941 0.03619047626852989 0.07047618925571442
0 0.21238094568252563 0.668571412563324 0.013333333656191826 0.02857142873108387
0 0.23714286088943481 0.6700000166893005 0.013333333656191826 0.039047617465257645
10 0.2785714268684387 0.6690475940704346 0.03142857179045677 0.014285714365541935
10 0.1842857152223587 0.677142858505249 0.016190476715564728 0.03619047626852989
10 0.19428572058677673 0.723809540271759 0.015238095074892044 0.03809523954987526
10 0.20571428537368774 0.7976190447807312 0.034285712987184525 0.018095238134264946
10 0.19142857193946838 0.8819047808647156 0.017142856493592262 0.04571428522467613
8 0.2842857241630554 0.689047634601593 0.06190476194024086 0.039047617465257645
5 0.29523810744285583 0.7661904692649841 0.034285712987184525 0.07523809373378754
4 0.29571428894996643 0.8709523677825928 0.04476190358400345 0.10761904716491699
10 0.28238093852996826 0.9700000286102295 0.029523810371756554 0.03523809462785721
10 0.5952380895614624 0.9233333468437195 0.041904762387275696 0.012380952015519142
10 0.6680952310562134 0.9085714221000671 0.04857143014669418 0.015238095074892044
10 0.7161904573440552 0.961904764175415 0.04571428522467613 0.02666666731238365
10 0.8019047379493713 0.9452381134033203 0.0476190485060215 0.019999999552965164
10 0.8652380704879761 0.9266666769981384 0.05238095298409462 0.01904761977493763
4 0.965238094329834 0.9452381134033203 0.06952381134033203 0.08095238357782364
4 0.996666669845581 0.7566666603088379 0.006666666362434626 0.10380952060222626
4 0.9742857217788696 0.7780952453613281 0.051428571343421936 0.1009523794054985
4 0.9376190304756165 0.7919047474861145 0.06952381134033203 0.10000000149011612
10 0.9961904883384705 0.6504762172698975 0.007619047537446022 0.032380953431129456
0 0.9885714054107666 0.6561904549598694 0.022857142612338066 0.02857142873108387
0 0.23904761672019958 0.47333332896232605 0.013333333656191826 0.03619047626852989
