2 0.046666666865348816 0.9633333086967468 0.0895238071680069 0.05238095298409462
1 0.03142857179045677 0.8528571724891663 0.060952380299568176 0.04476190358400345
2 0.0595238097012043 0.7638095021247864 0.05238095298409462 0.041904762387275696
1 0.09190475940704346 0.7857142686843872 0.0714285746216774 0.0533333346247673
1 0.25238096714019775 0.8328571319580078 0.05904762074351311 0.046666666865348816
1 0.2928571403026581 0.6476190686225891 0.03523809462785721 0.05714285746216774
2 0.6499999761581421 0.7895237803459167 0.04476190358400345 0.06476190686225891
1 0.5652381181716919 0.7423809766769409 0.03333333507180214 0.058095239102840424
1 0.5233333110809326 0.760952353477478 0.029523810371756554 0.06857142597436905
7 0.6190476417541504 0.7771428823471069 0.06857142597436905 0.12761904299259186
6 0.45428571105003357 0.6271428465843201 0.11238095164299011 0.2257142812013626
4 0.2919047474861145 0.523809552192688 0.09809523820877075 0.13523809611797333
3 0.3400000035762787 0.41952380537986755 0.05523809418082237 0.039047617465257645
4 0.618571400642395 0.5709523558616638 0.08285713940858841 0.15714286267757416
10 0.369523823261261 0.26428571343421936 0.01904761977493763 0.03523809462785721
10 0.3947618901729584 0.2666666805744171 0.025714285671710968 0.030476190149784088
2 0.4828571379184723 0.32952380180358887 0.015238095074892044 0.030476190149784088
1 0.49190476536750793 0.33714285492897034 0.02380952425301075 0.05904762074351311
1 0.4714285731315613 0.33047619462013245 0.015238095074892044 0.03809523954987526
4 0.6014285683631897 0.4266666769981384 0.06190476194024086 0.12952381372451782
5 0.5971428751945496 0.3104761838912964 0.05714285746216774 0.1066666692495346
10 0.41238096356391907 0.1847619116306305 0.032380953431129456 0.02666666731238365
4 0.5861904621124268 0.22761905193328857 0.05047618970274925 0.06285714358091354
4 0.584761917591095 0.16476190090179443 0.0476190485060215 0.05523809418082237
4 0.5852380990982056 0.11619047820568085 0.04095238074660301 0.0533333346247673
4 0.4523809552192688 0.04285714402794838 0.03999999910593033 0.0533333346247673
4 0.5319047570228577 0.11619047820568085 0.04095238074660301 0.0476190485060215
5 0.5357142686843872 0.0652380958199501 0.037142857909202576 0.046666666865348816
4 0.5361904501914978 0.01904761977493763 0.032380953431129456 0.03619047626852989
4 0.5757142901420593 0.013809523545205593 0.03333333507180214 0.027619047090411186
4 0.5771428346633911 0.04095238074660301 0.032380953431129456 0.03999999910593033
1 0.7947618961334229 0.1542857140302658 0.016190476715564728 0.041904762387275696
4 0.6933333277702332 0.06952381134033203 0.041904762387275696 0.04952380806207657
4 0.7061904668807983 0.11809524148702621 0.04857143014669418 0.051428571343421936
4 0.7428571581840515 0.23523809015750885 0.060952380299568176 0.07238095253705978
4 0.7280952334403992 0.1666666716337204 0.05238095298409462 0.06666667014360428
5 0.8390476107597351 0.3161904811859131 0.07809523493051529 0.11238095164299011
4 0.772857129573822 0.3142857253551483 0.06952381134033203 0.08380952477455139
1 0.7133333086967468 0.346190482378006 0.020952381193637848 0.05238095298409462
3 0.739047646522522 0.35380953550338745 0.01904761977493763 0.05047618970274925
1 0.7338095307350159 0.3466666638851166 0.02380952425301075 0.05714285746216774
1 0.8519047498703003 0.23619048297405243 0.018095238134264946 0.0476190485060215
1 0.8876190185546875 0.2690476179122925 0.01904761977493763 0.056190475821495056
1 0.9190475940704346 0.2790476083755493 0.013333333656191826 0.04571428522467613
10 0.9638095498085022 0.3766666650772095 0.024761904031038284 0.05047618970274925
1 0.7647619247436523 0.051428571343421936 0.017142856493592262 0.03619047626852989
10 0.8304761648178101 0.08047618716955185 0.03619047626852989 0.029523810371756554
1 0.9599999785423279 0.4290476143360138 0.022857142612338066 0.05047618970274925
1 0.9361904859542847 0.4461904764175415 0.030476190149784088 0.058095239102840424
4 0.8014285564422607 0.42047619819641113 0.08095238357782364 0.10952381044626236
4 0.8371428847312927 0.5557143092155457 0.10857142508029938 0.1609523743391037
1 0.9090476036071777 0.6209523677825928 0.03333333507180214 0.04571428522467613
1 0.9395238161087036 0.6795238256454468 0.02380952425301075 0.058095239102840424
2 0.9180952310562134 0.6514285802841187 0.04571428522467613 0.051428571343421936
2 0.9847618937492371 0.7157142758369446 0.030476190149784088 0.046666666865348816
1 0.9628571271896362 0.758571445941925 0.03619047626852989 0.0657142847776413
1 0.9252380728721619 0.7442857027053833 0.03142857179045677 0.06190476194024086
10 0.8638095259666443 0.6990476250648499 0.041904762387275696 0.07619047909975052
4 0.9585714340209961 0.5952380895614624 0.08285713940858841 0.16571427881717682
10 0.8771428465843201 0.14095237851142883 0.03619047626852989 0.02857142873108387
