1 0.1421319842338562 0.7303299307823181 0.017766498029232025 0.01903553307056427
1 0.1700507551431656 0.7246192693710327 0.022842640057206154 0.020304568111896515
1 0.14403553307056427 0.7709391117095947 0.026649747043848038 0.01649746112525463
1 0.11484771221876144 0.7874365448951721 0.0241116750985384 0.013959391042590141
1 0.0241116750985384 0.8388324975967407 0.020304568111896515 0.015228426083922386
1 0.07931472361087799 0.8426395654678345 0.01649746112525463 0.015228426083922386
1 0.04949238523840904 0.8470812439918518 0.022842640057206154 0.01649746112525463
1 0.07868020236492157 0.7747461795806885 0.025380710139870644 0.01649746112525463
1 0.05774111673235893 0.7823604345321655 0.01903553307056427 0.01649746112525463
1 0.11230964213609695 0.8090101480484009 0.02157360315322876 0.013959391042590141
1 0.06472080945968628 0.8052030205726624 0.025380710139870644 0.011421320028603077
1 0.09581217914819717 0.8312183022499084 0.026649747043848038 0.015228426083922386
1 0.06218273937702179 0.8388324975967407 0.020304568111896515 0.012690355069935322
1 0.3914974629878998 0.4517766535282135 0.01903553307056427 0.020304568111896515
1 0.5996192693710327 0.2157360464334488 0.013959391042590141 0.027918782085180283
1 0.5881979465484619 0.2049492448568344 0.01649746112525463 0.029187817126512527
