4 0.3724619150161743 0.8788071274757385 0.036802031099796295 0.04695431515574455
4 0.5406091213226318 0.9289340376853943 0.03553299605846405 0.05076142027974129
4 0.5431472063064575 0.6732233762741089 0.03299492225050926 0.04695431515574455
4 0.5697969794273376 0.4854061007499695 0.03299492225050926 0.04949238523840904
4 0.1763959378004074 0.8965736031532288 0.03807106614112854 0.03172588720917702
4 0.22335025668144226 0.6776649951934814 0.04314720630645752 0.03553299605846405
4 0.23794415593147278 0.6624365448951721 0.039340101182460785 0.03553299605846405
4 0.5932741165161133 0.37119290232658386 0.029187817126512527 0.04441624507308006
4 0.2696700394153595 0.9892131686210632 0.026649747043848038 0.01903553307056427
5 0.6624365448951721 0.6383248567581177 0.027918782085180283 0.04568528011441231
5 0.46129441261291504 0.6814720630645752 0.036802031099796295 0.04568528011441231
5 0.2918781638145447 0.6414974331855774 0.04568528011441231 0.036802031099796295
5 0.21192893385887146 0.5133248567581177 0.030456852167844772 0.04441624507308006
5 0.10977157205343246 0.5564720630645752 0.0596446692943573 0.039340101182460785
5 0.12246192991733551 0.5323604345321655 0.07233502715826035 0.039340101182460785
5 0.047588832676410675 0.6878172755241394 0.06218273937702179 0.04060913622379303
5 0.028553299605846405 0.7068527936935425 0.04695431515574455 0.03553299605846405
5 0.13197968900203705 0.9435279369354248 0.04314720630645752 0.036802031099796295
5 0.15228426456451416 0.9162436723709106 0.04314720630645752 0.04060913622379303
10 0.13578680157661438 0.9796954393386841 0.025380710139870644 0.020304568111896515
10 0.12944161891937256 0.9911167621612549 0.022842640057206154 0.015228426083922386
6 0.4752538204193115 0.721446692943573 0.05710659921169281 0.07233502715826035
5 0.8248730897903442 0.3546954393386841 0.025380710139870644 0.05203045532107353
4 0.6173858046531677 0.28553298115730286 0.029187817126512527 0.0482233501970768
9 0.6338832378387451 0.15101522207260132 0.0241116750985384 0.06852792203426361
4 0.8197969794273376 0.013959391042590141 0.020304568111896515 0.027918782085180283
1 0.346446692943573 0.731598973274231 0.007614213041961193 0.011421320028603077
1 0.3407360315322876 0.7335025668144226 0.011421320028603077 0.012690355069935322
