4 0.9081632494926453 0.771799623966217 0.051948051899671555 0.08719851821660995
4 0.9141929745674133 0.3919295072555542 0.034322820603847504 0.04545454680919647
4 0.44758811593055725 0.20871984958648682 0.05287569388747215 0.022263450548052788
4 0.11688311398029327 0.5477736592292786 0.08348794281482697 0.05287569388747215
4 0.1405380368232727 0.5231910943984985 0.07884972542524338 0.048237476497888565
4 0.16651205718517303 0.497217059135437 0.08070500940084457 0.04267161339521408
4 0.2462894320487976 0.41233766078948975 0.07513915002346039 0.03803339600563049
4 0.2857142984867096 0.37755101919174194 0.06864564120769501 0.0352504625916481
4 0.3246753215789795 0.33766233921051025 0.059369202703237534 0.04267161339521408
4 0.34137290716171265 0.3126159608364105 0.059369202703237534 0.03339517489075661
5 0.9137291312217712 0.6873840689659119 0.05380333960056305 0.0742115005850792
4 0.26437848806381226 0.527365505695343 0.055658627301454544 0.06029684469103813
4 0.04267161339521408 0.6975881457328796 0.07792207598686218 0.0742115005850792
4 0.8998144865036011 0.9095547199249268 0.06307977437973022 0.11966604739427567
5 0.907699465751648 0.97541743516922 0.04916512221097946 0.04730983451008797
7 0.893784761428833 0.6229128241539001 0.023191094398498535 0.04359925910830498
10 0.8956400752067566 0.5097402334213257 0.01762523129582405 0.030612245202064514
4 0.8919295072555542 0.3242115080356598 0.06029684469103813 0.04359925910830498
0 0.9039888978004456 0.4568645656108856 0.02875695750117302 0.03988868370652199
2 0.44480520486831665 0.3130797743797302 0.013914656825363636 0.015769943594932556
4 0.40769943594932556 0.09090909361839294 0.02133580669760704 0.020408162847161293
