4 0.6516497731208801 0.4092639684677124 0.04949238523840904 0.026649747043848038
4 0.700507640838623 0.43337562680244446 0.05076142027974129 0.026649747043848038
4 0.7639594078063965 0.4631979763507843 0.04568528011441231 0.027918782085180283
4 0.5266497731208801 0.3521573543548584 0.04060913622379303 0.02157360315322876
4 0.4885786771774292 0.3331218361854553 0.03299492225050926 0.02157360315322876
4 0.4549492299556732 0.3185279071331024 0.036802031099796295 0.020304568111896515
4 0.3946700394153595 0.2874365448951721 0.027918782085180283 0.01649746112525463
4 0.30774110555648804 0.24619288742542267 0.026649747043848038 0.015228426083922386
4 0.08312182873487473 0.2296954244375229 0.02157360315322876 0.015228426083922386
4 0.23921319842338562 0.21256345510482788 0.0241116750985384 0.013959391042590141
0 0.5977157354354858 0.346446692943573 0.04314720630645752 0.017766498029232025
1 0.6713197827339172 0.341370552778244 0.007614213041961193 0.015228426083922386
4 0.38769036531448364 0.3102791905403137 0.026649747043848038 0.01903553307056427
0 0.36738577485084534 0.28553298115730286 0.01903553307056427 0.022842640057206154
0 0.5951776504516602 0.3972081243991852 0.04060913622379303 0.020304568111896515
