4 0.0031725887674838305 0.2664974629878998 0.006345177534967661 0.012690355069935322
5 0.006345177534967661 0.2982233464717865 0.012690355069935322 0.027918782085180283
9 0.028553299605846405 0.2918781638145447 0.02157360315322876 0.04568528011441231
4 0.0057106600143015385 0.4543147087097168 0.011421320028603077 0.025380710139870644
4 0.15482233464717865 0.7766497731208801 0.03299492225050926 0.06345177441835403
1 0.1421319842338562 0.2988578677177429 0.005076142027974129 0.013959391042590141
9 0.17131979763507843 0.3667512834072113 0.07360406219959259 0.04314720630645752
9 0.17829948663711548 0.3546954393386841 0.06218273937702179 0.026649747043848038
9 0.11421319842338562 0.5171319842338562 0.04568528011441231 0.05710659921169281
4 0.21065989136695862 0.4600253701210022 0.030456852167844772 0.0241116750985384
4 0.21763959527015686 0.5761421322822571 0.03172588720917702 0.03553299605846405
5 0.2950507700443268 0.5063451528549194 0.03172588720917702 0.04314720630645752
9 0.27664974331855774 0.4682741165161133 0.04060913622379303 0.0482233501970768
4 0.29441624879837036 0.3864213228225708 0.027918782085180283 0.01903553307056427
4 0.34517765045166016 0.34263959527015686 0.025380710139870644 0.012690355069935322
4 0.38769036531448364 0.3178934156894684 0.026649747043848038 0.01903553307056427
4 0.41053298115730286 0.2810913622379303 0.026649747043848038 0.01649746112525463
2 0.5088832378387451 0.2868020236492157 0.005076142027974129 0.010152284055948257
10 0.5076141953468323 0.28870558738708496 0.010152284055948257 0.01903553307056427
4 0.5266497731208801 0.22652284801006317 0.017766498029232025 0.011421320028603077
9 0.5336294174194336 0.19416244328022003 0.039340101182460785 0.04060913622379303
4 0.6192893385887146 0.1871827393770218 0.022842640057206154 0.013959391042590141
5 0.5545685291290283 0.278553307056427 0.03807106614112854 0.02157360315322876
4 0.5329949259757996 0.3178934156894684 0.03299492225050926 0.013959391042590141
4 0.4625634551048279 0.4181472063064575 0.026649747043848038 0.01903553307056427
5 0.4708121716976166 0.4314720928668976 0.025380710139870644 0.025380710139870644
5 0.4492385685443878 0.44987308979034424 0.030456852167844772 0.0241116750985384
4 0.40164974331855774 0.4917512834072113 0.03172588720917702 0.0241116750985384
4 0.3756345212459564 0.5158629417419434 0.03299492225050926 0.02157360315322876
4 0.3527918756008148 0.5355330109596252 0.03807106614112854 0.022842640057206154
5 0.3546954393386841 0.5913705825805664 0.05710659921169281 0.055837564170360565
9 0.43020305037498474 0.5850253701210022 0.07868020236492157 0.08375634253025055
9 0.40482234954833984 0.5437816977500916 0.060913704335689545 0.07487309724092484
9 0.4543147087097168 0.4968274235725403 0.060913704335689545 0.06472080945968628
9 0.4942893385887146 0.4568527936935425 0.0596446692943573 0.060913704335689545
9 0.538705587387085 0.4200507700443268 0.05203045532107353 0.058375634253025055
6 0.7703045606613159 0.8381979465484619 0.06345177441835403 0.10025380551815033
6 0.8635786771774292 0.75 0.05456852912902832 0.08121827244758606
6 0.8191624283790588 0.7360405921936035 0.05710659921169281 0.09137056022882462
4 0.8420050740242004 0.6998730897903442 0.029187817126512527 0.036802031099796295
6 0.7379441857337952 0.7119289636611938 0.0596446692943573 0.08629441261291504
6 0.7036802172660828 0.6941624283790588 0.06218273937702179 0.0939086303114891
6 0.6288071274757385 0.6738578677177429 0.05456852912902832 0.07360406219959259
6 0.5907360315322876 0.6675127148628235 0.05456852912902832 0.07614213228225708
6 0.5507614016532898 0.6573604345321655 0.04568528011441231 0.06852792203426361
6 0.5164974331855774 0.6510152220726013 0.04314720630645752 0.05076142027974129
4 0.5640863180160522 0.5843908786773682 0.0596446692943573 0.03172588720917702
4 0.5774111747741699 0.5717005133628845 0.0482233501970768 0.02157360315322876
5 0.6472080945968628 0.5088832378387451 0.027918782085180283 0.020304568111896515
5 0.6453045606613159 0.5304568409919739 0.02157360315322876 0.030456852167844772
4 0.6161167621612549 0.5266497731208801 0.0241116750985384 0.025380710139870644
4 0.6713197827339172 0.5355330109596252 0.020304568111896515 0.025380710139870644
5 0.7385786771774292 0.6085025668144226 0.06345177441835403 0.036802031099796295
4 0.6859136819839478 0.5837563276290894 0.0596446692943573 0.030456852167844772
4 0.6998730897903442 0.5444162487983704 0.02157360315322876 0.030456852167844772
4 0.731598973274231 0.5507614016532898 0.02157360315322876 0.030456852167844772
4 0.7563451528549194 0.557106614112854 0.020304568111896515 0.030456852167844772
4 0.7880710363388062 0.5596446990966797 0.020304568111896515 0.030456852167844772
4 0.8229695558547974 0.5666243433952332 0.02157360315322876 0.034263961017131805
5 0.7189086079597473 0.5241116881370544 0.029187817126512527 0.025380710139870644
5 0.9365482330322266 0.643401026725769 0.06598984450101852 0.03807106614112854
5 0.942893385887146 0.6307106614112854 0.06598984450101852 0.03807106614112854
5 0.8775380849838257 0.6091370582580566 0.06472080945968628 0.030456852167844772
5 0.8800761699676514 0.5951776504516602 0.06472080945968628 0.030456852167844772
4 0.9486040472984314 0.6015228629112244 0.06218273937702179 0.03299492225050926
4 0.953045666217804 0.5805837512016296 0.060913704335689545 0.029187817126512527
4 0.924492359161377 0.5621827244758606 0.0596446692943573 0.025380710139870644
4 0.8889594078063965 0.5710659623146057 0.05203045532107353 0.025380710139870644
6 0.8946700692176819 0.5190355181694031 0.09898477047681808 0.053299494087696075
6 0.9098984599113464 0.49555838108062744 0.08375634253025055 0.039340101182460785
6 0.921954333782196 0.47271573543548584 0.10279187560081482 0.04949238523840904
6 0.9409898519515991 0.46192893385887146 0.11802030354738235 0.060913704335689545
9 0.6630710363388062 0.35088831186294556 0.036802031099796295 0.04949238523840904
9 0.7049492597579956 0.2906091511249542 0.03172588720917702 0.04060913622379303
9 0.7296954393386841 0.2722081243991852 0.03299492225050926 0.039340101182460785
9 0.711294412612915 0.2639593780040741 0.036802031099796295 0.03553299605846405
9 0.6605330109596252 0.2779187858104706 0.05203045532107353 0.04060913622379303
9 0.6649746298789978 0.25444161891937256 0.030456852167844772 0.034263961017131805
4 0.6909898519515991 0.26332488656044006 0.01649746112525463 0.013959391042590141
4 0.7055837512016296 0.2474619299173355 0.015228426083922386 0.012690355069935322
4 0.7220812439918518 0.22779187560081482 0.015228426083922386 0.011421320028603077
9 0.7487309575080872 0.2189086228609085 0.030456852167844772 0.034263961017131805
9 0.7798223495483398 0.19416244328022003 0.0241116750985384 0.027918782085180283
9 0.6986040472984314 0.21700507402420044 0.0241116750985384 0.027918782085180283
9 0.7189086079597473 0.19796954095363617 0.02157360315322876 0.027918782085180283
4 0.7335025668144226 0.18908628821372986 0.012690355069935322 0.007614213041961193
4 0.7956852912902832 0.18083755671977997 0.053299494087696075 0.02157360315322876
4 0.7582487463951111 0.16878172755241394 0.02157360315322876 0.025380710139870644
4 0.7366751432418823 0.17703045904636383 0.008883249014616013 0.008883249014616013
9 0.7461928725242615 0.06852792203426361 0.027918782085180283 0.022842640057206154
4 0.731598973274231 0.0881979689002037 0.011421320028603077 0.006345177534967661
4 0.7937816977500916 0.0767766460776329 0.013959391042590141 0.006345177534967661
4 0.778553307056427 0.09137056022882462 0.013959391042590141 0.007614213041961193
4 0.7347715497016907 0.11865482479333878 0.012690355069935322 0.011421320028603077
9 0.5685279369354248 0.9460659623146057 0.1903553307056427 0.10532994568347931
