4 0.521335780620575 0.37801483273506165 0.048237476497888565 0.02504638209939003
4 0.48005566000938416 0.4007421135902405 0.05287569388747215 0.029684601351618767
4 0.4596475064754486 0.41001856327056885 0.051020409911870956 0.03153988718986511
4 0.43877550959587097 0.4197588264942169 0.051948051899671555 0.034322820603847504
4 0.5357142686843872 0.41419294476509094 0.04545454680919647 0.034322820603847504
1 0.6498144865036011 0.3840445280075073 0.010204081423580647 0.022263450548052788
4 0.6131725311279297 0.5185528993606567 0.06679034978151321 0.0371057502925396
4 0.6363636255264282 0.3557513952255249 0.051948051899671555 0.02504638209939003
4 0.6173469424247742 0.3659554719924927 0.051020409911870956 0.030612245202064514
4 0.704081654548645 0.314007431268692 0.0371057502925396 0.02504638209939003
4 0.6850649118423462 0.3237476944923401 0.04916512221097946 0.027829313650727272
4 0.6669758558273315 0.33348792791366577 0.04638218879699707 0.02504638209939003
10 0.6553803086280823 0.29638218879699707 0.019480518996715546 0.015769943594932556
4 0.6674396991729736 0.2875695824623108 0.034322820603847504 0.0185528751462698
4 0.6808905601501465 0.2769016623497009 0.016697587445378304 0.01762523129582405
4 0.804731011390686 0.4962894320487976 0.04545454680919647 0.0371057502925396
4 0.9378478527069092 0.08812616020441055 0.025974025949835777 0.016697587445378304
4 0.929499089717865 0.09090909361839294 0.020408162847161293 0.014842300675809383
4 0.9225417375564575 0.09276437759399414 0.019480518996715546 0.014842300675809383
4 0.9100185632705688 0.09833024442195892 0.025974025949835777 0.012987012974917889
4 0.893784761428833 0.10111317038536072 0.026901669800281525 0.014842300675809383
4 0.8733766078948975 0.1066790372133255 0.026901669800281525 0.016697587445378304
4 0.8645640015602112 0.11085343360900879 0.024118738248944283 0.013914656825363636
11 0.7963821887969971 0.7968460321426392 0.11595547199249268 0.08905380219221115
9 0.07838589698076248 0.6572356224060059 0.15306122601032257 0.12523190677165985
6 0.19805194437503815 0.728664219379425 0.09740259498357773 0.07699443399906158
6 0.2787569463253021 0.7750464081764221 0.10111317038536072 0.07513915002346039
4 0.0027829313185065985 0.902133584022522 0.005565862637013197 0.08070500940084457
