1 0.1071428582072258 0.7319047451019287 0.018095238134264946 0.016190476715564728
1 0.09333333373069763 0.7133333086967468 0.01904761977493763 0.015238095074892044
1 0.11619047820568085 0.7057142853736877 0.01904761977493763 0.015238095074892044
1 0.1257142871618271 0.688095211982727 0.015238095074892044 0.018095238134264946
1 0.09142857044935226 0.6814285516738892 0.01904761977493763 0.014285714365541935
1 0.09857142716646194 0.6595237851142883 0.016190476715564728 0.014285714365541935
1 0.10952381044626236 0.6414285898208618 0.015238095074892044 0.014285714365541935
1 0.11809524148702621 0.6509523987770081 0.017142856493592262 0.014285714365541935
1 0.10047619044780731 0.5623809695243835 0.014285714365541935 0.012380952015519142
1 0.1599999964237213 0.4833333194255829 0.013333333656191826 0.012380952015519142
1 0.13238094747066498 0.4595237970352173 0.01904761977493763 0.014285714365541935
1 0.09000000357627869 0.4657142758369446 0.014285714365541935 0.009523809887468815
1 0.07571428269147873 0.44999998807907104 0.02190476283431053 0.014285714365541935
1 0.10904762148857117 0.4276190400123596 0.019999999552965164 0.013333333656191826
1 0.1485714316368103 0.43238094449043274 0.017142856493592262 0.015238095074892044
1 0.09285714477300644 0.41238096356391907 0.02190476283431053 0.01904761977493763
1 0.06333333253860474 0.40095236897468567 0.018095238134264946 0.011428571306169033
1 0.11142857372760773 0.35952380299568176 0.01904761977493763 0.014285714365541935
1 0.2571428716182709 0.34904763102531433 0.017142856493592262 0.014285714365541935
1 0.4719047546386719 0.11047618836164474 0.012380952015519142 0.020952381193637848
2 0.4571428596973419 0.13857142627239227 0.015238095074892044 0.014285714365541935
1 0.4719047546386719 0.13333334028720856 0.018095238134264946 0.017142856493592262
10 0.918571412563324 0.07857143133878708 0.03333333507180214 0.018095238134264946
10 0.9395238161087036 0.09619047492742538 0.018095238134264946 0.034285712987184525
10 0.9090476036071777 0.10285714268684387 0.029523810371756554 0.015238095074892044
3 0.8890476226806641 0.11619047820568085 0.025714285671710968 0.024761904031038284
10 0.9352381229400635 0.1599999964237213 0.017142856493592262 0.030476190149784088
10 0.938095211982727 0.1247619017958641 0.024761904031038284 0.034285712987184525
10 0.904285728931427 0.16523809731006622 0.029523810371756554 0.018095238134264946
3 0.8919047713279724 0.17952381074428558 0.03523809462785721 0.016190476715564728
10 0.9123809337615967 0.19190476834774017 0.03619047626852989 0.016190476715564728
10 0.8133333325386047 0.22904762625694275 0.017142856493592262 0.029523810371756554
10 0.8404762148857117 0.20999999344348907 0.018095238134264946 0.03142857179045677
2 0.8433333039283752 0.2080952376127243 0.02380952425301075 0.018095238134264946
2 0.8147618770599365 0.2257142812013626 0.018095238134264946 0.017142856493592262
2 0.8104761838912964 0.13523809611797333 0.01904761977493763 0.020952381193637848
2 0.810952365398407 0.14523810148239136 0.018095238134264946 0.016190476715564728
10 0.8071428537368774 0.14428570866584778 0.02190476283431053 0.027619047090411186
4 0.8909524083137512 0.23523809015750885 0.09238095581531525 0.04380952566862106
10 0.9895238280296326 0.3047619163990021 0.020952381193637848 0.009523809887468815
10 0.9895238280296326 0.3142857253551483 0.020952381193637848 0.007619047537446022
3 0.988095223903656 0.3257142901420593 0.02380952425301075 0.007619047537446022
3 0.9871428608894348 0.33476191759109497 0.025714285671710968 0.014285714365541935
3 0.9938095211982727 0.3566666543483734 0.010476190596818924 0.025714285671710968
10 0.9752380847930908 0.3514285683631897 0.01904761977493763 0.02857142873108387
10 0.973809540271759 0.37190476059913635 0.037142857909202576 0.012380952015519142
3 0.8842856884002686 0.4242857098579407 0.03523809462785721 0.016190476715564728
5 0.8633333444595337 0.46857142448425293 0.05238095298409462 0.06857142597436905
4 0.7980952262878418 0.4409523904323578 0.03999999910593033 0.07619047909975052
1 0.9728571176528931 0.5547618865966797 0.025714285671710968 0.014285714365541935
5 0.9419047832489014 0.5719047784805298 0.07809523493051529 0.037142857909202576
4 0.8476190567016602 0.6142857074737549 0.04571428522467613 0.07047618925571442
1 0.8071428537368774 0.5819047689437866 0.018095238134264946 0.015238095074892044
2 0.8061904907226562 0.5685714483261108 0.010476190596818924 0.009523809887468815
2 0.7938095331192017 0.6261904835700989 0.025714285671710968 0.014285714365541935
10 0.7923809289932251 0.6247618794441223 0.017142856493592262 0.034285712987184525
10 0.8757143020629883 0.6623809337615967 0.016190476715564728 0.03333333507180214
10 0.8619047403335571 0.7371428608894348 0.030476190149784088 0.022857142612338066
1 0.40142858028411865 0.6952381134033203 0.012380952015519142 0.015238095074892044
1 0.40238094329833984 0.6761904954910278 0.012380952015519142 0.015238095074892044
1 0.4061904847621918 0.6495237946510315 0.010476190596818924 0.013333333656191826
1 0.3880952298641205 0.642380952835083 0.012380952015519142 0.014285714365541935
1 0.37285715341567993 0.6466666460037231 0.018095238134264946 0.017142856493592262
1 0.3795238137245178 0.6738095283508301 0.010476190596818924 0.018095238134264946
1 0.3752380907535553 0.6876190304756165 0.011428571306169033 0.011428571306169033
1 0.3799999952316284 0.6985714435577393 0.020952381193637848 0.014285714365541935
