10 0.07809523493051529 0.12142857164144516 0.032380953431129456 0.019999999552965164
10 0.11142857372760773 0.13476189970970154 0.03809523954987526 0.010476190596818924
10 0.27666667103767395 0.4061904847621918 0.019999999552965164 0.027619047090411186
0 0.3571428656578064 0.2904762029647827 0.022857142612338066 0.01904761977493763
0 0.5061904788017273 0.392380952835083 0.019999999552965164 0.03619047626852989
0 0.28809523582458496 0.1899999976158142 0.03523809462785721 0.025714285671710968
0 0.2871428430080414 0.15285713970661163 0.027619047090411186 0.025714285671710968
0 0.369047611951828 0.04095238074660301 0.029523810371756554 0.04571428522467613
1 0.38904762268066406 0.0657142847776413 0.016190476715564728 0.024761904031038284
4 0.2604762017726898 0.10619047284126282 0.07523809373378754 0.06380952149629593
4 0.14142857491970062 0.09428571164608002 0.09047619253396988 0.07809523493051529
4 0.020476190373301506 0.19428572058677673 0.04095238074660301 0.08380952477455139
2 0.07428571581840515 0.11952380836009979 0.020952381193637848 0.012380952015519142
2 0.10809523612260818 0.1376190483570099 0.02380952425301075 0.02190476283431053
2 0.2785714268684387 0.40714284777641296 0.019999999552965164 0.019999999552965164
1 0.3519047498703003 0.24857142567634583 0.010476190596818924 0.015238095074892044
1 0.4047619104385376 0.24095238745212555 0.013333333656191826 0.01904761977493763
1 0.41857144236564636 0.24238094687461853 0.014285714365541935 0.019999999552965164
0 0.558571457862854 0.4566666781902313 0.012380952015519142 0.027619047090411186
0 0.5885714292526245 0.6395238041877747 0.030476190149784088 0.029523810371756554
0 0.5099999904632568 0.592380940914154 0.03523809462785721 0.02857142873108387
0 0.618571400642395 0.6933333277702332 0.027619047090411186 0.02857142873108387
0 0.6571428775787354 0.6995238065719604 0.032380953431129456 0.025714285671710968
0 0.33142855763435364 0.4833333194255829 0.032380953431129456 0.02190476283431053
1 0.4004761874675751 0.4338095188140869 0.018095238134264946 0.010476190596818924
1 0.4690476059913635 0.9433333277702332 0.008571428246796131 0.012380952015519142
10 0.6600000262260437 0.9080952405929565 0.01904761977493763 0.03333333507180214
1 0.6023809313774109 0.8100000023841858 0.008571428246796131 0.012380952015519142
1 0.5376190543174744 0.833809494972229 0.014285714365541935 0.016190476715564728
1 0.5171428322792053 0.9266666769981384 0.015238095074892044 0.017142856493592262
1 0.6595237851142883 0.7980952262878418 0.008571428246796131 0.011428571306169033
1 0.6657142639160156 0.784761905670166 0.011428571306169033 0.015238095074892044
1 0.595714271068573 0.7557142972946167 0.010476190596818924 0.014285714365541935
10 0.5947619080543518 0.7871428728103638 0.018095238134264946 0.03142857179045677
1 0.5714285969734192 0.7314285635948181 0.013333333656191826 0.01904761977493763
1 0.561904788017273 0.7195237874984741 0.009523809887468815 0.016190476715564728
1 0.5480952262878418 0.7252380847930908 0.012380952015519142 0.016190476715564728
10 0.5171428322792053 0.7433333396911621 0.034285712987184525 0.019999999552965164
10 0.5 0.6899999976158142 0.022857142612338066 0.03142857179045677
10 0.4776190519332886 0.6614285707473755 0.016190476715564728 0.03333333507180214
10 0.4399999976158142 0.7057142853736877 0.04380952566862106 0.022857142612338066
1 0.4285714328289032 0.7309523820877075 0.013333333656191826 0.016190476715564728
1 0.5542857050895691 0.6690475940704346 0.011428571306169033 0.014285714365541935
1 0.5600000023841858 0.691428542137146 0.009523809887468815 0.013333333656191826
1 0.534761905670166 0.6852381229400635 0.018095238134264946 0.008571428246796131
2 0.5157142877578735 0.666190505027771 0.012380952015519142 0.012380952015519142
2 0.47809523344039917 0.6609523892402649 0.011428571306169033 0.013333333656191826
2 0.441904753446579 0.704285740852356 0.020952381193637848 0.018095238134264946
2 0.49666666984558105 0.6942856907844543 0.012380952015519142 0.013333333656191826
1 0.4628571569919586 0.6390476226806641 0.011428571306169033 0.017142856493592262
1 0.4585714340209961 0.6628571152687073 0.008571428246796131 0.0057142856530845165
1 0.4580952525138855 0.6714285612106323 0.013333333656191826 0.011428571306169033
4 0.7295238375663757 0.9785714149475098 0.03809523954987526 0.04285714402794838
1 0.7242857217788696 0.954285740852356 0.008571428246796131 0.013333333656191826
1 0.7157142758369446 0.9590476155281067 0.008571428246796131 0.007619047537446022
1 0.7733333110809326 0.9376190304756165 0.009523809887468815 0.012380952015519142
1 0.753333330154419 0.8947619199752808 0.013333333656191826 0.016190476715564728
10 0.7719047665596008 0.8452380895614624 0.029523810371756554 0.025714285671710968
1 0.7461904883384705 0.8433333039283752 0.019999999552965164 0.014285714365541935
10 0.7309523820877075 0.8114285469055176 0.027619047090411186 0.032380953431129456
2 0.7319047451019287 0.8128571510314941 0.014285714365541935 0.016190476715564728
4 0.6738095283508301 0.5038095116615295 0.08857142925262451 0.07809523493051529
5 0.8104761838912964 0.6309523582458496 0.08761905133724213 0.08095238357782364
4 0.9023809432983398 0.7771428823471069 0.08095238357782364 0.07047618925571442
4 0.9480952620506287 0.6995238065719604 0.08095238357782364 0.0714285746216774
1 0.881428599357605 0.788095235824585 0.014285714365541935 0.006666666828095913
