4 0.2791878283023834 0.0596446692943573 0.020304568111896515 0.03553299605846405
4 0.2848984897136688 0.11802030354738235 0.01903553307056427 0.03299492225050926
4 0.31916242837905884 0.014593908563256264 0.01903553307056427 0.029187817126512527
6 0.3629441559314728 0.2677665054798126 0.04060913622379303 0.0964467003941536
1 0.33375635743141174 0.312182754278183 0.007614213041961193 0.015228426083922386
6 0.31408628821372986 0.4257614314556122 0.036802031099796295 0.0824873074889183
4 0.3217005133628845 0.5063451528549194 0.02157360315322876 0.0482233501970768
4 0.3807106614112854 0.42131978273391724 0.022842640057206154 0.04314720630645752
4 0.38769036531448364 0.471446692943573 0.0241116750985384 0.05203045532107353
1 0.3635786771774292 0.6269035339355469 0.008883249014616013 0.010152284055948257
1 0.3724619150161743 0.6478426456451416 0.006345177534967661 0.008883249014616013
6 0.4124365448951721 0.9746192693710327 0.04314720630645752 0.0482233501970768
4 0.5025380849838257 0.9651015400886536 0.055837564170360565 0.04949238523840904
4 0.5850253701210022 0.9689086079597473 0.060913704335689545 0.04441624507308006
4 0.8775380849838257 0.5869289636611938 0.05710659921169281 0.04949238523840904
4 0.9777919054031372 0.7455583810806274 0.04441624507308006 0.05203045532107353
