1 0.2563451826572418 0.1332487314939499 0.007614213041961193 0.017766498029232025
4 0.1332487314939499 0.034263961017131805 0.03553299605846405 0.03553299605846405
5 0.3546954393386841 0.14340101182460785 0.036802031099796295 0.05076142027974129
4 0.4206852912902832 0.29441624879837036 0.07487309724092484 0.04314720630645752
4 0.49809643626213074 0.31345176696777344 0.07487309724092484 0.04314720630645752
5 0.5818527936935425 0.3350253701210022 0.0824873074889183 0.058375634253025055
5 0.7696700692176819 0.05203045532107353 0.06979695707559586 0.03807106614112854
1 0.817893385887146 0.1338832527399063 0.011421320028603077 0.01903553307056427
4 0.9029187560081482 0.15101522207260132 0.07487309724092484 0.053299494087696075
4 0.8020304441452026 0.40799492597579956 0.07360406219959259 0.04441624507308006
5 0.970812201499939 0.4974619150161743 0.058375634253025055 0.053299494087696075
5 0.9073604345321655 0.5209391117095947 0.11675126850605011 0.06725887954235077
9 0.6015228629112244 0.43337562680244446 0.21827411651611328 0.12055837363004684
9 0.39086294174194336 0.3642131984233856 0.20304568111896515 0.11167512834072113
4 0.15799492597579956 0.32296955585479736 0.07741116732358932 0.05710659921169281
9 0.017131980508565903 0.2874365448951721 0.034263961017131805 0.15862944722175598
5 0.0006345177534967661 0.41624364256858826 0.0012690355069935322 0.07614213228225708
6 0.006979695521295071 0.5266497731208801 0.013959391042590141 0.15228426456451416
4 0.06027918681502342 0.8369289636611938 0.06725887954235077 0.09263959527015686
4 0.12944161891937256 0.5907360315322876 0.058375634253025055 0.07741116732358932
5 0.21637055277824402 0.625 0.0596446692943573 0.0824873074889183
4 0.2950507700443268 0.6548223495483398 0.04949238523840904 0.07614213228225708
5 0.2328680157661438 0.8153553009033203 0.06979695707559586 0.10532994568347931
4 0.1446700543165207 0.8813451528549194 0.07360406219959259 0.11040609329938889
4 0.2868020236492157 0.9390863180160522 0.060913704335689545 0.09137056022882462
4 0.369923859834671 0.875 0.06725887954235077 0.10532994568347931
4 0.4200507700443268 0.8927664756774902 0.06345177441835403 0.10025380551815033
5 0.37055838108062744 0.6015228629112244 0.055837564170360565 0.08375634253025055
4 0.380076140165329 0.6909898519515991 0.05203045532107353 0.0824873074889183
4 0.4321065843105316 0.6998730897903442 0.05456852912902832 0.09010152518749237
4 0.4574873149394989 0.624365508556366 0.04695431515574455 0.060913704335689545
4 0.5031725764274597 0.6465736031532288 0.04695431515574455 0.06472080945968628
4 0.4746192991733551 0.7201776504516602 0.05076142027974129 0.0824873074889183
5 0.5196700692176819 0.7423858046531677 0.05456852912902832 0.09137056022882462
4 0.5482233762741089 0.6598984599113464 0.05076142027974129 0.08121827244758606
4 0.4263959527015686 0.47335025668144226 0.04568528011441231 0.06598984450101852
5 0.4651015102863312 0.4879441559314728 0.05456852912902832 0.0824873074889183
4 0.5831218361854553 0.5253807306289673 0.041878171265125275 0.06598984450101852
5 0.6275380849838257 0.5355330109596252 0.04695431515574455 0.08883249014616013
5 0.6713197827339172 0.5488578677177429 0.05076142027974129 0.08756345510482788
4 0.5482233762741089 0.6605330109596252 0.04568528011441231 0.0824873074889183
4 0.5920050740242004 0.6732233762741089 0.04949238523840904 0.07994923740625381
5 0.5691624283790588 0.7576141953468323 0.0596446692943573 0.08883249014616013
4 0.6218274235725403 0.7734771370887756 0.05076142027974129 0.07487309724092484
4 0.5203045606613159 0.9352791905403137 0.060913704335689545 0.0964467003941536
4 0.5710659623146057 0.9498730897903442 0.06345177441835403 0.09263959527015686
6 0.8794416189193726 0.903553307056427 0.08629441261291504 0.1395939141511917
6 0.9447969794273376 0.9213197827339172 0.09010152518749237 0.15482233464717865
6 0.9206852912902832 0.6522842645645142 0.07994923740625381 0.13705584406852722
6 0.9701776504516602 0.6668781638145447 0.0596446692943573 0.15101522207260132
