0 0.9066666960716248 0.8042857050895691 0.02666666731238365 0.03333333507180214
0 0.9742857217788696 0.6266666650772095 0.013333333656191826 0.01904761977493763
0 0.8309524059295654 0.726190447807312 0.014285714365541935 0.027619047090411186
2 0.6452381014823914 0.9547619223594666 0.014285714365541935 0.02190476283431053
10 0.6452381014823914 0.961904764175415 0.03142857179045677 0.022857142612338066
0 0.7209523916244507 0.6242856979370117 0.013333333656191826 0.02380952425301075
2 0.8304761648178101 0.54666668176651 0.0057142856530845165 0.011428571306169033
2 0.8157142996788025 0.5476190447807312 0.004761904943734407 0.011428571306169033
2 0.6328571438789368 0.5366666913032532 0.004761904943734407 0.010476190596818924
2 0.6200000047683716 0.5409523844718933 0.0057142856530845165 0.009523809887468815
3 0.6209523677825928 0.5471428632736206 0.0057142856530845165 0.008571428246796131
2 0.5857142806053162 0.5304762125015259 0.0057142856530845165 0.009523809887468815
2 0.7138095498085022 0.4952380955219269 0.004761904943734407 0.007619047537446022
2 0.7157142758369446 0.49095237255096436 0.004761904943734407 0.008571428246796131
2 0.6980952620506287 0.4871428608894348 0.0057142856530845165 0.008571428246796131
10 0.7133333086967468 0.4990476071834564 0.007619047537446022 0.009523809887468815
10 0.8161904811859131 0.5523809790611267 0.009523809887468815 0.009523809887468815
10 0.831428587436676 0.5509523749351501 0.009523809887468815 0.010476190596818924
10 0.633809506893158 0.5428571701049805 0.006666666828095913 0.009523809887468815
10 0.5852380990982056 0.5361904501914978 0.006666666828095913 0.009523809887468815
0 0.569523811340332 0.4947619140148163 0.009523809887468815 0.012380952015519142
2 0.5680952668190002 0.5161904692649841 0.004761904943734407 0.009523809887468815
10 0.5680952668190002 0.5204761624336243 0.004761904943734407 0.006666666828095913
4 0.6795238256454468 0.4952380955219269 0.019999999552965164 0.011428571306169033
4 0.619523823261261 0.49666666984558105 0.02190476283431053 0.014285714365541935
4 0.6371428370475769 0.47857141494750977 0.015238095074892044 0.010476190596818924
4 0.6214285492897034 0.4638095200061798 0.014285714365541935 0.013333333656191826
4 0.6009523868560791 0.45619046688079834 0.013333333656191826 0.009523809887468815
4 0.6009523868560791 0.44380950927734375 0.013333333656191826 0.009523809887468815
2 0.5990476012229919 0.4333333373069763 0.003809523768723011 0.003809523768723011
2 0.592380940914154 0.4328571557998657 0.003809523768723011 0.006666666828095913
10 0.592380940914154 0.43619048595428467 0.003809523768723011 0.0057142856530845165
10 0.5990476012229919 0.43714284896850586 0.003809523768723011 0.0057142856530845165
4 0.5395237803459167 0.44999998807907104 0.014285714365541935 0.010476190596818924
2 0.5247619152069092 0.4528571367263794 0.003809523768723011 0.004761904943734407
10 0.5257142782211304 0.4571428596973419 0.003809523768723011 0.0057142856530845165
2 0.49619048833847046 0.4290476143360138 0.0019047618843615055 0.004761904943734407
10 0.49666666984558105 0.43190476298332214 0.0028571428265422583 0.004761904943734407
0 0.49142858386039734 0.4180952310562134 0.0019047618843615055 0.0057142856530845165
0 0.47857141494750977 0.41523808240890503 0.006666666828095913 0.007619047537446022
0 0.5161904692649841 0.39714285731315613 0.0019047618843615055 0.0057142856530845165
0 0.5090476274490356 0.3928571343421936 0.0028571428265422583 0.004761904943734407
5 0.4890476167201996 0.4033333361148834 0.014285714365541935 0.012380952015519142
4 0.5095238089561462 0.4028571546077728 0.007619047537446022 0.0057142856530845165
0 0.5299999713897705 0.4119047522544861 0.010476190596818924 0.010476190596818924
4 0.47380951046943665 0.4000000059604645 0.008571428246796131 0.0057142856530845165
0 0.4571428596973419 0.39714285731315613 0.0019047618843615055 0.003809523768723011
0 0.4519047737121582 0.3871428668498993 0.004761904943734407 0.006666666828095913
0 0.453809529542923 0.39571428298950195 0.0028571428265422583 0.006666666828095913
0 0.4633333384990692 0.38999998569488525 0.006666666828095913 0.004761904943734407
0 0.43761906027793884 0.38523808121681213 0.004761904943734407 0.0028571428265422583
0 0.4395238161087036 0.37809523940086365 0.008571428246796131 0.0057142856530845165
4 0.538095235824585 0.43666666746139526 0.013333333656191826 0.010476190596818924
