0 0.008248730562627316 0.29631978273391724 0.01649746112525463 0.01903553307056427
1 0.011421320028603077 0.664340078830719 0.007614213041961193 0.008883249014616013
1 0.017131980508565903 0.6706852912902832 0.006345177534967661 0.006345177534967661
1 0.026649747043848038 0.6757614016532898 0.005076142027974129 0.008883249014616013
1 0.03172588720917702 0.682106614112854 0.005076142027974129 0.008883249014616013
1 0.01903553307056427 0.7093908786773682 0.007614213041961193 0.007614213041961193
1 0.0120558375492692 0.7131979465484619 0.006345177534967661 0.010152284055948257
1 0.05710659921169281 0.6656091213226318 0.005076142027974129 0.011421320028603077
0 0.026015227660536766 0.6986040472984314 0.05203045532107353 0.04695431515574455
0 0.04631979763507843 0.6414974331855774 0.07741116732358932 0.036802031099796295
0 0.01649746112525463 0.7614213228225708 0.03299492225050926 0.03553299605846405
0 0.055837564170360565 0.731598973274231 0.04568528011441231 0.029187817126512527
1 0.1281725913286209 0.8883248567581177 0.010152284055948257 0.015228426083922386
1 0.1928934007883072 0.8343908786773682 0.007614213041961193 0.011421320028603077
1 0.18654821813106537 0.8115482330322266 0.010152284055948257 0.011421320028603077
1 0.1763959378004074 0.8210659623146057 0.010152284055948257 0.010152284055948257
1 0.16624365746974945 0.8147208094596863 0.007614213041961193 0.010152284055948257
1 0.2468274086713791 0.7912436723709106 0.006345177534967661 0.011421320028603077
1 0.23730964958667755 0.7842639684677124 0.005076142027974129 0.010152284055948257
1 0.23159898817539215 0.7823604345321655 0.0038071065209805965 0.008883249014616013
1 0.24048224091529846 0.8248730897903442 0.006345177534967661 0.010152284055948257
1 0.2563451826572418 0.8185279369354248 0.007614213041961193 0.010152284055948257
1 0.2385786771774292 0.8185279369354248 0.005076142027974129 0.007614213041961193
1 0.273477166891098 0.8445431590080261 0.0038071065209805965 0.008883249014616013
1 0.2899746298789978 0.8350253701210022 0.006345177534967661 0.010152284055948257
1 0.29949238896369934 0.8312183022499084 0.007614213041961193 0.007614213041961193
1 0.31408628821372986 0.7874365448951721 0.0038071065209805965 0.006345177534967661
1 0.3331218361854553 0.7519035339355469 0.006345177534967661 0.008883249014616013
1 0.32487308979034424 0.789340078830719 0.007614213041961193 0.010152284055948257
1 0.33946701884269714 0.8090101480484009 0.0038071065209805965 0.008883249014616013
1 0.346446692943573 0.8159898519515991 0.007614213041961193 0.010152284055948257
1 0.3635786771774292 0.8020304441452026 0.006345177534967661 0.012690355069935322
1 0.23159898817539215 0.8832487463951111 0.008883249014616013 0.012690355069935322
1 0.3045685291290283 0.8889594078063965 0.007614213041961193 0.008883249014616013
1 0.2214467078447342 0.8965736031532288 0.006345177534967661 0.006345177534967661
1 0.22398477792739868 0.9048223495483398 0.0038071065209805965 0.005076142027974129
1 0.2131979763507843 0.9010152220726013 0.007614213041961193 0.007614213041961193
1 0.23794415593147278 0.9213197827339172 0.006345177534967661 0.007614213041961193
1 0.24555838108062744 0.9289340376853943 0.006345177534967661 0.010152284055948257
1 0.23984771966934204 0.9340101480484009 0.005076142027974129 0.007614213041961193
1 0.17829948663711548 0.9473350048065186 0.006345177534967661 0.0038071065209805965
1 0.1535532921552658 0.9581218361854553 0.005076142027974129 0.010152284055948257
1 0.12563452124595642 0.9416243433952332 0.007614213041961193 0.007614213041961193
0 0.11992385983467102 0.9860405921936035 0.036802031099796295 0.025380710139870644
4 0.2760152220726013 0.9384517669677734 0.05710659921169281 0.04441624507308006
4 0.3343908488750458 0.8940355181694031 0.04949238523840904 0.041878171265125275
4 0.21637055277824402 0.9854061007499695 0.05710659921169281 0.026649747043848038
4 0.026649747043848038 0.875634491443634 0.053299494087696075 0.03553299605846405
1 0.2868020236492157 0.7081218361854553 0.005076142027974129 0.012690355069935322
1 0.27982234954833984 0.7043147087097168 0.006345177534967661 0.010152284055948257
1 0.36230963468551636 0.720812201499939 0.0038071065209805965 0.012690355069935322
1 0.32804569602012634 0.5812183022499084 0.006345177534967661 0.010152284055948257
1 0.3635786771774292 0.5977157354354858 0.0038071065209805965 0.007614213041961193
1 0.25697970390319824 0.5881979465484619 0.008883249014616013 0.013959391042590141
1 0.14720812439918518 0.6459391117095947 0.005076142027974129 0.007614213041961193
1 0.18908628821372986 0.5939086079597473 0.005076142027974129 0.010152284055948257
1 0.18591371178627014 0.5970812439918518 0.0038071065209805965 0.008883249014616013
1 0.175761416554451 0.5697969794273376 0.008883249014616013 0.010152284055948257
1 0.1135786771774292 0.5532994866371155 0.006345177534967661 0.007614213041961193
1 0.10088832676410675 0.5558375716209412 0.006345177534967661 0.012690355069935322
0 0.0939086303114891 0.5831218361854553 0.03553299605846405 0.041878171265125275
0 0.1332487314939499 0.6269035339355469 0.03299492225050926 0.07360406219959259
5 0.33946701884269714 0.4822334945201874 0.05456852912902832 0.03553299605846405
0 0.28299492597579956 0.4720812141895294 0.025380710139870644 0.027918782085180283
1 0.12436547875404358 0.5107868313789368 0.005076142027974129 0.011421320028603077
1 0.12119289487600327 0.4809644818305969 0.006345177534967661 0.010152284055948257
1 0.19479694962501526 0.3045685291290283 0.0038071065209805965 0.012690355069935322
1 0.24555838108062744 0.42449238896369934 0.006345177534967661 0.011421320028603077
4 0.18591371178627014 0.31979694962501526 0.0241116750985384 0.03299492225050926
4 0.14911167323589325 0.21383248269557953 0.02157360315322876 0.03172588720917702
4 0.13832487165927887 0.17258882522583008 0.022842640057206154 0.04314720630645752
4 0.11802030354738235 0.11611675471067429 0.017766498029232025 0.034263961017131805
1 0.12119289487600327 0.14847715198993683 0.006345177534967661 0.012690355069935322
5 0.10659898817539215 0.08883249014616013 0.017766498029232025 0.027918782085180283
1 0.518401026725769 0.07360406219959259 0.0038071065209805965 0.010152284055948257
1 0.5145938992500305 0.07360406219959259 0.0038071065209805965 0.010152284055948257
0 0.5621827244758606 0.09708122164011002 0.0964467003941536 0.04695431515574455
0 0.5666243433952332 0.0596446692943573 0.029187817126512527 0.025380710139870644
1 0.6383248567581177 0.005076142027974129 0.005076142027974129 0.010152284055948257
1 0.6668781638145447 0.050126902759075165 0.0038071065209805965 0.008883249014616013
1 0.6611675024032593 0.047588832676410675 0.005076142027974129 0.008883249014616013
1 0.6453045606613159 0.04378172755241394 0.0038071065209805965 0.008883249014616013
1 0.6427664756774902 0.0539340116083622 0.0038071065209805965 0.006345177534967661
1 0.6370558142662048 0.053299494087696075 0.005076142027974129 0.007614213041961193
1 0.6307106614112854 0.05710659921169281 0.005076142027974129 0.007614213041961193
1 0.6649746298789978 0.0653553307056427 0.005076142027974129 0.008883249014616013
1 0.6605330109596252 0.0653553307056427 0.0038071065209805965 0.011421320028603077
1 0.6389594078063965 0.06725887954235077 0.0038071065209805965 0.007614213041961193
1 0.6459391117095947 0.07296954095363617 0.005076142027974129 0.011421320028603077
1 0.654187798500061 0.0767766460776329 0.0038071065209805965 0.008883249014616013
1 0.6497461795806885 0.08185279369354248 0.005076142027974129 0.008883249014616013
1 0.6579949259757996 0.09263959527015686 0.0038071065209805965 0.010152284055948257
0 0.6662436723709106 0.10088832676410675 0.010152284055948257 0.01903553307056427
1 0.6072335243225098 0.02157360315322876 0.0038071065209805965 0.010152284055948257
1 0.5983502268791199 0.02157360315322876 0.0038071065209805965 0.007614213041961193
0 0.5881979465484619 0.008248730562627316 0.026649747043848038 0.013959391042590141
1 0.6021573543548584 0.036802031099796295 0.0038071065209805965 0.007614213041961193
1 0.595812201499939 0.03807106614112854 0.0038071065209805965 0.010152284055948257
0 0.5837563276290894 0.15482233464717865 0.03299492225050926 0.060913704335689545
1 0.6078680157661438 0.1700507551431656 0.005076142027974129 0.015228426083922386
0 0.5482233762741089 0.1592639535665512 0.04314720630645752 0.06979695707559586
0 0.6154822111129761 0.27093908190727234 0.0939086303114891 0.15101522207260132
1 0.6395938992500305 0.2531725764274597 0.005076142027974129 0.011421320028603077
1 0.6516497731208801 0.23984771966934204 0.0038071065209805965 0.010152284055948257
0 0.6319797039031982 0.16053299605846405 0.055837564170360565 0.07741116732358932
5 0.5989847779273987 0.3331218361854553 0.04060913622379303 0.026649747043848038
5 0.6059644818305969 0.346446692943573 0.039340101182460785 0.027918782085180283
5 0.6142131686210632 0.3610406219959259 0.04314720630645752 0.026649747043848038
5 0.6211928725242615 0.3756345212459564 0.04441624507308006 0.027918782085180283
5 0.6300761699676514 0.3927665054798126 0.05710659921169281 0.034263961017131805
5 0.3953045606613159 0.4638324975967407 0.05203045532107353 0.034263961017131805
1 0.6421319842338562 0.47588831186294556 0.005076142027974129 0.012690355069935322
1 0.6357868313789368 0.4746192991733551 0.005076142027974129 0.010152284055948257
1 0.6300761699676514 0.4720812141895294 0.0038071065209805965 0.010152284055948257
0 0.6142131686210632 0.46446701884269714 0.017766498029232025 0.022842640057206154
1 0.6002538204193115 0.4968274235725403 0.007614213041961193 0.013959391042590141
1 0.5425127148628235 0.5203045606613159 0.006345177534967661 0.010152284055948257
1 0.6129441857337952 0.5691624283790588 0.007614213041961193 0.011421320028603077
1 0.4428934156894684 0.595812201499939 0.010152284055948257 0.013959391042590141
1 0.42449238896369934 0.5545685291290283 0.006345177534967661 0.012690355069935322
1 0.4143401086330414 0.5590101480484009 0.0038071065209805965 0.006345177534967661
0 0.38832488656044006 0.5710659623146057 0.017766498029232025 0.010152284055948257
1 0.3667512834072113 0.6110405921936035 0.005076142027974129 0.011421320028603077
1 0.36738577485084534 0.6034263968467712 0.006345177534967661 0.006345177534967661
1 0.5152284502983093 0.6275380849838257 0.005076142027974129 0.008883249014616013
1 0.5190355181694031 0.6383248567581177 0.005076142027974129 0.010152284055948257
1 0.43654823303222656 0.6592639684677124 0.005076142027974129 0.011421320028603077
1 0.40799492597579956 0.7176395654678345 0.0038071065209805965 0.008883249014616013
1 0.4111675024032593 0.7246192693710327 0.005076142027974129 0.007614213041961193
1 0.408629447221756 0.7373096346855164 0.005076142027974129 0.007614213041961193
1 0.403553307056427 0.7347715497016907 0.005076142027974129 0.007614213041961193
1 0.5050761699676514 0.7335025668144226 0.007614213041961193 0.010152284055948257
1 0.4168781638145447 0.7519035339355469 0.0038071065209805965 0.006345177534967661
1 0.5951776504516602 0.6789340376853943 0.0025380710139870644 0.012690355069935322
1 0.5894669890403748 0.6763959527015686 0.0038071065209805965 0.012690355069935322
1 0.5539340376853943 0.7417512536048889 0.008883249014616013 0.011421320028603077
1 0.40164974331855774 0.7652284502983093 0.0038071065209805965 0.007614213041961193
1 0.4060913622379303 0.7722080945968628 0.005076142027974129 0.006345177534967661
1 0.37944161891937256 0.836294412612915 0.007614213041961193 0.007614213041961193
1 0.5126903653144836 0.8420050740242004 0.007614213041961193 0.008883249014616013
5 0.47906091809272766 0.788705587387085 0.05203045532107353 0.041878171265125275
4 0.42195430397987366 0.825507640838623 0.04949238523840904 0.04441624507308006
9 0.6078680157661438 0.7144669890403748 0.06852792203426361 0.060913704335689545
4 0.528553307056427 0.942258894443512 0.04441624507308006 0.05710659921169281
4 0.5723350048065186 0.9048223495483398 0.04314720630645752 0.055837564170360565
4 0.5983502268791199 0.8895938992500305 0.041878171265125275 0.05076142027974129
4 0.6186548471450806 0.8680202960968018 0.04441624507308006 0.05076142027974129
4 0.6814720630645752 0.8159898519515991 0.04568528011441231 0.0482233501970768
5 0.7271573543548584 0.6516497731208801 0.053299494087696075 0.041878171265125275
5 0.6611675024032593 0.654187798500061 0.04568528011441231 0.036802031099796295
1 0.7766497731208801 0.6326141953468323 0.005076142027974129 0.008883249014616013
1 0.6935279369354248 0.5977157354354858 0.0038071065209805965 0.010152284055948257
1 0.6878172755241394 0.6046954393386841 0.005076142027974129 0.008883249014616013
1 0.7760152220726013 0.6269035339355469 0.006345177534967661 0.007614213041961193
1 0.799492359161377 0.614847719669342 0.005076142027974129 0.008883249014616013
1 0.8026649951934814 0.606598973274231 0.0038071065209805965 0.007614213041961193
1 0.8217005133628845 0.6465736031532288 0.006345177534967661 0.008883249014616013
1 0.8153553009033203 0.6478426456451416 0.0038071065209805965 0.008883249014616013
1 0.817893385887146 0.6611675024032593 0.006345177534967661 0.012690355069935322
1 0.8546954393386841 0.6516497731208801 0.0038071065209805965 0.008883249014616013
1 0.8616751432418823 0.6453045606613159 0.007614213041961193 0.013959391042590141
1 0.8312183022499084 0.5748730897903442 0.005076142027974129 0.007614213041961193
1 0.8819797039031982 0.6389594078063965 0.005076142027974129 0.011421320028603077
1 0.8775380849838257 0.6313451528549194 0.006345177534967661 0.008883249014616013
1 0.875634491443634 0.6763959527015686 0.007614213041961193 0.012690355069935322
1 0.8451776504516602 0.6808375716209412 0.005076142027974129 0.008883249014616013
1 0.8508883118629456 0.6782994866371155 0.0038071065209805965 0.011421320028603077
1 0.8413705825805664 0.5164974331855774 0.007614213041961193 0.012690355069935322
1 0.7227157354354858 0.5425127148628235 0.0038071065209805965 0.008883249014616013
1 0.721446692943573 0.5368020534515381 0.008883249014616013 0.007614213041961193
1 0.7195431590080261 0.5323604345321655 0.007614213041961193 0.008883249014616013
1 0.7151015400886536 0.5247461795806885 0.006345177534967661 0.008883249014616013
1 0.7956852912902832 0.4156091511249542 0.007614213041961193 0.008883249014616013
0 0.8083756566047668 0.43908628821372986 0.025380710139870644 0.022842640057206154
0 0.8439086079597473 0.4803299605846405 0.03299492225050926 0.039340101182460785
0 0.8762690424919128 0.5196700692176819 0.0241116750985384 0.02157360315322876
0 0.8940355181694031 0.4942893385887146 0.02157360315322876 0.026649747043848038
1 0.8819797039031982 0.44987308979034424 0.005076142027974129 0.006345177534967661
1 0.8914974331855774 0.4606598913669586 0.0038071065209805965 0.010152284055948257
1 0.6967005133628845 0.4092639684677124 0.005076142027974129 0.008883249014616013
1 0.7074872851371765 0.3927665054798126 0.008883249014616013 0.008883249014616013
1 0.6808375716209412 0.4003807008266449 0.0038071065209805965 0.006345177534967661
1 0.6878172755241394 0.3997461795806885 0.005076142027974129 0.012690355069935322
1 0.6960659623146057 0.36802029609680176 0.0038071065209805965 0.010152284055948257
1 0.7043147087097168 0.3667512834072113 0.0025380710139870644 0.010152284055948257
1 0.7049492597579956 0.3527918756008148 0.0038071065209805965 0.007614213041961193
1 0.7576141953468323 0.37055838108062744 0.0025380710139870644 0.010152284055948257
1 0.8343908786773682 0.3559644818305969 0.0038071065209805965 0.013959391042590141
1 0.8515228629112244 0.3318527936935425 0.0025380710139870644 0.008883249014616013
1 0.846446692943573 0.32868021726608276 0.005076142027974129 0.007614213041961193
1 0.8388324975967407 0.30266496539115906 0.005076142027974129 0.008883249014616013
1 0.8496192693710327 0.3147208094596863 0.0038071065209805965 0.012690355069935322
1 0.7639594078063965 0.32804569602012634 0.005076142027974129 0.008883249014616013
1 0.7563451528549194 0.32487308979034424 0.005076142027974129 0.010152284055948257
1 0.7290608882904053 0.30012691020965576 0.006345177534967661 0.011421320028603077
1 0.7233502268791199 0.30012691020965576 0.005076142027974129 0.008883249014616013
1 0.7512690424919128 0.2753807008266449 0.005076142027974129 0.007614213041961193
1 0.7975888252258301 0.31154823303222656 0.0038071065209805965 0.006345177534967661
1 0.7931472063064575 0.30837562680244446 0.005076142027974129 0.007614213041961193
1 0.7848984599113464 0.2804568409919739 0.0038071065209805965 0.010152284055948257
1 0.799492359161377 0.25697970390319824 0.005076142027974129 0.011421320028603077
1 0.7944162487983704 0.2607868015766144 0.005076142027974129 0.011421320028603077
1 0.6903553009033203 0.30837562680244446 0.005076142027974129 0.007614213041961193
1 0.6954314708709717 0.30203044414520264 0.0025380710139870644 0.007614213041961193
1 0.674492359161377 0.29949238896369934 0.0038071065209805965 0.010152284055948257
1 0.7093908786773682 0.2810913622379303 0.005076142027974129 0.006345177534967661
0 0.6909898519515991 0.28299492597579956 0.04949238523840904 0.027918782085180283
0 0.7024111747741699 0.3153553307056427 0.0241116750985384 0.034263961017131805
1 0.8134517669677734 0.32296955585479736 0.005076142027974129 0.006345177534967661
1 0.796954333782196 0.2354060858488083 0.005076142027974129 0.008883249014616013
1 0.7747461795806885 0.2620558440685272 0.0038071065209805965 0.006345177534967661
1 0.778553307056427 0.2607868015766144 0.0038071065209805965 0.011421320028603077
1 0.7817258834838867 0.2531725764274597 0.005076142027974129 0.008883249014616013
1 0.789340078830719 0.29695430397987366 0.005076142027974129 0.012690355069935322
1 0.7848984599113464 0.29124364256858826 0.0038071065209805965 0.006345177534967661
0 0.768401026725769 0.2861675024032593 0.026649747043848038 0.03172588720917702
4 0.8553299307823181 0.2931472063064575 0.03299492225050926 0.030456852167844772
4 0.7804568409919739 0.1986040621995926 0.025380710139870644 0.0241116750985384
4 0.7569797039031982 0.16624365746974945 0.026649747043848038 0.027918782085180283
4 0.7633248567581177 0.052664972841739655 0.026649747043848038 0.034263961017131805
4 0.8534263968467712 0.16053299605846405 0.029187817126512527 0.029187817126512527
5 0.7151015400886536 0.10977157205343246 0.034263961017131805 0.036802031099796295
1 0.7055837512016296 0.0025380710139870644 0.005076142027974129 0.005076142027974129
1 0.7119289636611938 0.005076142027974129 0.005076142027974129 0.007614213041961193
1 0.7258883118629456 0.006979695521295071 0.0025380710139870644 0.0038071065209805965
1 0.7468274235725403 0.017131980508565903 0.0038071065209805965 0.006345177534967661
1 0.7569797039031982 0.028553299605846405 0.0038071065209805965 0.008883249014616013
1 0.7607868313789368 0.017766498029232025 0.0038071065209805965 0.010152284055948257
1 0.749365508556366 0.026649747043848038 0.0038071065209805965 0.007614213041961193
1 0.7430202960968018 0.02982233464717865 0.0038071065209805965 0.013959391042590141
0 0.7925127148628235 0.050126902759075165 0.01903553307056427 0.026649747043848038
1 0.7912436723709106 0.0710659921169281 0.006345177534967661 0.010152284055948257
1 0.8134517669677734 0.0824873074889183 0.005076142027974129 0.010152284055948257
1 0.8191624283790588 0.0824873074889183 0.006345177534967661 0.010152284055948257
1 0.8489847779273987 0.12563452124595642 0.005076142027974129 0.010152284055948257
1 0.7563451528549194 0.19416244328022003 0.005076142027974129 0.012690355069935322
1 0.7487309575080872 0.19543147087097168 0.0025380710139870644 0.010152284055948257
1 0.7360405921936035 0.1960659921169281 0.0025380710139870644 0.008883249014616013
0 0.6865482330322266 0.23223350942134857 0.05076142027974129 0.0710659921169281
1 0.7715736031532288 0.3629441559314728 0.0025380710139870644 0.010152284055948257
1 0.7671319842338562 0.3635786771774292 0.006345177534967661 0.013959391042590141
6 0.9048223495483398 0.9206852912902832 0.07360406219959259 0.0850253775715828
9 0.8908629417419434 0.8401015400886536 0.07614213228225708 0.08375634253025055
1 0.9365482330322266 0.9771573543548584 0.010152284055948257 0.010152284055948257
0 0.9961928725242615 0.6897208094596863 0.007614213041961193 0.06218273937702179
1 0.9625634551048279 0.6516497731208801 0.006345177534967661 0.011421320028603077
1 0.9263959527015686 0.7182741165161133 0.005076142027974129 0.010152284055948257
1 0.9333756566047668 0.7144669890403748 0.006345177534967661 0.015228426083922386
1 0.9695431590080261 0.674492359161377 0.005076142027974129 0.006345177534967661
1 0.961294412612915 0.6909898519515991 0.006345177534967661 0.011421320028603077
1 0.9644669890403748 0.6846446990966797 0.005076142027974129 0.008883249014616013
1 0.9689086079597473 0.6833756566047668 0.0038071065209805965 0.008883249014616013
1 0.9644669890403748 0.6008883118629456 0.005076142027974129 0.011421320028603077
1 0.9689086079597473 0.6211928725242615 0.0038071065209805965 0.008883249014616013
1 0.9765228629112244 0.6186548471450806 0.006345177534967661 0.011421320028603077
1 0.999365508556366 0.5431472063064575 0.0012690353905782104 0.010152284055948257
0 0.9631979465484619 0.5805837512016296 0.07360406219959259 0.12055837363004684
0 0.9600253701210022 0.5031725764274597 0.029187817126512527 0.034263961017131805
4 0.9333756566047668 0.3889593780040741 0.034263961017131805 0.036802031099796295
1 0.9987309575080872 0.2982233464717865 0.0025380710139870644 0.010152284055948257
1 0.9904822111129761 0.30012691020965576 0.006345177534967661 0.008883249014616013
