4 0.9885714054107666 0.20476190745830536 0.022857142612338066 0.07238095253705978
4 0.9514285922050476 0.034285712987184525 0.04380952566862106 0.04571428522467613
4 0.8519047498703003 0.0714285746216774 0.07333333045244217 0.03999999910593033
5 0.8657143115997314 0.22428570687770844 0.0533333346247673 0.08666666597127914
4 0.9766666889190674 0.28190475702285767 0.046666666865348816 0.07428571581840515
5 0.9666666388511658 0.3642857074737549 0.05523809418082237 0.09238095581531525
10 0.7890475988388062 0.16476190090179443 0.018095238134264946 0.024761904031038284
10 0.7633333206176758 0.19952380657196045 0.03333333507180214 0.019999999552965164
10 0.8100000023841858 0.28285714983940125 0.025714285671710968 0.032380953431129456
10 0.7099999785423279 0.34190475940704346 0.05047618970274925 0.024761904031038284
10 0.6966666579246521 0.36047619581222534 0.04095238074660301 0.027619047090411186
10 0.6733333468437195 0.4109523892402649 0.041904762387275696 0.019999999552965164
10 0.6809523701667786 0.39571428298950195 0.04571428522467613 0.027619047090411186
10 0.8719047904014587 0.3338095247745514 0.019999999552965164 0.025714285671710968
10 0.8438095450401306 0.4409523904323578 0.017142856493592262 0.030476190149784088
10 0.866190493106842 0.5176190733909607 0.03142857179045677 0.04285714402794838
10 0.7733333110809326 0.6152380704879761 0.032380953431129456 0.03619047626852989
2 0.8733333349227905 0.31857141852378845 0.013333333656191826 0.02380952425301075
2 0.846666693687439 0.4219047725200653 0.017142856493592262 0.022857142612338066
2 0.8719047904014587 0.4942857027053833 0.02190476283431053 0.032380953431129456
2 0.7757142782211304 0.5895237922668457 0.025714285671710968 0.030476190149784088
4 0.7723809480667114 0.4585714340209961 0.07809523493051529 0.11142857372760773
4 0.723809540271759 0.5795238018035889 0.08761905133724213 0.1190476194024086
4 0.9876190423965454 0.49047619104385376 0.024761904031038284 0.095238097012043
4 0.9352381229400635 0.48476189374923706 0.060952380299568176 0.1009523794054985
4 0.9052380919456482 0.5990476012229919 0.0771428570151329 0.11999999731779099
5 0.7714285850524902 0.7842857241630554 0.09333333373069763 0.13809524476528168
1 0.6023809313774109 0.8790476322174072 0.025714285671710968 0.02857142873108387
3 0.6371428370475769 0.8847619295120239 0.022857142612338066 0.05904762074351311
1 0.6466666460037231 0.8747618794441223 0.032380953431129456 0.029523810371756554
10 0.5485714077949524 0.5485714077949524 0.03809523954987526 0.03809523954987526
10 0.503333330154419 0.6252381205558777 0.04476190358400345 0.027619047090411186
10 0.4266666769981384 0.7699999809265137 0.05523809418082237 0.03333333507180214
4 0.8028571605682373 0.9328571557998657 0.1066666692495346 0.13238094747066498
4 0.5342857241630554 0.9714285731315613 0.0895238071680069 0.05714285746216774
4 0.3442857265472412 0.9847618937492371 0.03142857179045677 0.02857142873108387
