0 0.0 0.6097715497016907 0.0 0.02157360315322876
0 0.04124365374445915 0.6630710363388062 0.029187817126512527 0.07233502715826035
0 0.008248730562627316 0.6967005133628845 0.008883249014616013 0.022842640057206154
1 0.05710659921169281 0.720812201499939 0.005076142027974129 0.010152284055948257
1 0.013324873521924019 0.8115482330322266 0.006345177534967661 0.008883249014616013
0 0.023477157577872276 0.7925127148628235 0.013959391042590141 0.026649747043848038
1 0.0 0.9225888252258301 0.0 0.007614213041961193
1 0.047588832676410675 0.9073604345321655 0.008883249014616013 0.010152284055948257
1 0.0482233501970768 0.7677664756774902 0.007614213041961193 0.007614213041961193
0 0.050126902759075165 0.7836294174194336 0.01903553307056427 0.011421320028603077
0 0.31979694962501526 0.3864213228225708 0.017766498029232025 0.01903553307056427
1 0.2531725764274597 0.42449238896369934 0.006345177534967661 0.011421320028603077
1 0.1560913771390915 0.4295685291290283 0.005076142027974129 0.011421320028603077
1 0.14974619448184967 0.4295685291290283 0.005076142027974129 0.011421320028603077
1 0.2557106614112854 0.4771573543548584 0.0038071065209805965 0.007614213041961193
1 0.24809645116329193 0.47842639684677124 0.006345177534967661 0.007614213041961193
1 0.255076140165329 0.47017765045166016 0.005076142027974129 0.008883249014616013
1 0.25 0.4695431590080261 0.005076142027974129 0.010152284055948257
1 0.24492385983467102 0.471446692943573 0.005076142027974129 0.008883249014616013
2 0.33375635743141174 0.4695431590080261 0.007614213041961193 0.010152284055948257
2 0.312182754278183 0.4911167621612549 0.005076142027974129 0.005076142027974129
2 0.30583757162094116 0.4942893385887146 0.007614213041961193 0.006345177534967661
2 0.2988578677177429 0.49809643626213074 0.0038071065209805965 0.006345177534967661
2 0.12119289487600327 0.5456852912902832 0.006345177534967661 0.007614213041961193
2 0.1078680232167244 0.549492359161377 0.007614213041961193 0.007614213041961193
1 0.14276649057865143 0.529187798500061 0.006345177534967661 0.007614213041961193
1 0.13705584406852722 0.5304568409919739 0.005076142027974129 0.007614213041961193
1 0.25126904249191284 0.49302029609680176 0.007614213041961193 0.008883249014616013
1 0.2664974629878998 0.4968274235725403 0.0025380710139870644 0.0038071065209805965
1 0.3007614314556122 0.48984771966934204 0.005076142027974129 0.007614213041961193
1 0.2925126850605011 0.4936548173427582 0.006345177534967661 0.010152284055948257
2 0.1503807157278061 0.539340078830719 0.006345177534967661 0.007614213041961193
2 0.14276649057865143 0.5406091213226318 0.0038071065209805965 0.007614213041961193
2 0.13515228033065796 0.5406091213226318 0.0038071065209805965 0.005076142027974129
2 0.1846446692943573 0.5298223495483398 0.006345177534967661 0.006345177534967661
2 0.19162435829639435 0.5272842645645142 0.005076142027974129 0.006345177534967661
2 0.19670051336288452 0.5247461795806885 0.005076142027974129 0.006345177534967661
2 0.2074873149394989 0.5228426456451416 0.006345177534967661 0.007614213041961193
2 0.24048224091529846 0.5133248567581177 0.0038071065209805965 0.006345177534967661
2 0.2531725764274597 0.5063451528549194 0.0038071065209805965 0.010152284055948257
2 0.25951775908470154 0.5076141953468323 0.0038071065209805965 0.007614213041961193
2 0.2645938992500305 0.5057106614112854 0.0038071065209805965 0.006345177534967661
2 0.2703045606613159 0.5038071274757385 0.0025380710139870644 0.007614213041961193
2 0.2753807008266449 0.5 0.005076142027974129 0.007614213041961193
0 0.35406091809272766 0.500634491443634 0.020304568111896515 0.036802031099796295
1 0.3813451826572418 0.4822334945201874 0.0038071065209805965 0.012690355069935322
1 0.3756345212459564 0.4809644818305969 0.005076142027974129 0.007614213041961193
1 0.0939086303114891 0.6573604345321655 0.005076142027974129 0.010152284055948257
1 0.102157361805439 0.7119289636611938 0.0038071065209805965 0.007614213041961193
1 0.09137056022882462 0.7252538204193115 0.007614213041961193 0.008883249014616013
1 0.08312182873487473 0.7252538204193115 0.006345177534967661 0.008883249014616013
1 0.3724619150161743 0.6998730897903442 0.0038071065209805965 0.008883249014616013
0 0.1700507551431656 0.7671319842338562 0.015228426083922386 0.02157360315322876
0 0.13007614016532898 0.8407360315322876 0.06218273937702179 0.039340101182460785
0 0.2690355181694031 0.778553307056427 0.010152284055948257 0.008883249014616013
0 0.3502538204193115 0.7779187560081482 0.0482233501970768 0.03553299605846405
0 0.2588832378387451 0.807106614112854 0.030456852167844772 0.03299492225050926
0 0.20621827244758606 0.8248730897903442 0.04441624507308006 0.020304568111896515
1 0.15228426456451416 0.8724619150161743 0.005076142027974129 0.008883249014616013
0 0.16878172755241394 0.8616751432418823 0.030456852167844772 0.027918782085180283
1 0.1078680232167244 0.9879441857337952 0.007614213041961193 0.011421320028603077
1 0.3032994866371155 0.903553307056427 0.005076142027974129 0.010152284055948257
0 0.3090101480484009 0.9371827244758606 0.05203045532107353 0.04949238523840904
0 0.48730963468551636 0.7607868313789368 0.030456852167844772 0.0241116750985384
0 0.4752538204193115 0.9092639684677124 0.02157360315322876 0.03172588720917702
1 0.4409898519515991 0.8813451528549194 0.006345177534967661 0.011421320028603077
1 0.4156091511249542 0.8654822111129761 0.006345177534967661 0.007614213041961193
1 0.3946700394153595 0.8534263968467712 0.005076142027974129 0.008883249014616013
1 0.380076140165329 0.8546954393386841 0.0038071065209805965 0.008883249014616013
1 0.38515228033065796 0.8546954393386841 0.0038071065209805965 0.006345177534967661
1 0.5920050740242004 0.8261421322822571 0.006345177534967661 0.012690355069935322
1 0.6909898519515991 0.7779187560081482 0.008883249014616013 0.007614213041961193
1 0.7011421322822571 0.7753807306289673 0.006345177534967661 0.007614213041961193
1 0.6802030205726624 0.7804568409919739 0.005076142027974129 0.007614213041961193
1 0.6871827244758606 0.788705587387085 0.006345177534967661 0.008883249014616013
1 0.7024111747741699 0.7861675024032593 0.0038071065209805965 0.008883249014616013
1 0.6789340376853943 0.875 0.007614213041961193 0.008883249014616013
9 0.5621827244758606 0.924492359161377 0.1421319842338562 0.07741116732358932
5 0.6567258834838867 0.9841370582580566 0.06725887954235077 0.029187817126512527
1 0.44796955585479736 0.8096446990966797 0.007614213041961193 0.007614213041961193
1 0.4143401086330414 0.807106614112854 0.006345177534967661 0.010152284055948257
1 0.6814720630645752 0.7512690424919128 0.007614213041961193 0.012690355069935322
1 0.7068527936935425 0.7474619150161743 0.005076142027974129 0.012690355069935322
1 0.6046954393386841 0.7252538204193115 0.006345177534967661 0.008883249014616013
1 0.5970812439918518 0.7284263968467712 0.0038071065209805965 0.010152284055948257
1 0.6091370582580566 0.7081218361854553 0.0025380710139870644 0.007614213041961193
1 0.6611675024032593 0.6960659623146057 0.005076142027974129 0.008883249014616013
1 0.7055837512016296 0.663705587387085 0.005076142027974129 0.010152284055948257
1 0.711294412612915 0.6757614016532898 0.006345177534967661 0.008883249014616013
1 0.5317258834838867 0.6973350048065186 0.005076142027974129 0.008883249014616013
1 0.5025380849838257 0.7043147087097168 0.005076142027974129 0.007614213041961193
1 0.5272842645645142 0.7055837512016296 0.0038071065209805965 0.007614213041961193
1 0.529187798500061 0.6529187560081482 0.005076142027974129 0.008883249014616013
1 0.4511421322822571 0.7252538204193115 0.006345177534967661 0.006345177534967661
1 0.4041878283023834 0.6833756566047668 0.006345177534967661 0.011421320028603077
1 0.3953045606613159 0.6846446990966797 0.0038071065209805965 0.006345177534967661
1 0.5431472063064575 0.6294416189193726 0.005076142027974129 0.007614213041961193
1 0.5482233762741089 0.624365508556366 0.0025380710139870644 0.005076142027974129
1 0.5710659623146057 0.6307106614112854 0.005076142027974129 0.005076142027974129
1 0.575507640838623 0.6402284502983093 0.0038071065209805965 0.006345177534967661
1 0.6104061007499695 0.6046954393386841 0.007614213041961193 0.006345177534967661
1 0.6294416189193726 0.5513959527015686 0.005076142027974129 0.008883249014616013
1 0.6199238300323486 0.6027919054031372 0.006345177534967661 0.007614213041961193
1 0.6230964660644531 0.5463197827339172 0.005076142027974129 0.008883249014616013
0 0.6059644818305969 0.5336294174194336 0.011421320028603077 0.01649746112525463
0 0.6142131686210632 0.567893385887146 0.022842640057206154 0.036802031099796295
1 0.6675127148628235 0.6046954393386841 0.005076142027974129 0.008883249014616013
0 0.585659921169281 0.5044416189193726 0.03172588720917702 0.02157360315322876
0 0.557106614112854 0.45050761103630066 0.03807106614112854 0.0482233501970768
0 0.6979695558547974 0.47842639684677124 0.027918782085180283 0.053299494087696075
1 0.5361675024032593 0.4054568409919739 0.0038071065209805965 0.011421320028603077
1 0.5076141953468323 0.4409898519515991 0.007614213041961193 0.011421320028603077
1 0.6224619150161743 0.07868020236492157 0.0038071065209805965 0.010152284055948257
1 0.6211928725242615 0.06598984450101852 0.0038071065209805965 0.007614213041961193
4 0.6859136819839478 0.06662436574697495 0.026649747043848038 0.029187817126512527
4 0.7595177888870239 0.02982233464717865 0.026649747043848038 0.03172588720917702
1 0.9511421322822571 0.05456852912902832 0.0038071065209805965 0.010152284055948257
1 0.7474619150161743 0.2956852912902832 0.0025380710139870644 0.007614213041961193
0 0.7525380849838257 0.6472080945968628 0.04568528011441231 0.06345177441835403
0 0.7728426456451416 0.6973350048065186 0.03807106614112854 0.034263961017131805
1 0.7829949259757996 0.7538071274757385 0.005076142027974129 0.010152284055948257
1 0.7766497731208801 0.7487309575080872 0.005076142027974129 0.010152284055948257
1 0.7703045606613159 0.75 0.005076142027974129 0.010152284055948257
1 0.807106614112854 0.7626903653144836 0.007614213041961193 0.007614213041961193
1 0.7728426456451416 0.7741116881370544 0.007614213041961193 0.012690355069935322
1 0.7658629417419434 0.7829949259757996 0.0038071065209805965 0.010152284055948257
1 0.7779187560081482 0.7950507402420044 0.007614213041961193 0.008883249014616013
1 0.7563451528549194 0.7918781638145447 0.005076142027974129 0.005076142027974129
1 0.760152280330658 0.778553307056427 0.005076142027974129 0.006345177534967661
1 0.7373096346855164 0.7918781638145447 0.005076142027974129 0.007614213041961193
1 0.760152280330658 0.8007614016532898 0.005076142027974129 0.005076142027974129
1 0.7709391117095947 0.8147208094596863 0.006345177534967661 0.010152284055948257
1 0.7576141953468323 0.8159898519515991 0.005076142027974129 0.007614213041961193
1 0.8128172755241394 0.8604061007499695 0.008883249014616013 0.007614213041961193
1 0.8147208094596863 0.8521573543548584 0.007614213041961193 0.006345177534967661
1 0.7766497731208801 0.8800761699676514 0.010152284055948257 0.008883249014616013
1 0.8984771370887756 0.8623096346855164 0.005076142027974129 0.011421320028603077
1 0.9302030205726624 0.8394669890403748 0.007614213041961193 0.008883249014616013
1 0.7988578677177429 0.7696700692176819 0.0038071065209805965 0.011421320028603077
1 0.7817258834838867 0.7817258834838867 0.005076142027974129 0.007614213041961193
1 0.8261421322822571 0.9511421322822571 0.007614213041961193 0.011421320028603077
1 0.8121827244758606 0.9486040472984314 0.007614213041961193 0.008883249014616013
1 0.7880710363388062 0.9092639684677124 0.005076142027974129 0.008883249014616013
1 0.7804568409919739 0.9060913920402527 0.005076142027974129 0.007614213041961193
