9 0.05047618970274925 0.4052380919456482 0.1009523794054985 0.3514285683631897
5 0.03095238097012043 0.12428571283817291 0.06190476194024086 0.0771428570151329
4 0.08857142925262451 0.15000000596046448 0.06857142597436905 0.07333333045244217
4 0.17952381074428558 0.19238094985485077 0.08095238357782364 0.07999999821186066
7 0.12619048357009888 0.09761904925107956 0.04285714402794838 0.04095238074660301
5 0.15809524059295654 0.06380952149629593 0.04952380806207657 0.07238095253705978
10 0.017142856493592262 0.03095238097012043 0.024761904031038284 0.03333333507180214
5 0.20380952954292297 0.012380952015519142 0.030476190149784088 0.024761904031038284
5 0.2495238035917282 0.010476190596818924 0.03999999910593033 0.020952381193637848
4 0.23095238208770752 0.2566666603088379 0.0657142847776413 0.0771428570151329
4 0.33571428060531616 0.24571429193019867 0.06761904805898666 0.09333333373069763
4 0.3047619163990021 0.35904762148857117 0.06857142597436905 0.08761905133724213
4 0.4461904764175415 0.2914285659790039 0.08857142925262451 0.08380952477455139
1 0.5561904907226562 0.16571427881717682 0.013333333656191826 0.04571428522467613
3 0.584761917591095 0.2690476179122925 0.024761904031038284 0.03333333507180214
2 0.5823809504508972 0.24714285135269165 0.014285714365541935 0.027619047090411186
1 0.5414285659790039 0.40142858028411865 0.029523810371756554 0.05428571254014969
10 0.6752380728721619 0.35380953550338745 0.060952380299568176 0.03142857179045677
10 0.70333331823349 0.3990476131439209 0.03142857179045677 0.051428571343421936
1 0.70333331823349 0.392380952835083 0.019999999552965164 0.03619047626852989
4 0.43047618865966797 0.44904762506484985 0.07809523493051529 0.12285714596509933
4 0.27047619223594666 0.47380951046943665 0.09904761612415314 0.13238094747066498
4 0.19952380657196045 0.6433333158493042 0.10952381044626236 0.1361904740333557
4 0.38428571820259094 0.7947618961334229 0.12095238268375397 0.22952380776405334
4 0.13523809611797333 0.8476190567016602 0.1428571492433548 0.2380952388048172
4 0.058095239102840424 0.7480952143669128 0.11619047820568085 0.2085714340209961
1 0.4823809564113617 0.6757143139839172 0.02380952425301075 0.058095239102840424
3 0.6299999952316284 0.08285713940858841 0.037142857909202576 0.024761904031038284
10 0.6271428465843201 0.05999999865889549 0.010476190596818924 0.022857142612338066
10 0.6266666650772095 0.015714285895228386 0.022857142612338066 0.02190476283431053
