4 0.4911167621612549 0.6453045606613159 0.030456852167844772 0.07233502715826035
4 0.7062183022499084 0.692258894443512 0.03172588720917702 0.0824873074889183
4 0.7087563276290894 0.4720812141895294 0.036802031099796295 0.07360406219959259
4 0.7836294174194336 0.39593908190727234 0.03172588720917702 0.08375634253025055
4 0.8604061007499695 0.49555838108062744 0.04568528011441231 0.09010152518749237
4 0.8121827244758606 0.7170050740242004 0.03299492225050926 0.08629441261291504
4 0.760152280330658 0.8109136819839478 0.030456852167844772 0.07868020236492157
4 0.654187798500061 0.9784263968467712 0.029187817126512527 0.03553299605846405
4 0.7062183022499084 0.9771573543548584 0.029187817126512527 0.04314720630645752
4 0.8984771370887756 0.903553307056427 0.04060913622379303 0.0964467003941536
4 0.8217005133628845 0.25697970390319824 0.05456852912902832 0.0850253775715828
5 0.739847719669342 0.23350253701210022 0.060913704335689545 0.07360406219959259
4 0.8426395654678345 0.16687817871570587 0.03807106614112854 0.0850253775715828
