4 0.037142857909202576 0.47952380776405334 0.051428571343421936 0.03523809462785721
4 0.07238095253705978 0.4461904764175415 0.0476190485060215 0.027619047090411186
4 0.09285714477300644 0.5409523844718933 0.05428571254014969 0.032380953431129456
4 0.21047618985176086 0.5333333611488342 0.0476190485060215 0.032380953431129456
4 0.42476189136505127 0.5528571605682373 0.05904762074351311 0.03333333507180214
4 0.38999998569488525 0.6352381110191345 0.05999999865889549 0.03809523954987526
6 0.5138095021247864 0.6366666555404663 0.10571428388357162 0.058095239102840424
4 0.06142857298254967 0.16857142746448517 0.03333333507180214 0.009523809887468815
4 0.12857143580913544 0.2090476155281067 0.015238095074892044 0.029523810371756554
10 0.08714285492897034 0.20999999344348907 0.010476190596818924 0.016190476715564728
10 0.07523809373378754 0.20952381193637848 0.009523809887468815 0.015238095074892044
4 0.1552380919456482 0.21238094568252563 0.02666666731238365 0.022857142612338066
4 0.16523809731006622 0.19238094985485077 0.037142857909202576 0.020952381193637848
1 0.0 0.04285714402794838 0.0 0.011428571306169033
4 0.4828571379184723 0.28761905431747437 0.02666666731238365 0.032380953431129456
4 0.5080952644348145 0.2866666615009308 0.029523810371756554 0.030476190149784088
4 0.572857141494751 0.2909523844718933 0.027619047090411186 0.029523810371756554
4 0.5976190567016602 0.3033333420753479 0.018095238134264946 0.02380952425301075
5 0.5400000214576721 0.2857142984867096 0.02666666731238365 0.02857142873108387
5 0.6219047904014587 0.29952380061149597 0.022857142612338066 0.03142857179045677
10 0.5157142877578735 0.8209523558616638 0.010476190596818924 0.022857142612338066
3 0.5152381062507629 0.7980952262878418 0.009523809887468815 0.022857142612338066
3 0.522857129573822 0.8014285564422607 0.007619047537446022 0.025714285671710968
3 0.5319047570228577 0.8047618865966797 0.008571428246796131 0.022857142612338066
3 0.6180952191352844 0.8304761648178101 0.0057142856530845165 0.022857142612338066
3 0.6366666555404663 0.8328571319580078 0.006666666828095913 0.027619047090411186
3 0.6438094973564148 0.8361904621124268 0.007619047537446022 0.024761904031038284
0 0.296190470457077 0.6838095188140869 0.024761904031038284 0.017142856493592262
