1 0.7366751432418823 0.4746192991733551 0.011421320028603077 0.025380710139870644
9 0.6770304441452026 0.4314720928668976 0.06979695707559586 0.07868020236492157
4 0.8013959527015686 0.3889593780040741 0.05203045532107353 0.03172588720917702
10 0.9086294174194336 0.3718274235725403 0.03299492225050926 0.017766498029232025
10 0.9492385983467102 0.3718274235725403 0.027918782085180283 0.017766498029232025
1 0.9340101480484009 0.37373095750808716 0.007614213041961193 0.02157360315322876
1 0.9175127148628235 0.3781725764274597 0.010152284055948257 0.020304568111896515
1 0.9067258834838867 0.38197970390319824 0.011421320028603077 0.015228426083922386
9 0.9600253701210022 0.22271573543548584 0.039340101182460785 0.08756345510482788
4 0.8642131686210632 0.2296954244375229 0.025380710139870644 0.03807106614112854
9 0.989847719669342 0.10850253701210022 0.020304568111896515 0.03172588720917702
4 0.24365481734275818 0.9682741165161133 0.09137056022882462 0.060913704335689545
4 0.175761416554451 0.9314720630645752 0.08756345510482788 0.09137056022882462
4 0.11294416338205338 0.8711928725242615 0.08883249014616013 0.07994923740625381
4 0.26269036531448364 0.6484771370887756 0.07868020236492157 0.06345177441835403
4 0.17385786771774292 0.4822334945201874 0.0710659921169281 0.04314720630645752
5 0.37055838108062744 0.39593908190727234 0.07360406219959259 0.055837564170360565
5 0.38832488656044006 0.40736040472984314 0.06852792203426361 0.053299494087696075
4 0.43020305037498474 0.4206852912902832 0.04568528011441231 0.04441624507308006
5 0.40799492597579956 0.04314720630645752 0.036802031099796295 0.022842640057206154
4 0.4892131984233856 0.023477157577872276 0.04441624507308006 0.029187817126512527
4 0.5126903653144836 0.020304568111896515 0.03299492225050926 0.020304568111896515
5 0.5767766237258911 0.008248730562627316 0.04695431515574455 0.01649746112525463
0 0.4917512834072113 0.37690356373786926 0.07994923740625381 0.11421319842338562
