9 0.9187816977500916 0.5266497731208801 0.1446700543165207 0.20558375120162964
4 0.8090101480484009 0.7722080945968628 0.06472080945968628 0.10279187560081482
4 0.6516497731208801 0.739847719669342 0.0596446692943573 0.09137056022882462
4 0.731598973274231 0.37055838108062744 0.04695431515574455 0.053299494087696075
5 0.8591370582580566 0.2100253850221634 0.05076142027974129 0.05456852912902832
4 0.4803299605846405 0.5 0.036802031099796295 0.04568528011441231
4 0.37944161891937256 0.09581217914819717 0.03299492225050926 0.03172588720917702
4 0.4942893385887146 0.01903553307056427 0.03172588720917702 0.03807106614112854
2 0.75 0.10469543188810349 0.007614213041961193 0.011421320028603077
10 0.7512690424919128 0.10723350197076797 0.017766498029232025 0.02157360315322876
