5 0.9828680157661438 0.0425126887857914 0.034263961017131805 0.02157360315322876
5 0.9536802172660828 0.02220812253654003 0.034263961017131805 0.01649746112525463
4 0.932741105556488 0.04441624507308006 0.03299492225050926 0.027918782085180283
4 0.7861675024032593 0.04885786771774292 0.026649747043848038 0.0241116750985384
4 0.7652284502983093 0.1338832527399063 0.027918782085180283 0.0241116750985384
2 0.7620558142662048 0.5361675024032593 0.011421320028603077 0.01903553307056427
10 0.7626903653144836 0.5355330109596252 0.017766498029232025 0.030456852167844772
1 0.34835025668144226 0.4746192991733551 0.011421320028603077 0.025380710139870644
9 0.28870558738708496 0.4314720928668976 0.06979695707559586 0.07868020236492157
4 0.41307106614112854 0.3889593780040741 0.05203045532107353 0.03172588720917702
10 0.5203045606613159 0.3718274235725403 0.03299492225050926 0.017766498029232025
10 0.5609136819839478 0.3718274235725403 0.027918782085180283 0.017766498029232025
1 0.5456852912902832 0.37373095750808716 0.007614213041961193 0.02157360315322876
1 0.529187798500061 0.3781725764274597 0.010152284055948257 0.020304568111896515
1 0.518401026725769 0.38197970390319824 0.011421320028603077 0.015228426083922386
10 0.7163705825805664 0.39593908190727234 0.013959391042590141 0.025380710139870644
10 0.6903553009033203 0.3217005133628845 0.015228426083922386 0.01903553307056427
10 0.682106614112854 0.3045685291290283 0.011421320028603077 0.020304568111896515
10 0.6776649951934814 0.283629447221756 0.027918782085180283 0.01649746112525463
1 0.6967005133628845 0.2722081243991852 0.007614213041961193 0.01649746112525463
1 0.6890863180160522 0.2588832378387451 0.007614213041961193 0.017766498029232025
1 0.6979695558547974 0.25190356373786926 0.007614213041961193 0.01649746112525463
1 0.6954314708709717 0.24873095750808716 0.005076142027974129 0.017766498029232025
10 0.6694162487983704 0.2531725764274597 0.013959391042590141 0.01903553307056427
10 0.6630710363388062 0.23730964958667755 0.026649747043848038 0.017766498029232025
10 0.6757614016532898 0.26840102672576904 0.0241116750985384 0.01649746112525463
4 0.6522842645645142 0.21827411651611328 0.025380710139870644 0.022842640057206154
9 0.5717005133628845 0.22271573543548584 0.039340101182460785 0.08756345510482788
4 0.47588831186294556 0.2296954244375229 0.025380710139870644 0.03807106614112854
5 0.6440355181694031 0.17956852912902832 0.02157360315322876 0.03172588720917702
9 0.6110405921936035 0.10850253701210022 0.039340101182460785 0.03172588720917702
5 0.009517766535282135 0.39593908190727234 0.01903553307056427 0.055837564170360565
5 0.017131980508565903 0.40736040472984314 0.034263961017131805 0.053299494087696075
4 0.041878171265125275 0.4206852912902832 0.04568528011441231 0.04441624507308006
5 0.019670050591230392 0.04314720630645752 0.036802031099796295 0.022842640057206154
4 0.10088832676410675 0.023477157577872276 0.04441624507308006 0.029187817126512527
4 0.12436547875404358 0.020304568111896515 0.03299492225050926 0.020304568111896515
5 0.18845178186893463 0.008248730562627316 0.04695431515574455 0.01649746112525463
0 0.10342639684677124 0.37690356373786926 0.07994923740625381 0.11421319842338562
