1 0.5361675024032593 0.1763959378004074 0.01649746112525463 0.025380710139870644
1 0.7772842645645142 0.036802031099796295 0.006345177534967661 0.017766498029232025
1 0.7836294174194336 0.02982233464717865 0.006345177534967661 0.01649746112525463
1 0.8007614016532898 0.07487309724092484 0.007614213041961193 0.020304568111896515
1 0.8109136819839478 0.06789340078830719 0.007614213041961193 0.01649746112525463
1 0.7766497731208801 0.018401015549898148 0.005076142027974129 0.013959391042590141
1 0.7715736031532288 0.017131980508565903 0.007614213041961193 0.011421320028603077
1 0.7696700692176819 0.028553299605846405 0.008883249014616013 0.01649746112525463
1 0.6916243433952332 0.04314720630645752 0.007614213041961193 0.020304568111896515
0 0.6763959527015686 0.06027918681502342 0.03299492225050926 0.029187817126512527
0 0.8946700692176819 0.027918782085180283 0.03807106614112854 0.03299492225050926
0 0.7087563276290894 0.11865482479333878 0.029187817126512527 0.0241116750985384
0 0.6979695558547974 0.17131979763507843 0.03807106614112854 0.03553299605846405
0 0.6294416189193726 0.204314723610878 0.04060913622379303 0.030456852167844772
0 0.6326141953468323 0.2417512685060501 0.04695431515574455 0.039340101182460785
0 0.5907360315322876 0.2703045606613159 0.03172588720917702 0.03553299605846405
0 0.5736040472984314 0.21637055277824402 0.017766498029232025 0.0241116750985384
0 0.6763959527015686 0.2696700394153595 0.03807106614112854 0.04441624507308006
0 0.720812201499939 0.23730964958667755 0.060913704335689545 0.0482233501970768
0 0.788705587387085 0.22335025668144226 0.06218273937702179 0.0482233501970768
1 0.8489847779273987 0.18337564170360565 0.007614213041961193 0.0241116750985384
1 0.8673858046531677 0.16814720630645752 0.011421320028603077 0.02157360315322876
1 0.8673858046531677 0.1307106614112854 0.006345177534967661 0.022842640057206154
1 0.845812201499939 0.1135786771774292 0.006345177534967661 0.02157360315322876
1 0.8223350048065186 0.10088832676410675 0.007614213041961193 0.01649746112525463
1 0.8381979465484619 0.08058375865221024 0.011421320028603077 0.0241116750985384
1 0.8489847779273987 0.08756345510482788 0.010152284055948257 0.015228426083922386
1 0.8559644818305969 0.11230964213609695 0.008883249014616013 0.01649746112525463
1 0.8781725764274597 0.12055837363004684 0.010152284055948257 0.017766498029232025
1 0.8946700692176819 0.12119289487600327 0.010152284055948257 0.02157360315322876
1 0.8819797039031982 0.09708122164011002 0.007614213041961193 0.01903553307056427
2 0.8058375716209412 0.175761416554451 0.010152284055948257 0.011421320028603077
2 0.7823604345321655 0.16116751730442047 0.008883249014616013 0.015228426083922386
1 0.8477157354354858 0.16560913622379303 0.007614213041961193 0.01903553307056427
1 0.864847719669342 0.09708122164011002 0.008883249014616013 0.01649746112525463
1 0.8673858046531677 0.11167512834072113 0.006345177534967661 0.017766498029232025
1 0.8902284502983093 0.09200507402420044 0.006345177534967661 0.01649746112525463
1 0.8997461795806885 0.10850253701210022 0.010152284055948257 0.02157360315322876
1 0.817893385887146 0.08946700394153595 0.006345177534967661 0.011421320028603077
1 0.8204314708709717 0.08058375865221024 0.008883249014616013 0.01649746112525463
1 0.8274111747741699 0.07994923740625381 0.007614213041961193 0.020304568111896515
0 0.5139594078063965 0.34200507402420044 0.04060913622379303 0.036802031099796295
0 0.5729695558547974 0.37309643626213074 0.04695431515574455 0.04314720630645752
0 0.5190355181694031 0.43591371178627014 0.03807106614112854 0.041878171265125275
0 0.39593908190727234 0.4968274235725403 0.12182740867137909 0.11040609329938889
2 0.4796954393386841 0.4517766535282135 0.020304568111896515 0.012690355069935322
0 0.5526649951934814 0.6173858046531677 0.06472080945968628 0.07994923740625381
0 0.5996192693710327 0.6618020534515381 0.039340101182460785 0.041878171265125275
0 0.6472080945968628 0.7062183022499084 0.055837564170360565 0.06472080945968628
2 0.7068527936935425 0.7252538204193115 0.020304568111896515 0.03172588720917702
2 0.7201776504516602 0.7246192693710327 0.008883249014616013 0.025380710139870644
2 0.7322335243225098 0.7239847779273987 0.015228426083922386 0.026649747043848038
0 0.7842639684677124 0.7138324975967407 0.0710659921169281 0.07741116732358932
0 0.8813451528549194 0.6776649951934814 0.11802030354738235 0.1446700543165207
1 0.9968274235725403 0.283629447221756 0.006345177534967661 0.0241116750985384
0 0.9593908786773682 0.43845176696777344 0.04060913622379303 0.034263961017131805
1 0.9213197827339172 0.19796954095363617 0.010152284055948257 0.022842640057206154
1 0.9511421322822571 0.21827411651611328 0.006345177534967661 0.020304568111896515
1 0.9562183022499084 0.18972080945968628 0.008883249014616013 0.02157360315322876
1 0.9486040472984314 0.1935279220342636 0.006345177534967661 0.01649746112525463
1 0.9467005133628845 0.21256345510482788 0.010152284055948257 0.0241116750985384
0 0.9904822111129761 0.11802030354738235 0.01903553307056427 0.027918782085180283
0 0.9486040472984314 0.06916243582963943 0.05710659921169281 0.06979695707559586
1 0.9187816977500916 0.11992385983467102 0.007614213041961193 0.01903553307056427
1 0.9213197827339172 0.11611675471067429 0.005076142027974129 0.01649746112525463
