4 0.36047619581222534 0.16809523105621338 0.03142857179045677 0.039047617465257645
4 0.24238094687461853 0.1609523743391037 0.046666666865348816 0.022857142612338066
4 0.23476190865039825 0.17428570985794067 0.05047618970274925 0.02666666731238365
10 0.2623809576034546 0.13857142627239227 0.014285714365541935 0.018095238134264946
10 0.23999999463558197 0.1366666704416275 0.011428571306169033 0.019999999552965164
10 0.3199999928474426 0.14380952715873718 0.009523809887468815 0.017142856493592262
10 0.31142857670783997 0.1428571492433548 0.007619047537446022 0.015238095074892044
10 0.3038095235824585 0.142380952835083 0.011428571306169033 0.016190476715564728
10 0.2314285784959793 0.1376190483570099 0.011428571306169033 0.016190476715564728
3 0.2552380859851837 0.14047619700431824 0.009523809887468815 0.012380952015519142
4 0.46142858266830444 0.22190475463867188 0.04857143014669418 0.02666666731238365
4 0.2314285784959793 0.2852380871772766 0.04380952566862106 0.037142857909202576
4 0.25952380895614624 0.28857141733169556 0.039047617465257645 0.032380953431129456
2 0.13333334028720856 0.2914285659790039 0.011428571306169033 0.017142856493592262
10 0.13333334028720856 0.296190470457077 0.01904761977493763 0.011428571306169033
10 0.23428571224212646 0.3685714304447174 0.020952381193637848 0.017142856493592262
2 0.22857142984867096 0.36476191878318787 0.013333333656191826 0.017142856493592262
2 0.1609523743391037 0.33666667342185974 0.01904761977493763 0.012380952015519142
1 0.15238095819950104 0.3333333432674408 0.013333333656191826 0.020952381193637848
4 0.3704761862754822 0.26523810625076294 0.03809523954987526 0.04857143014669418
4 0.3976190388202667 0.2676190435886383 0.03142857179045677 0.041904762387275696
4 0.5571428537368774 0.20999999344348907 0.03809523954987526 0.04095238074660301
4 0.6438094973564148 0.21619047224521637 0.034285712987184525 0.04571428522467613
4 0.7333333492279053 0.190476194024086 0.02666666731238365 0.04380952566862106
4 0.7614285945892334 0.190476194024086 0.027619047090411186 0.03619047626852989
4 0.7952380776405334 0.11619047820568085 0.02857142873108387 0.032380953431129456
4 0.7285714149475098 0.130952388048172 0.051428571343421936 0.02380952425301075
1 0.7057142853736877 0.3495238125324249 0.011428571306169033 0.01904761977493763
1 0.7195237874984741 0.3642857074737549 0.008571428246796131 0.025714285671710968
2 0.7233333587646484 0.4104761779308319 0.010476190596818924 0.01904761977493763
2 0.6995238065719604 0.41428571939468384 0.012380952015519142 0.015238095074892044
2 0.6909523606300354 0.3795238137245178 0.008571428246796131 0.016190476715564728
2 0.592380940914154 0.4057142734527588 0.011428571306169033 0.01904761977493763
2 0.7680952548980713 0.3519047498703003 0.012380952015519142 0.018095238134264946
2 0.7776190638542175 0.3152380883693695 0.008571428246796131 0.017142856493592262
2 0.7857142686843872 0.33523809909820557 0.013333333656191826 0.020952381193637848
2 0.8071428537368774 0.3338095247745514 0.016190476715564728 0.018095238134264946
2 0.7914285659790039 0.2676190435886383 0.009523809887468815 0.017142856493592262
2 0.8238095045089722 0.34761905670166016 0.009523809887468815 0.017142856493592262
2 0.8242856860160828 0.36571428179740906 0.014285714365541935 0.01904761977493763
2 0.8390476107597351 0.3685714304447174 0.011428571306169033 0.01904761977493763
2 0.8571428656578064 0.2904762029647827 0.013333333656191826 0.015238095074892044
2 0.8128571510314941 0.2852380871772766 0.010476190596818924 0.016190476715564728
2 0.8028571605682373 0.2547619044780731 0.009523809887468815 0.014285714365541935
2 0.7909523844718933 0.23952381312847137 0.006666666828095913 0.014285714365541935
2 0.8023809790611267 0.23333333432674408 0.008571428246796131 0.015238095074892044
10 0.8023809790611267 0.23619048297405243 0.010476190596818924 0.017142856493592262
10 0.7900000214576721 0.23999999463558197 0.010476190596818924 0.015238095074892044
10 0.8033333420753479 0.2571428716182709 0.010476190596818924 0.017142856493592262
10 0.7904762029647827 0.272857129573822 0.011428571306169033 0.02190476283431053
10 0.8561905026435852 0.28952381014823914 0.011428571306169033 0.022857142612338066
3 0.8152381181716919 0.2904762029647827 0.009523809887468815 0.01904761977493763
3 0.7766666412353516 0.31904762983322144 0.010476190596818924 0.01904761977493763
10 0.7857142686843872 0.3409523665904999 0.013333333656191826 0.01904761977493763
10 0.8100000023841858 0.3390476107597351 0.012380952015519142 0.020952381193637848
10 0.8214285969734192 0.35285714268684387 0.012380952015519142 0.018095238134264946
10 0.8238095045089722 0.3700000047683716 0.017142856493592262 0.019999999552965164
10 0.8385714292526245 0.3733333349227905 0.014285714365541935 0.020952381193637848
10 0.7676190733909607 0.3566666543483734 0.011428571306169033 0.018095238134264946
10 0.7233333587646484 0.41285714507102966 0.02190476283431053 0.012380952015519142
10 0.7004761695861816 0.4176190495491028 0.010476190596818924 0.019999999552965164
10 0.691428542137146 0.38380953669548035 0.020952381193637848 0.020952381193637848
10 0.5914285778999329 0.4095238149166107 0.024761904031038284 0.013333333656191826
4 0.07619047909975052 0.41380953788757324 0.07047618925571442 0.039047617465257645
4 0.2266666740179062 0.4528571367263794 0.07619047909975052 0.04476190358400345
4 0.18761904537677765 0.5252380967140198 0.07999999821186066 0.04476190358400345
4 0.16238094866275787 0.4809523820877075 0.06952381134033203 0.03809523954987526
4 0.3157142996788025 0.4814285635948181 0.07333333045244217 0.04095238074660301
4 0.45476189255714417 0.5152381062507629 0.07904762029647827 0.041904762387275696
4 0.49619048833847046 0.5738095045089722 0.07999999821186066 0.04857143014669418
2 0.025238094851374626 0.5857142806053162 0.02190476283431053 0.022857142612338066
2 0.16380952298641205 0.6114285588264465 0.020952381193637848 0.020952381193637848
2 0.30666667222976685 0.6552380919456482 0.017142856493592262 0.020952381193637848
2 0.38238096237182617 0.6780952215194702 0.018095238134264946 0.017142856493592262
2 0.37857142090797424 0.6938095092773438 0.02190476283431053 0.02190476283431053
2 0.2204761952161789 0.633809506893158 0.019999999552965164 0.016190476715564728
2 0.21142856776714325 0.653333306312561 0.020952381193637848 0.022857142612338066
2 0.42047619819641113 0.7204762101173401 0.019999999552965164 0.018095238134264946
2 0.4933333396911621 0.7252380847930908 0.017142856493592262 0.019999999552965164
2 0.5638095140457153 0.7076190710067749 0.017142856493592262 0.01904761977493763
3 0.031904760748147964 0.5876190662384033 0.03142857179045677 0.01904761977493763
3 0.22714285552501678 0.6361904740333557 0.027619047090411186 0.01904761977493763
3 0.21761904656887054 0.6566666960716248 0.025714285671710968 0.016190476715564728
10 0.16904762387275696 0.6152380704879761 0.03333333507180214 0.020952381193637848
10 0.31238093972206116 0.6566666960716248 0.02857142873108387 0.019999999552965164
10 0.38428571820259094 0.6957142949104309 0.029523810371756554 0.018095238134264946
10 0.3871428668498993 0.6819047331809998 0.029523810371756554 0.013333333656191826
10 0.4228571355342865 0.7223809361457825 0.02857142873108387 0.019999999552965164
10 0.49666666984558105 0.7280952334403992 0.029523810371756554 0.02190476283431053
3 0.5647618770599365 0.7066666483879089 0.030476190149784088 0.013333333656191826
10 0.27190476655960083 0.6895238161087036 0.025714285671710968 0.015238095074892044
4 0.6538095474243164 0.5547618865966797 0.0771428570151329 0.037142857909202576
4 0.8180952668190002 0.5357142686843872 0.08190476149320602 0.04285714402794838
2 0.7561904788017273 0.6666666865348816 0.017142856493592262 0.015238095074892044
2 0.7571428418159485 0.692380964756012 0.015238095074892044 0.01904761977493763
2 0.5990476012229919 0.6690475940704346 0.015238095074892044 0.014285714365541935
10 0.6000000238418579 0.6719047427177429 0.032380953431129456 0.014285714365541935
10 0.7566666603088379 0.6933333277702332 0.029523810371756554 0.01904761977493763
3 0.7576190233230591 0.6704761981964111 0.03142857179045677 0.015238095074892044
3 0.6409524083137512 0.8509523868560791 0.02666666731238365 0.03333333507180214
10 0.8280952572822571 0.8980952501296997 0.02190476283431053 0.032380953431129456
2 0.8285714387893677 0.8971428275108337 0.01904761977493763 0.020952381193637848
2 0.6399999856948853 0.846666693687439 0.020952381193637848 0.01904761977493763
2 0.5342857241630554 0.9919047355651855 0.01904761977493763 0.016190476715564728
1 0.023333333432674408 0.8223809599876404 0.03333333507180214 0.018095238134264946
1 0.028095237910747528 0.811904788017273 0.025714285671710968 0.019999999552965164
3 0.060476191341876984 0.8419047594070435 0.04095238074660301 0.024761904031038284
2 0.9590476155281067 0.6647619009017944 0.01904761977493763 0.017142856493592262
10 0.9590476155281067 0.665238082408905 0.02666666731238365 0.03142857179045677
10 0.666190505027771 0.15190476179122925 0.012380952015519142 0.016190476715564728
10 0.6609523892402649 0.15333333611488342 0.017142856493592262 0.015238095074892044
10 0.6466666460037231 0.1599999964237213 0.01904761977493763 0.017142856493592262
3 0.6538095474243164 0.15952381491661072 0.016190476715564728 0.012380952015519142
4 0.6871428489685059 0.1490476131439209 0.04095238074660301 0.03142857179045677
1 0.7680952548980713 0.10999999940395355 0.004761904943734407 0.016190476715564728
10 0.7204762101173401 0.1133333370089531 0.019999999552965164 0.009523809887468815
4 0.739047646522522 0.10619047284126282 0.041904762387275696 0.02190476283431053
4 0.7352380752563477 0.09285714477300644 0.03999999910593033 0.016190476715564728
4 0.7300000190734863 0.08047618716955185 0.04285714402794838 0.02190476283431053
4 0.7295238375663757 0.06952381134033203 0.04571428522467613 0.01904761977493763
1 0.7647619247436523 0.04857143014669418 0.003809523768723011 0.01904761977493763
2 0.7709524035453796 0.04714285582304001 0.006666666828095913 0.008571428246796131
10 0.7704761624336243 0.05190476030111313 0.0057142856530845165 0.010476190596818924
10 0.7214285731315613 0.04571428522467613 0.014285714365541935 0.015238095074892044
10 0.7376190423965454 0.05047618970274925 0.014285714365541935 0.011428571306169033
10 0.7538095116615295 0.06476190686225891 0.016190476715564728 0.013333333656191826
10 0.7538095116615295 0.05666666850447655 0.014285714365541935 0.008571428246796131
10 0.7552381157875061 0.051428571343421936 0.015238095074892044 0.009523809887468815
10 0.7566666603088379 0.04714285582304001 0.014285714365541935 0.012380952015519142
10 0.7538095116615295 0.04285714402794838 0.016190476715564728 0.009523809887468815
1 0.7680952548980713 0.029047619551420212 0.004761904943734407 0.014285714365541935
1 0.7714285850524902 0.027619047090411186 0.0057142856530845165 0.013333333656191826
5 0.7366666793823242 0.031904760748147964 0.037142857909202576 0.019999999552965164
5 0.7323809266090393 0.006190476007759571 0.034285712987184525 0.012380952015519142
4 0.8904761672019958 0.0476190485060215 0.022857142612338066 0.02666666731238365
4 0.8980952501296997 0.07285714149475098 0.020952381193637848 0.025714285671710968
4 0.9023809432983398 0.09333333373069763 0.02190476283431053 0.030476190149784088
4 0.9104762077331543 0.12190476059913635 0.02666666731238365 0.03619047626852989
4 0.8766666650772095 0.11523809283971786 0.025714285671710968 0.034285712987184525
4 0.9200000166893005 0.1542857140302658 0.02857142873108387 0.034285712987184525
4 0.8638095259666443 0.20523808896541595 0.030476190149784088 0.04095238074660301
4 0.8690476417541504 0.2447618991136551 0.025714285671710968 0.041904762387275696
4 0.8938094973564148 0.21761904656887054 0.025714285671710968 0.04095238074660301
4 0.9047619104385376 0.26380953192710876 0.030476190149784088 0.04380952566862106
4 0.8704761862754822 0.31857141852378845 0.02666666731238365 0.04476190358400345
4 0.9085714221000671 0.3161904811859131 0.034285712987184525 0.04952380806207657
4 0.9604762196540833 0.3280952274799347 0.037142857909202576 0.05047618970274925
5 0.942380964756012 0.27761903405189514 0.03523809462785721 0.05238095298409462
9 0.9357143044471741 0.20952381193637848 0.05428571254014969 0.09904761612415314
10 0.988095223903656 0.08857142925262451 0.008571428246796131 0.015238095074892044
2 0.9900000095367432 0.08523809164762497 0.008571428246796131 0.014285714365541935
0 0.9990476369857788 0.06619047373533249 0.0019047617679461837 0.039047617465257645
