9 0.557106614112854 0.18274112045764923 0.053299494087696075 0.10913705825805664
9 0.5247461795806885 0.10406091064214706 0.026649747043848038 0.09137056022882462
9 0.4346446692943573 0.1453045755624771 0.03172588720917702 0.08756345510482788
1 0.2214467078447342 0.31408628821372986 0.006345177534967661 0.01903553307056427
1 0.21129441261291504 0.31662437319755554 0.006345177534967661 0.01903553307056427
1 0.1281725913286209 0.4657360315322876 0.010152284055948257 0.022842640057206154
1 0.11802030354738235 0.4625634551048279 0.007614213041961193 0.01903553307056427
4 0.4777918756008148 0.5615482330322266 0.034263961017131805 0.06472080945968628
4 0.25444161891937256 0.4543147087097168 0.041878171265125275 0.0482233501970768
4 0.624365508556366 0.2906091511249542 0.025380710139870644 0.03807106614112854
1 0.29695430397987366 0.09898477047681808 0.007614213041961193 0.017766498029232025
1 0.28807106614112854 0.09771573543548584 0.007614213041961193 0.017766498029232025
1 0.2918781638145447 0.022842640057206154 0.0025380710139870644 0.012690355069935322
1 0.2848984897136688 0.023477157577872276 0.0038071065209805965 0.013959391042590141
1 0.7690355181694031 0.03616751357913017 0.005076142027974129 0.01649746112525463
1 0.7728426456451416 0.020939085632562637 0.005076142027974129 0.011421320028603077
