1 0.036178108304739 0.435992568731308 0.012987012974917889 0.025974025949835777
1 0.006957328412681818 0.37430426478385925 0.006493506487458944 0.023191094398498535
2 0.014842300675809383 0.37198516726493835 0.0092764375731349 0.025974025949835777
2 0.0013914656592532992 0.37755101919174194 0.0027829313185065985 0.020408162847161293
4 0.09230055660009384 0.4332096576690674 0.062152132391929626 0.040816325694322586
10 0.1400742083787918 0.4531539976596832 0.0185528751462698 0.023191094398498535
4 0.2142857164144516 0.48051947355270386 0.06122449040412903 0.040816325694322586
4 0.16187384724617004 0.6567717790603638 0.07513915002346039 0.06122449040412903
4 0.19063079357147217 0.5862708687782288 0.06400742381811142 0.05009276419878006
5 0.2922077775001526 0.6934137344360352 0.05009276419878006 0.05473098158836365
5 0.3970315456390381 0.758348822593689 0.07792207598686218 0.07884972542524338
4 0.48191094398498535 0.8279221057891846 0.08070500940084457 0.08070500940084457
4 0.6029684543609619 0.9067717790603638 0.072356216609478 0.08998144418001175
4 0.7105751633644104 0.9568645358085632 0.08534322679042816 0.08441558480262756
4 0.5885899662971497 0.27133581042289734 0.04359925910830498 0.03803339600563049
4 0.6349721550941467 0.18877550959587097 0.034322820603847504 0.04174397140741348
4 0.3177179992198944 0.2462894320487976 0.04359925910830498 0.030612245202064514
