4 0.09771573543548584 0.22779187560081482 0.060913704335689545 0.0241116750985384
4 0.15799492597579956 0.2506345212459564 0.07487309724092484 0.036802031099796295
4 0.036802031099796295 0.39657360315322876 0.07360406219959259 0.04695431515574455
4 0.49555838108062744 0.09708122164011002 0.05456852912902832 0.036802031099796295
4 0.008883249014616013 0.5742385983467102 0.017766498029232025 0.036802031099796295
4 0.06852792203426361 0.5475888252258301 0.06598984450101852 0.034263961017131805
4 0.1560913771390915 0.5120558142662048 0.06852792203426361 0.04695431515574455
4 0.24809645116329193 0.4460659921169281 0.05456852912902832 0.06472080945968628
4 0.28553298115730286 0.39911168813705444 0.030456852167844772 0.04441624507308006
4 0.3159898519515991 0.4549492299556732 0.04568528011441231 0.05203045532107353
4 0.24238578975200653 0.5222080945968628 0.06345177441835403 0.05203045532107353
4 0.15291878581047058 0.5615482330322266 0.06218273937702179 0.041878171265125275
4 0.0596446692943573 0.6027919054031372 0.07614213228225708 0.060913704335689545
9 0.0031725887674838305 0.6903553009033203 0.006345177534967661 0.10659898817539215
4 0.6167512536048889 0.510152280330658 0.04568528011441231 0.05076142027974129
4 0.674492359161377 0.346446692943573 0.034263961017131805 0.05076142027974129
5 0.4625634551048279 0.26015228033065796 0.07233502715826035 0.053299494087696075
9 0.6326141953468323 0.15418781340122223 0.14340101182460785 0.1281725913286209
5 0.02220812253654003 0.07931472361087799 0.036802031099796295 0.041878171265125275
4 0.01586294360458851 0.11675126850605011 0.03172588720917702 0.04314720630645752
5 0.10152284055948257 0.010152284055948257 0.053299494087696075 0.020304568111896515
6 0.25190356373786926 0.11421319842338562 0.07487309724092484 0.03553299605846405
6 0.24809645116329193 0.09137056022882462 0.06979695707559586 0.03299492225050926
6 0.2303299456834793 0.07296954095363617 0.0824873074889183 0.041878171265125275
6 0.2131979763507843 0.05520304664969444 0.07360406219959259 0.03172588720917702
6 0.1960659921169281 0.029187817126512527 0.0850253775715828 0.04060913622379303
6 0.38451775908470154 0.05076142027974129 0.0710659921169281 0.04060913622379303
6 0.35659897327423096 0.013959391042590141 0.08121827244758606 0.025380710139870644
6 0.36738577485084534 0.02728426456451416 0.07487309724092484 0.03172588720917702
