4 0.009517766535282135 0.3921319842338562 0.01903553307056427 0.05076142027974129
4 0.0 0.4625634551048279 0.0 0.05203045532107353
4 0.0057106600143015385 0.5304568409919739 0.011421320028603077 0.058375634253025055
4 0.08883249014616013 0.6624365448951721 0.06598984450101852 0.12690354883670807
4 0.16687817871570587 0.6782994866371155 0.07994923740625381 0.12309644371271133
4 0.25190356373786926 0.6973350048065186 0.0824873074889183 0.1307106614112854
4 0.4289340078830719 0.7487309575080872 0.07868020236492157 0.13705584406852722
4 0.5158629417419434 0.7804568409919739 0.08756345510482788 0.12944161891937256
4 0.6034263968467712 0.8007614016532898 0.08756345510482788 0.13197968900203705
4 0.6871827244758606 0.8140863180160522 0.08756345510482788 0.1332487314939499
4 0.7747461795806885 0.8331218361854553 0.09263959527015686 0.1281725913286209
4 0.5926395654678345 0.5323604345321655 0.12182740867137909 0.06979695707559586
5 0.42449238896369934 0.2360406070947647 0.14086294174194336 0.09137056022882462
4 0.9638324975967407 0.8813451528549194 0.07233502715826035 0.08756345510482788
