1 0.2506345212459564 0.13007614016532898 0.0038071065209805965 0.01903553307056427
1 0.22081218659877777 0.1928934007883072 0.005076142027974129 0.015228426083922386
1 0.21129441261291504 0.20050761103630066 0.006345177534967661 0.015228426083922386
1 0.2049492448568344 0.19796954095363617 0.006345177534967661 0.015228426083922386
1 0.21827411651611328 0.20685279369354248 0.005076142027974129 0.015228426083922386
1 0.06472080945968628 0.4517766535282135 0.012690355069935322 0.022842640057206154
4 0.16307106614112854 0.39911168813705444 0.034263961017131805 0.036802031099796295
4 0.538705587387085 0.5063451528549194 0.029187817126512527 0.05076142027974129
4 0.5038071274757385 0.273477166891098 0.022842640057206154 0.036802031099796295
4 0.5133248567581177 0.08946700394153595 0.01649746112525463 0.0241116750985384
9 0.3604061007499695 0.19543147087097168 0.04060913622379303 0.08375634253025055
5 0.35913705825805664 0.04568528011441231 0.015228426083922386 0.022842640057206154
9 0.4689086377620697 0.08439086377620697 0.0241116750985384 0.06725887954235077
4 0.6313451528549194 0.05647208169102669 0.029187817126512527 0.01903553307056427
1 0.3013959527015686 0.03489847853779793 0.0038071065209805965 0.013959391042590141
4 0.5038071274757385 0.004441624507308006 0.012690355069935322 0.008883249014616013
1 0.9758883118629456 0.9473350048065186 0.010152284055948257 0.02157360315322876
2 0.9835025668144226 0.9467005133628845 0.007614213041961193 0.015228426083922386
9 0.9492385983467102 0.5989847779273987 0.10152284055948257 0.0710659921169281
