4 0.2588832378387451 0.40164974331855774 0.03807106614112854 0.05710659921169281
4 0.19796954095363617 0.4168781638145447 0.055837564170360565 0.07487309724092484
4 0.14720812439918518 0.7024111747741699 0.058375634253025055 0.06472080945968628
4 0.5114213228225708 0.9365482330322266 0.07360406219959259 0.04568528011441231
4 0.05901015177369118 0.06598984450101852 0.04949238523840904 0.0710659921169281
4 0.1078680232167244 0.23096446692943573 0.053299494087696075 0.0710659921169281
4 0.03172588720917702 0.5583756566047668 0.055837564170360565 0.06345177441835403
4 0.17449238896369934 0.5583756566047668 0.04695431515574455 0.06852792203426361
4 0.008248730562627316 0.030456852167844772 0.01649746112525463 0.060913704335689545
4 0.9581218361854553 0.9803299307823181 0.07614213228225708 0.036802031099796295
5 0.45050761103630066 0.0539340116083622 0.03553299605846405 0.06472080945968628
5 0.4232233464717865 0.04060913622379303 0.036802031099796295 0.06598984450101852
5 0.3946700394153595 0.03807106614112854 0.03553299605846405 0.06598984450101852
5 0.3629441559314728 0.030456852167844772 0.03553299605846405 0.055837564170360565
5 0.33058375120162964 0.026649747043848038 0.034263961017131805 0.053299494087696075
9 0.02220812253654003 0.2804568409919739 0.04441624507308006 0.14720812439918518
4 0.1421319842338562 0.8819797039031982 0.04060913622379303 0.06345177441835403
1 0.6713197827339172 0.6497461795806885 0.015228426083922386 0.010152284055948257
