4 0.2857142984867096 0.44990724325180054 0.051948051899671555 0.0742115005850792
10 0.1808905452489853 0.3988868296146393 0.0371057502925396 0.025974025949835777
4 0.08998144418001175 0.5412801504135132 0.10389610379934311 0.04730983451008797
5 0.017161410301923752 0.5329313278198242 0.034322820603847504 0.051020409911870956
10 0.05009276419878006 0.48051947355270386 0.020408162847161293 0.029684601351618767
10 0.06725417077541351 0.48562151193618774 0.023191094398498535 0.030612245202064514
10 0.12987013161182404 0.5051020383834839 0.020408162847161293 0.03246753290295601
10 0.3979591727256775 0.4220779240131378 0.011131725274026394 0.03339517489075661
4 0.6122449040412903 0.5751391649246216 0.10018552839756012 0.048237476497888565
4 0.728200376033783 0.5737476944923401 0.10018552839756012 0.04916512221097946
10 0.44016698002815247 0.4916512072086334 0.026901669800281525 0.03896103799343109
4 0.845083475112915 0.5797773599624634 0.1057513877749443 0.048237476497888565
10 0.9712430238723755 0.5231910943984985 0.020408162847161293 0.0371057502925396
4 0.9948979616165161 0.581632673740387 0.010204081423580647 0.04638218879699707
4 0.9948979616165161 0.6289424896240234 0.010204081423580647 0.05009276419878006
7 0.5074211359024048 0.554267168045044 0.055658627301454544 0.036178108304739
7 0.44202226400375366 0.5524118542671204 0.0732838585972786 0.03246753290295601
10 0.6461039185523987 0.4350649416446686 0.02133580669760704 0.029684601351618767
10 0.5556586384773254 0.4336734712123871 0.016697587445378304 0.034322820603847504
10 0.6410018801689148 0.5037105679512024 0.020408162847161293 0.029684601351618767
10 0.5528756976127625 0.3891465663909912 0.024118738248944283 0.026901669800281525
4 0.16651205718517303 0.8358070254325867 0.12152133882045746 0.05751391500234604
4 0.34508347511291504 0.8441558480262756 0.09647495299577713 0.05009276419878006
4 0.6317254304885864 0.8576066493988037 0.12615954875946045 0.05658626928925514
4 0.7871057391166687 0.8645640015602112 0.12523190677165985 0.055658627301454544
5 0.9355287551879883 0.8701298832893372 0.10482374578714371 0.051948051899671555
4 0.9948979616165161 0.8733766078948975 0.010204081423580647 0.051020409911870956
10 0.5876623392105103 0.4921150207519531 0.019480518996715546 0.036178108304739
10 0.6243042945861816 0.4253246784210205 0.0185528751462698 0.036178108304739
10 0.6099258065223694 0.41558441519737244 0.026901669800281525 0.016697587445378304
10 0.6048237681388855 0.4281076192855835 0.011131725274026394 0.02504638209939003
10 0.5941558480262756 0.45176252722740173 0.01762523129582405 0.029684601351618767
7 0.554731011390686 0.5125231742858887 0.022263450548052788 0.05658626928925514
10 0.5139146447181702 0.4967532455921173 0.0185528751462698 0.03803339600563049
10 0.5371057391166687 0.5199443697929382 0.012987012974917889 0.03246753290295601
10 0.4925788640975952 0.4944341480731964 0.011131725274026394 0.024118738248944283
10 0.5208719968795776 0.527365505695343 0.012059369124472141 0.030612245202064514
10 0.5088126063346863 0.5269016623497009 0.013914656825363636 0.029684601351618767
10 0.5004638433456421 0.5241187214851379 0.008348793722689152 0.03153988718986511
10 0.4921150207519531 0.5278292894363403 0.010204081423580647 0.03339517489075661
10 0.48376622796058655 0.5282931327819824 0.008348793722689152 0.030612245202064514
10 0.850649356842041 0.5078849792480469 0.012987012974917889 0.03246753290295601
4 0.7898886799812317 0.03246753290295601 0.0695732831954956 0.03153988718986511
4 0.8033395409584045 0.05426716059446335 0.0705009251832962 0.03246753290295601
4 0.2769016623497009 0.08395176380872726 0.0714285746216774 0.026901669800281525
4 0.29638218879699707 0.037569575011730194 0.06586270779371262 0.036178108304739
5 0.13358069956302643 0.051484230905771255 0.059369202703237534 0.036178108304739
4 0.13404452800750732 0.07606679201126099 0.0695732831954956 0.03339517489075661
4 0.8613172769546509 0.7620593905448914 0.11781076341867447 0.05473098158836365
4 0.47680890560150146 0.8515769839286804 0.12059368938207626 0.059369202703237534
