4 0.0850253775715828 0.0539340116083622 0.027918782085180283 0.011421320028603077
4 0.0907360389828682 0.04695431515574455 0.029187817126512527 0.012690355069935322
5 0.17258882522583008 0.04314720630645752 0.03299492225050926 0.015228426083922386
4 0.21510152518749237 0.052664972841739655 0.03172588720917702 0.01649746112525463
1 0.12182740867137909 0.11040609329938889 0.005076142027974129 0.010152284055948257
1 0.11675126850605011 0.1389593929052353 0.005076142027974129 0.011421320028603077
1 0.13515228033065796 0.17829948663711548 0.0038071065209805965 0.013959391042590141
1 0.13134518265724182 0.1821065992116928 0.0038071065209805965 0.01649746112525463
1 0.14340101182460785 0.22081218659877777 0.005076142027974129 0.015228426083922386
1 0.13578680157661438 0.22335025668144226 0.005076142027974129 0.015228426083922386
1 0.2189086228609085 0.2925126850605011 0.006345177534967661 0.013959391042590141
1 0.22271573543548584 0.2671319842338562 0.006345177534967661 0.01903553307056427
4 0.15736040472984314 0.3978426456451416 0.06598984450101852 0.026649747043848038
4 0.02728426456451416 0.3642131984233856 0.05456852912902832 0.025380710139870644
1 0.027918782085180283 0.3293147087097168 0.005076142027974129 0.01649746112525463
1 0.20304568111896515 0.3388324975967407 0.005076142027974129 0.015228426083922386
1 0.16434010863304138 0.5019035339355469 0.008883249014616013 0.02157360315322876
1 0.18083755671977997 0.5266497731208801 0.008883249014616013 0.022842640057206154
1 0.11104060709476471 0.7988578677177429 0.013959391042590141 0.026649747043848038
1 0.01586294360458851 0.8686548471450806 0.013959391042590141 0.026649747043848038
1 0.0025380710139870644 0.8610405921936035 0.005076142027974129 0.026649747043848038
10 0.1446700543165207 0.8889594078063965 0.010152284055948257 0.0241116750985384
4 0.20050761103630066 0.8838832378387451 0.053299494087696075 0.07994923740625381
5 0.2804568409919739 0.6967005133628845 0.08375634253025055 0.06345177441835403
9 0.3775380849838257 0.8369289636611938 0.0596446692943573 0.19162435829639435
9 0.5951776504516602 0.8090101480484009 0.04568528011441231 0.13578680157661438
1 0.3045685291290283 0.7753807306289673 0.012690355069935322 0.022842640057206154
1 0.5621827244758606 0.48159897327423096 0.007614213041961193 0.01903553307056427
4 0.48477157950401306 0.4098984897136688 0.06345177441835403 0.027918782085180283
4 0.5374365448951721 0.3331218361854553 0.0241116750985384 0.03172588720917702
4 0.5831218361854553 0.3350253701210022 0.029187817126512527 0.03299492225050926
9 0.4295685291290283 0.23413705825805664 0.04949238523840904 0.07487309724092484
9 0.5107868313789368 0.22017766535282135 0.03172588720917702 0.04441624507308006
5 0.6116751432418823 0.25761422514915466 0.030456852167844772 0.030456852167844772
6 0.5501269102096558 0.19543147087097168 0.03172588720917702 0.04060913622379303
5 0.4593908488750458 0.14720812439918518 0.017766498029232025 0.022842640057206154
5 0.3242385685443878 0.0653553307056427 0.03172588720917702 0.02157360315322876
4 0.4282994866371155 0.11040609329938889 0.02157360315322876 0.020304568111896515
1 0.4600253701210022 0.019670050591230392 0.0038071065209805965 0.011421320028603077
1 0.4511421322822571 0.01903553307056427 0.0038071065209805965 0.010152284055948257
4 0.710659921169281 0.3242385685443878 0.04060913622379303 0.01903553307056427
4 0.625634491443634 0.3857868015766144 0.03807106614112854 0.03299492225050926
1 0.6199238300323486 0.23667512834072113 0.006345177534967661 0.013959391042590141
1 0.8312183022499084 0.4143401086330414 0.007614213041961193 0.02157360315322876
1 0.8229695558547974 0.4111675024032593 0.006345177534967661 0.022842640057206154
1 0.8604061007499695 0.9536802172660828 0.012690355069935322 0.026649747043848038
1 0.8724619150161743 0.9054568409919739 0.011421320028603077 0.0241116750985384
1 0.953045666217804 0.5996192693710327 0.007614213041961193 0.0241116750985384
1 0.9549492597579956 0.5596446990966797 0.011421320028603077 0.022842640057206154
1 0.9314720630645752 0.29124364256858826 0.007614213041961193 0.02157360315322876
