9 0.3432741165161133 0.6782994866371155 0.08756345510482788 0.2956852912902832
9 0.4606598913669586 0.32233503460884094 0.09898477047681808 0.2614213228225708
9 0.7937816977500916 0.15482233464717865 0.14593908190727234 0.20050761103630066
9 0.6700507402420044 0.055837564170360565 0.11675126850605011 0.11167512834072113
4 0.36230963468551636 0.01649746112525463 0.04441624507308006 0.03299492225050926
1 0.1871827393770218 0.3096446692943573 0.01649746112525463 0.030456852167844772
1 0.08312182873487473 0.3889593780040741 0.01649746112525463 0.026649747043848038
1 0.11738578975200653 0.3889593780040741 0.013959391042590141 0.029187817126512527
1 0.10342639684677124 0.38515228033065796 0.011421320028603077 0.029187817126512527
1 0.12436547875404358 0.33375635743141174 0.017766498029232025 0.025380710139870644
1 0.15101522207260132 0.3401015102863312 0.012690355069935322 0.027918782085180283
1 0.6262690424919128 0.6192893385887146 0.011421320028603077 0.027918782085180283
1 0.8045685291290283 0.2328680157661438 0.010152284055948257 0.01903553307056427
1 0.8426395654678345 0.6967005133628845 0.020304568111896515 0.022842640057206154
1 0.8585025668144226 0.7798223495483398 0.01903553307056427 0.026649747043848038
1 0.835659921169281 0.7487309575080872 0.01903553307056427 0.022842640057206154
1 0.8508883118629456 0.8388324975967407 0.01649746112525463 0.030456852167844772
2 0.8654822111129761 0.7760152220726013 0.007614213041961193 0.011421320028603077
1 0.9206852912902832 0.9936548471450806 0.01649746112525463 0.010152284055948257
1 0.8730964660644531 0.9930202960968018 0.017766498029232025 0.011421320028603077
