1 0.7161904573440552 0.9519047737121582 0.013333333656191826 0.025714285671710968
1 0.7804762125015259 0.9657142758369446 0.018095238134264946 0.03619047626852989
1 0.6980952620506287 0.9538094997406006 0.015238095074892044 0.025714285671710968
1 0.7690476179122925 0.6976190209388733 0.014285714365541935 0.025714285671710968
1 0.7514285445213318 0.6980952620506287 0.011428571306169033 0.02857142873108387
1 0.7085714340209961 0.668571412563324 0.015238095074892044 0.02857142873108387
4 0.8328571319580078 0.7057142853736877 0.04285714402794838 0.07809523493051529
4 0.8176190257072449 0.8361904621124268 0.04285714402794838 0.06666667014360428
10 0.6761904954910278 0.8399999737739563 0.013333333656191826 0.04380952566862106
10 0.657619059085846 0.8895238041877747 0.019999999552965164 0.051428571343421936
1 0.799047589302063 0.4466666579246521 0.007619047537446022 0.022857142612338066
1 0.8090476393699646 0.44428572058677673 0.006666666828095913 0.02190476283431053
1 0.8209523558616638 0.4476190507411957 0.007619047537446022 0.01904761977493763
1 0.8390476107597351 0.4347619116306305 0.0057142856530845165 0.02190476283431053
1 0.8323809504508972 0.4357142746448517 0.007619047537446022 0.02380952425301075
1 0.8161904811859131 0.4352380931377411 0.007619047537446022 0.024761904031038284
1 0.8247619271278381 0.4357142746448517 0.0057142856530845165 0.02190476283431053
1 0.715238094329834 0.4519047737121582 0.009523809887468815 0.02190476283431053
1 0.8123809695243835 0.3709523677825928 0.007619047537446022 0.018095238134264946
4 0.8861904740333557 0.22285714745521545 0.019999999552965164 0.017142856493592262
3 0.8509523868560791 0.2266666740179062 0.006666666828095913 0.017142856493592262
3 0.8438095450401306 0.22476190328598022 0.015238095074892044 0.01904761977493763
0 0.08523809164762497 0.3042857050895691 0.025714285671710968 0.029523810371756554
0 0.14666666090488434 0.3023809492588043 0.032380953431129456 0.018095238134264946
7 0.2433333396911621 0.3409523665904999 0.018095238134264946 0.017142856493592262
4 0.3757142722606659 0.28904762864112854 0.037142857909202576 0.019999999552965164
4 0.42476189136505127 0.38428571820259094 0.0533333346247673 0.03142857179045677
7 0.5252380967140198 0.4095238149166107 0.027619047090411186 0.01904761977493763
4 0.8557142615318298 0.4514285624027252 0.025714285671710968 0.03809523954987526
3 0.8747618794441223 0.25380951166152954 0.02190476283431053 0.014285714365541935
10 0.3880952298641205 0.7514285445213318 0.04095238074660301 0.04571428522467613
3 0.3919047713279724 0.7928571701049805 0.02380952425301075 0.027619047090411186
1 0.42571428418159485 0.40142858028411865 0.009523809887468815 0.02380952425301075
1 0.4866666793823242 0.41999998688697815 0.009523809887468815 0.01904761977493763
1 0.5976190567016602 0.43857142329216003 0.010476190596818924 0.019999999552965164
1 0.4399999976158142 0.30523809790611267 0.009523809887468815 0.016190476715564728
1 0.11952380836009979 0.3223809599876404 0.012380952015519142 0.018095238134264946
1 0.12809523940086365 0.3199999928474426 0.010476190596818924 0.015238095074892044
1 0.17428570985794067 0.3233333230018616 0.013333333656191826 0.018095238134264946
1 0.16476190090179443 0.32523810863494873 0.011428571306169033 0.018095238134264946
1 0.06238095089793205 0.30000001192092896 0.006666666828095913 0.015238095074892044
1 0.04714285582304001 0.2985714375972748 0.012380952015519142 0.018095238134264946
1 0.03809523954987526 0.29952380061149597 0.011428571306169033 0.019999999552965164
1 0.022857142612338066 0.2976190447807312 0.009523809887468815 0.02190476283431053
1 0.032380953431129456 0.2971428632736206 0.009523809887468815 0.01904761977493763
1 0.013809523545205593 0.3033333420753479 0.008571428246796131 0.019999999552965164
2 0.1490476131439209 0.32523810863494873 0.008571428246796131 0.014285714365541935
3 0.15000000596046448 0.32952380180358887 0.014285714365541935 0.011428571306169033
3 0.7371428608894348 0.6319047808647156 0.009523809887468815 0.02380952425301075
