4 0.009517766535282135 0.44479694962501526 0.01903553307056427 0.034263961017131805
1 0.01078680157661438 0.711294412612915 0.0038071065209805965 0.008883249014616013
1 0.006979695521295071 0.7043147087097168 0.006345177534967661 0.007614213041961193
1 0.0012690355069935322 0.6091370582580566 0.0025380710139870644 0.010152284055948257
4 0.055837564170360565 0.1871827393770218 0.03299492225050926 0.026649747043848038
4 0.053299494087696075 0.2531725764274597 0.03553299605846405 0.0241116750985384
4 0.15545685589313507 0.24302031099796295 0.036802031099796295 0.026649747043848038
4 0.29695430397987366 0.19162435829639435 0.03299492225050926 0.020304568111896515
4 0.19733501970767975 0.1135786771774292 0.036802031099796295 0.01903553307056427
4 0.2607868015766144 0.18591371178627014 0.03172588720917702 0.02157360315322876
4 0.15799492597579956 0.09771573543548584 0.026649747043848038 0.025380710139870644
1 0.14911167323589325 0.06472080945968628 0.0038071065209805965 0.010152284055948257
1 0.15799492597579956 0.06345177441835403 0.006345177534967661 0.007614213041961193
1 0.16624365746974945 0.0653553307056427 0.0025380710139870644 0.008883249014616013
1 0.1878172606229782 0.08185279369354248 0.005076142027974129 0.011421320028603077
4 0.10659898817539215 0.30012691020965576 0.03299492225050926 0.0241116750985384
4 0.017766498029232025 0.3242385685443878 0.03553299605846405 0.029187817126512527
4 0.15799492597579956 0.341370552778244 0.036802031099796295 0.027918782085180283
4 0.13515228033065796 0.3953045606613159 0.039340101182460785 0.029187817126512527
5 0.16687817871570587 0.4098984897136688 0.039340101182460785 0.03807106614112854
9 0.2385786771774292 0.3553299605846405 0.0964467003941536 0.08375634253025055
1 0.1732233464717865 0.45558375120162964 0.0038071065209805965 0.007614213041961193
1 0.2100253850221634 0.4942893385887146 0.006345177534967661 0.013959391042590141
1 0.31916242837905884 0.5723350048065186 0.006345177534967661 0.012690355069935322
1 0.32804569602012634 0.6053299307823181 0.0038071065209805965 0.007614213041961193
6 0.06218273937702179 0.5253807306289673 0.08629441261291504 0.03299492225050926
1 0.3546954393386841 0.6269035339355469 0.0038071065209805965 0.010152284055948257
1 0.35088831186294556 0.6192893385887146 0.0038071065209805965 0.007614213041961193
0 0.3324873149394989 0.5951776504516602 0.025380710139870644 0.020304568111896515
1 0.029187817126512527 0.7423858046531677 0.005076142027974129 0.010152284055948257
1 0.03489847853779793 0.7423858046531677 0.0038071065209805965 0.010152284055948257
1 0.04631979763507843 0.7576141953468323 0.006345177534967661 0.010152284055948257
1 0.058375634253025055 0.8305837512016296 0.007614213041961193 0.011421320028603077
1 0.17195431888103485 0.8635786771774292 0.006345177534967661 0.008883249014616013
1 0.21510152518749237 0.8838832378387451 0.006345177534967661 0.008883249014616013
1 0.2074873149394989 0.8477157354354858 0.006345177534967661 0.007614213041961193
1 0.19796954095363617 0.8470812439918518 0.005076142027974129 0.006345177534967661
5 0.03489847853779793 0.8305837512016296 0.04949238523840904 0.05203045532107353
5 0.0850253775715828 0.8845177888870239 0.04568528011441231 0.04314720630645752
5 0.12944161891937256 0.9232233762741089 0.04060913622379303 0.039340101182460785
4 0.017766498029232025 0.874365508556366 0.03553299605846405 0.0482233501970768
4 0.07804568856954575 0.9295685291290283 0.04949238523840904 0.05203045532107353
4 0.125 0.9670050740242004 0.04949238523840904 0.055837564170360565
1 0.30203044414520264 0.8870558142662048 0.005076142027974129 0.007614213041961193
0 0.33121827244758606 0.8883248567581177 0.06345177441835403 0.058375634253025055
4 0.3686548173427582 0.9860405921936035 0.05203045532107353 0.025380710139870644
1 0.4428934156894684 0.8642131686210632 0.005076142027974129 0.010152284055948257
1 0.4346446692943573 0.8699238300323486 0.006345177534967661 0.011421320028603077
1 0.4625634551048279 0.8997461795806885 0.011421320028603077 0.010152284055948257
1 0.5190355181694031 0.9194162487983704 0.012690355069935322 0.008883249014616013
1 0.5177664756774902 0.9263959527015686 0.010152284055948257 0.005076142027974129
1 0.5152284502983093 0.9359136819839478 0.010152284055948257 0.008883249014616013
1 0.549492359161377 0.9175127148628235 0.007614213041961193 0.010152284055948257
1 0.5431472063064575 0.904187798500061 0.010152284055948257 0.006345177534967661
1 0.5437816977500916 0.9111675024032593 0.008883249014616013 0.007614213041961193
1 0.5539340376853943 0.9003807306289673 0.008883249014616013 0.008883249014616013
1 0.5323604345321655 0.970812201499939 0.008883249014616013 0.010152284055948257
1 0.4942893385887146 0.9517766237258911 0.008883249014616013 0.012690355069935322
1 0.48159897327423096 0.971446692943573 0.008883249014616013 0.011421320028603077
1 0.4651015102863312 0.9663705825805664 0.006345177534967661 0.008883249014616013
1 0.4568527936935425 0.9581218361854553 0.007614213041961193 0.010152284055948257
1 0.4029187858104706 0.9390863180160522 0.006345177534967661 0.010152284055948257
1 0.4486040472984314 0.9892131686210632 0.008883249014616013 0.006345177534967661
1 0.40799492597579956 0.9555837512016296 0.008883249014616013 0.007614213041961193
1 0.42131978273391724 0.9644669890403748 0.010152284055948257 0.005076142027974129
1 0.38832488656044006 0.9187816977500916 0.007614213041961193 0.010152284055948257
1 0.3813451826572418 0.6465736031532288 0.0038071065209805965 0.008883249014616013
1 0.38451775908470154 0.6402284502983093 0.005076142027974129 0.008883249014616013
1 0.37690356373786926 0.6395938992500305 0.005076142027974129 0.005076142027974129
0 0.4428934156894684 0.6700507402420044 0.0482233501970768 0.03553299605846405
0 0.5152284502983093 0.7157360315322876 0.03807106614112854 0.027918782085180283
0 0.5615482330322266 0.7474619150161743 0.041878171265125275 0.03807106614112854
1 0.48477157950401306 0.6802030205726624 0.005076142027974129 0.010152284055948257
1 0.47906091809272766 0.6776649951934814 0.006345177534967661 0.010152284055948257
1 0.557741105556488 0.6947969794273376 0.0038071065209805965 0.008883249014616013
1 0.5640863180160522 0.6998730897903442 0.0038071065209805965 0.011421320028603077
0 0.5691624283790588 0.7119289636611938 0.029187817126512527 0.017766498029232025
1 0.5368020534515381 0.6795685291290283 0.005076142027974129 0.008883249014616013
1 0.5368020534515381 0.6611675024032593 0.005076142027974129 0.007614213041961193
1 0.5488578677177429 0.6199238300323486 0.0038071065209805965 0.006345177534967661
1 0.538705587387085 0.624365508556366 0.0038071065209805965 0.007614213041961193
0 0.5126903653144836 0.6154822111129761 0.060913704335689545 0.04314720630645752
0 0.5215736031532288 0.6630710363388062 0.022842640057206154 0.036802031099796295
0 0.5710659623146057 0.5945431590080261 0.04060913622379303 0.05456852912902832
0 0.5767766237258911 0.6446700692176819 0.01649746112525463 0.04314720630645752
1 0.31979694962501526 0.3997461795806885 0.005076142027974129 0.007614213041961193
1 0.5532994866371155 0.39340102672576904 0.005076142027974129 0.012690355069935322
1 0.5196700692176819 0.4917512834072113 0.0038071065209805965 0.008883249014616013
1 0.5355330109596252 0.49238577485084534 0.005076142027974129 0.010152284055948257
1 0.5222080945968628 0.4739847779273987 0.006345177534967661 0.008883249014616013
1 0.5310913920402527 0.4720812141895294 0.0038071065209805965 0.007614213041961193
1 0.5317258834838867 0.48159897327423096 0.005076142027974129 0.006345177534967661
1 0.5444162487983704 0.5025380849838257 0.005076142027974129 0.007614213041961193
1 0.5704314708709717 0.5310913920402527 0.0038071065209805965 0.008883249014616013
1 0.5831218361854553 0.528553307056427 0.0038071065209805965 0.011421320028603077
1 0.585659921169281 0.5139594078063965 0.006345177534967661 0.010152284055948257
1 0.5799492597579956 0.5120558142662048 0.005076142027974129 0.008883249014616013
0 0.4409898519515991 0.4003807008266449 0.02157360315322876 0.0241116750985384
0 0.5317258834838867 0.4695431590080261 0.1192893385887146 0.1192893385887146
1 0.4942893385887146 0.30837562680244446 0.0038071065209805965 0.007614213041961193
1 0.5355330109596252 0.26015228033065796 0.005076142027974129 0.010152284055948257
1 0.5203045606613159 0.273477166891098 0.007614213041961193 0.011421320028603077
0 0.5012690424919128 0.2918781638145447 0.017766498029232025 0.017766498029232025
4 0.5304568409919739 0.1560913771390915 0.03299492225050926 0.025380710139870644
4 0.4225888252258301 0.10152284055948257 0.03807106614112854 0.020304568111896515
4 0.37944161891937256 0.007614213041961193 0.025380710139870644 0.012690355069935322
4 0.6211928725242615 0.0057106600143015385 0.026649747043848038 0.011421320028603077
1 0.7081218361854553 0.42512691020965576 0.005076142027974129 0.010152284055948257
1 0.6116751432418823 0.4403553307056427 0.005076142027974129 0.010152284055948257
1 0.6040608882904053 0.44225889444351196 0.005076142027974129 0.008883249014616013
1 0.7328680157661438 0.4581218361854553 0.006345177534967661 0.010152284055948257
1 0.7138324975967407 0.4574873149394989 0.008883249014616013 0.008883249014616013
1 0.6713197827339172 0.4835025370121002 0.007614213041961193 0.010152284055948257
1 0.6497461795806885 0.49302029609680176 0.007614213041961193 0.008883249014616013
1 0.6332487463951111 0.5069797039031982 0.007614213041961193 0.008883249014616013
1 0.6319797039031982 0.49809643626213074 0.005076142027974129 0.006345177534967661
1 0.6332487463951111 0.5241116881370544 0.010152284055948257 0.010152284055948257
1 0.6129441857337952 0.5374365448951721 0.007614213041961193 0.011421320028603077
1 0.6097715497016907 0.4968274235725403 0.006345177534967661 0.011421320028603077
1 0.6173858046531677 0.49809643626213074 0.0038071065209805965 0.008883249014616013
0 0.6110405921936035 0.48667511343955994 0.034263961017131805 0.0241116750985384
1 0.6275380849838257 0.5374365448951721 0.0038071065209805965 0.008883249014616013
1 0.6338832378387451 0.5368020534515381 0.006345177534967661 0.012690355069935322
1 0.6687816977500916 0.5450507402420044 0.005076142027974129 0.008883249014616013
0 0.6427664756774902 0.5590101480484009 0.041878171265125275 0.04949238523840904
1 0.7772842645645142 0.5647208094596863 0.006345177534967661 0.007614213041961193
0 0.8527919054031372 0.5247461795806885 0.15989847481250763 0.1078680232167244
0 0.6053299307823181 0.595812201499939 0.027918782085180283 0.02157360315322876
0 0.5736040472984314 0.6808375716209412 0.055837564170360565 0.034263961017131805
0 0.6307106614112854 0.6979695558547974 0.08629441261291504 0.07360406219959259
1 0.7303299307823181 0.7557106614112854 0.006345177534967661 0.008883249014616013
1 0.7233502268791199 0.7588832378387451 0.007614213041961193 0.007614213041961193
1 0.7119289636611938 0.7639594078063965 0.007614213041961193 0.007614213041961193
1 0.7055837512016296 0.7664974331855774 0.005076142027974129 0.005076142027974129
0 0.6732233762741089 0.7975888252258301 0.0241116750985384 0.02157360315322876
0 0.7163705825805664 0.7233502268791199 0.01649746112525463 0.03553299605846405
1 0.845812201499939 0.7036802172660828 0.006345177534967661 0.006345177534967661
1 0.7906091213226318 0.75 0.007614213041961193 0.007614213041961193
1 0.7804568409919739 0.760152280330658 0.012690355069935322 0.007614213041961193
1 0.7626903653144836 0.7664974331855774 0.007614213041961193 0.005076142027974129
1 0.7671319842338562 0.7842639684677124 0.006345177534967661 0.012690355069935322
1 0.7576141953468323 0.7817258834838867 0.005076142027974129 0.010152284055948257
1 0.7633248567581177 0.7760152220726013 0.0038071065209805965 0.006345177534967661
1 0.825507640838623 0.8857868313789368 0.011421320028603077 0.015228426083922386
1 0.6199238300323486 0.9492385983467102 0.008883249014616013 0.007614213041961193
1 0.6205583810806274 0.9581218361854553 0.010152284055948257 0.007614213041961193
1 0.8052030205726624 0.9562183022499084 0.006345177534967661 0.011421320028603077
1 0.8420050740242004 0.9866751432418823 0.008883249014616013 0.008883249014616013
1 0.8489847779273987 0.9860405921936035 0.005076142027974129 0.005076142027974129
1 0.8515228629112244 0.9359136819839478 0.010152284055948257 0.006345177534967661
0 0.9593908786773682 0.8692893385887146 0.04568528011441231 0.0482233501970768
5 0.9828680157661438 0.9416243433952332 0.034263961017131805 0.07360406219959259
1 0.8781725764274597 0.7062183022499084 0.010152284055948257 0.006345177534967661
1 0.9149746298789978 0.44733503460884094 0.010152284055948257 0.011421320028603077
1 0.9390863180160522 0.4657360315322876 0.010152284055948257 0.007614213041961193
0 0.9739847779273987 0.47842639684677124 0.05203045532107353 0.0482233501970768
