5 0.4651015102863312 0.7626903653144836 0.10279187560081482 0.058375634253025055
4 0.07614213228225708 0.7861675024032593 0.10152284055948257 0.10025380551815033
4 0.1814720779657364 0.5463197827339172 0.055837564170360565 0.07487309724092484
4 0.8147208094596863 0.8166243433952332 0.11421319842338562 0.09263959527015686
1 0.011421320028603077 0.3331218361854553 0.007614213041961193 0.01903553307056427
1 0.12626904249191284 0.375 0.008883249014616013 0.0241116750985384
1 0.15545685589313507 0.38197970390319824 0.008883249014616013 0.022842640057206154
1 0.312182754278183 0.3318527936935425 0.005076142027974129 0.013959391042590141
4 0.15101522207260132 0.30583757162094116 0.058375634253025055 0.04060913622379303
1 0.8997461795806885 0.8616751432418823 0.025380710139870644 0.030456852167844772
1 0.9092639684677124 0.8032994866371155 0.026649747043848038 0.03553299605846405
1 0.9346446990966797 0.825507640838623 0.026649747043848038 0.034263961017131805
