1 0.07999999821186066 0.842380940914154 0.04380952566862106 0.0714285746216774
4 0.15904761850833893 0.8176190257072449 0.1257142871618271 0.22190475463867188
4 0.40666666626930237 0.9128571152687073 0.11238095164299011 0.17428570985794067
4 0.39714285731315613 0.6566666960716248 0.08761905133724213 0.19142857193946838
5 0.19333332777023315 0.581428587436676 0.08761905133724213 0.1780952364206314
5 0.38952380418777466 0.4471428692340851 0.06666667014360428 0.14000000059604645
10 0.09333333373069763 0.1966666728258133 0.051428571343421936 0.02380952425301075
4 0.6104761958122253 0.27095237374305725 0.07047618925571442 0.08285713940858841
4 0.37809523940086365 0.3380952477455139 0.06285714358091354 0.09142857044935226
4 0.5214285850524902 0.07904762029647827 0.04285714402794838 0.0476190485060215
2 0.4095238149166107 0.04238095134496689 0.01904761977493763 0.04476190358400345
10 0.4099999964237213 0.04857143014669418 0.010476190596818924 0.034285712987184525
3 0.5138095021247864 0.014285714365541935 0.016190476715564728 0.02857142873108387
2 0.5128571391105652 0.009047619067132473 0.010476190596818924 0.018095238134264946
1 0.7509523630142212 0.19761905074119568 0.02190476283431053 0.04285714402794838
4 0.7361904978752136 0.3161904811859131 0.08571428805589676 0.0895238071680069
1 0.7366666793823242 0.1552380919456482 0.016190476715564728 0.032380953431129456
5 0.645714282989502 0.12095238268375397 0.07047618925571442 0.08761905133724213
5 0.6061905026435852 0.0714285746216774 0.04476190358400345 0.05904762074351311
1 0.8709523677825928 0.1480952352285385 0.02190476283431053 0.04095238074660301
1 0.8247619271278381 0.1071428582072258 0.022857142612338066 0.039047617465257645
1 0.8357142806053162 0.19857142865657806 0.016190476715564728 0.046666666865348816
1 0.8495237827301025 0.19142857193946838 0.020952381193637848 0.04571428522467613
1 0.8409523963928223 0.17476190626621246 0.017142856493592262 0.03523809462785721
1 0.9138095378875732 0.25380951166152954 0.027619047090411186 0.04857143014669418
5 0.8404762148857117 0.3019047677516937 0.1133333370089531 0.13333334028720856
4 0.8438095450401306 0.503333330154419 0.12952381372451782 0.1361904740333557
1 0.7714285850524902 0.06904762238264084 0.013333333656191826 0.03333333507180214
1 0.746666669845581 0.06285714358091354 0.015238095074892044 0.03999999910593033
1 0.7104762196540833 0.05476190522313118 0.015238095074892044 0.03523809462785721
1 0.7214285731315613 0.019523808732628822 0.018095238134264946 0.039047617465257645
1 0.6928571462631226 0.014761905185878277 0.014285714365541935 0.029523810371756554
1 0.6785714030265808 0.06142857298254967 0.012380952015519142 0.03523809462785721
7 0.6899999976158142 0.08285713940858841 0.02380952425301075 0.03809523954987526
1 0.666190505027771 0.03285714238882065 0.012380952015519142 0.03523809462785721
1 0.6547619104385376 0.03523809462785721 0.010476190596818924 0.041904762387275696
2 0.7723809480667114 0.15571428835391998 0.020952381193637848 0.037142857909202576
3 0.7747619152069092 0.15857142210006714 0.03142857179045677 0.027619047090411186
3 0.79666668176651 0.15619046986103058 0.03333333507180214 0.04380952566862106
2 0.9214285612106323 0.19857142865657806 0.029523810371756554 0.03523809462785721
5 0.9695237874984741 0.8390476107597351 0.060952380299568176 0.20380952954292297
4 0.939047634601593 0.9014285802841187 0.12190476059913635 0.1971428543329239
4 0.5433333516120911 0.8133333325386047 0.12095238268375397 0.2571428716182709
