2 0.09581217914819717 0.7449238300323486 0.01649746112525463 0.022842640057206154
10 0.10152284055948257 0.7512690424919128 0.04314720630645752 0.022842640057206154
4 0.6573604345321655 0.6021573543548584 0.08121827244758606 0.04441624507308006
1 0.2639593780040741 0.7645938992500305 0.015228426083922386 0.026649747043848038
1 0.24555838108062744 0.768401026725769 0.01649746112525463 0.026649747043848038
0 0.22842639684677124 0.7677664756774902 0.012690355069935322 0.012690355069935322
1 0.476522833108902 0.4835025370121002 0.013959391042590141 0.012690355069935322
1 0.5050761699676514 0.5038071274757385 0.012690355069935322 0.010152284055948257
1 0.7144669890403748 0.5082487463951111 0.010152284055948257 0.02157360315322876
1 0.7144669890403748 0.49809643626213074 0.005076142027974129 0.01903553307056427
1 0.8032994866371155 0.4885786771774292 0.005076142027974129 0.020304568111896515
1 0.799492359161377 0.48730963468551636 0.005076142027974129 0.022842640057206154
0 0.981598973274231 0.4295685291290283 0.036802031099796295 0.026649747043848038
1 0.9784263968467712 0.35659897327423096 0.007614213041961193 0.020304568111896515
1 0.8064720630645752 0.3496192991733551 0.008883249014616013 0.02157360315322876
3 0.8553299307823181 0.4625634551048279 0.012690355069935322 0.01903553307056427
3 0.7664974331855774 0.4885786771774292 0.015228426083922386 0.020304568111896515
3 0.779187798500061 0.48413705825805664 0.015228426083922386 0.01903553307056427
3 0.8159898519515991 0.47271573543548584 0.012690355069935322 0.01903553307056427
0 0.836294412612915 0.4695431590080261 0.020304568111896515 0.017766498029232025
3 0.7233502268791199 0.5025380849838257 0.010152284055948257 0.017766498029232025
4 0.9758883118629456 0.11167512834072113 0.027918782085180283 0.020304568111896515
4 0.9371827244758606 0.10659898817539215 0.034263961017131805 0.017766498029232025
