11 0.1723809540271759 0.5804761648178101 0.022857142612338066 0.02190476283431053
3 0.3380952477455139 0.488095223903656 0.03999999910593033 0.027619047090411186
10 0.4352380931377411 0.4895237982273102 0.03809523954987526 0.022857142612338066
7 0.0890476182103157 0.6166666746139526 0.03333333507180214 0.05238095298409462
3 0.5595238208770752 0.4957142770290375 0.03523809462785721 0.029523810371756554
4 0.5042856931686401 0.5914285778999329 0.1247619017958641 0.0533333346247673
4 0.34238094091415405 0.5823809504508972 0.1133333370089531 0.05047618970274925
4 0.7928571701049805 0.6995238065719604 0.10380952060222626 0.1133333370089531
4 0.9090476036071777 0.6438094973564148 0.10952381044626236 0.10476190596818924
10 0.760952353477478 0.5014285445213318 0.03999999910593033 0.03523809462785721
6 0.012380952015519142 0.5571428537368774 0.024761904031038284 0.1009523794054985
1 0.23904761672019958 0.549047589302063 0.017142856493592262 0.037142857909202576
1 0.15666666626930237 0.572857141494751 0.012380952015519142 0.03333333507180214
4 0.4699999988079071 0.70333331823349 0.0714285746216774 0.1304761916399002
