4 0.40736040472984314 0.13515228033065796 0.007614213041961193 0.006345177534967661
4 0.15989847481250763 0.4771573543548584 0.007614213041961193 0.007614213041961193
1 0.6846446990966797 0.9181472063064575 0.0038071065209805965 0.008883249014616013
1 0.6725888252258301 0.9016497731208801 0.005076142027974129 0.008883249014616013
1 0.682106614112854 0.9162436723709106 0.0038071065209805965 0.007614213041961193
1 0.6186548471450806 0.846446692943573 0.0038071065209805965 0.007614213041961193
6 0.6395938992500305 0.9651015400886536 0.053299494087696075 0.06472080945968628
1 0.8730964660644531 0.942258894443512 0.007614213041961193 0.01649746112525463
1 0.9022842645645142 0.9517766237258911 0.005076142027974129 0.012690355069935322
1 0.8870558142662048 0.9663705825805664 0.007614213041961193 0.01649746112525463
1 0.9086294174194336 0.9403553009033203 0.005076142027974129 0.012690355069935322
1 0.9225888252258301 0.9486040472984314 0.005076142027974129 0.011421320028603077
1 0.932741105556488 0.9555837512016296 0.005076142027974129 0.015228426083922386
