9 0.010152284055948257 0.15482233464717865 0.020304568111896515 0.08629441261291504
4 0.4403553307056427 0.20558375120162964 0.04568528011441231 0.04060913622379303
1 0.5888324975967407 0.22842639684677124 0.010152284055948257 0.03553299605846405
1 0.44733503460884094 0.10279187560081482 0.006345177534967661 0.017766498029232025
9 0.5907360315322876 0.3864213228225708 0.10279187560081482 0.18654821813106537
1 0.23350253701210022 0.07170050591230392 0.007614213041961193 0.01903553307056427
9 0.41370558738708496 0.033629439771175385 0.06598984450101852 0.06725887954235077
2 0.19162435829639435 0.13769035041332245 0.007614213041961193 0.01903553307056427
2 0.1928934007883072 0.15799492597579956 0.010152284055948257 0.01649746112525463
10 0.19225887954235077 0.1421319842338562 0.0241116750985384 0.017766498029232025
10 0.19479694962501526 0.16307106614112854 0.029187817126512527 0.013959391042590141
4 0.06662436574697495 0.09708122164011002 0.0596446692943573 0.02157360315322876
