4 0.4181472063064575 0.8337563276290894 0.10279187560081482 0.1675126850605011
4 0.6491116881370544 0.28807106614112854 0.05456852912902832 0.05076142027974129
4 0.5596446990966797 0.2690355181694031 0.055837564170360565 0.05076142027974129
4 0.2189086228609085 0.5907360315322876 0.0596446692943573 0.09010152518749237
4 0.13007614016532898 0.17258882522583008 0.0241116750985384 0.03807106614112854
4 0.1135786771774292 0.0539340116083622 0.01649746112525463 0.02157360315322876
4 0.1307106614112854 0.03236040472984314 0.015228426083922386 0.026649747043848038
4 0.04885786771774292 0.025380710139870644 0.01649746112525463 0.017766498029232025
4 0.06662436574697495 0.0767766460776329 0.02157360315322876 0.01649746112525463
4 0.0120558375492692 0.06027918681502342 0.01649746112525463 0.01649746112525463
4 0.007614213041961193 0.10088832676410675 0.015228426083922386 0.0241116750985384
1 0.4739847779273987 0.2049492448568344 0.008883249014616013 0.02157360315322876
9 0.42131978273391724 0.170685276389122 0.12690354883670807 0.07233502715826035
4 0.4936548173427582 0.17829948663711548 0.053299494087696075 0.026649747043848038
6 0.37309643626213074 0.08565989881753922 0.06852792203426361 0.05456852912902832
