2 0.7952380776405334 0.8100000023841858 0.013333333656191826 0.02380952425301075
11 0.7914285659790039 0.8052380681037903 0.020952381193637848 0.03523809462785721
1 0.7785714268684387 0.7842857241630554 0.014285714365541935 0.04285714402794838
1 0.6985714435577393 0.5895237922668457 0.010476190596818924 0.03999999910593033
1 0.6738095283508301 0.5842857360839844 0.014285714365541935 0.039047617465257645
1 0.6190476417541504 0.5247619152069092 0.009523809887468815 0.030476190149784088
1 0.604285717010498 0.5199999809265137 0.008571428246796131 0.02857142873108387
1 0.38285714387893677 0.3266666531562805 0.007619047537446022 0.01904761977493763
1 0.2914285659790039 0.20571428537368774 0.003809523768723011 0.011428571306169033
1 0.27571427822113037 0.1895238161087036 0.0028571428265422583 0.009523809887468815
1 0.272857129573822 0.1899999976158142 0.0028571428265422583 0.008571428246796131
0 0.3147619068622589 0.22190475463867188 0.010476190596818924 0.009523809887468815
0 0.3571428656578064 0.2557142972946167 0.009523809887468815 0.012380952015519142
0 0.27571427822113037 0.20523808896541595 0.008571428246796131 0.008571428246796131
1 0.31761905550956726 0.25952380895614624 0.004761904943734407 0.012380952015519142
4 0.3400000035762787 0.284761905670166 0.024761904031038284 0.020952381193637848
4 0.33142855763435364 0.2738095223903656 0.01904761977493763 0.019999999552965164
4 0.31095239520072937 0.31857141852378845 0.046666666865348816 0.02190476283431053
4 0.3023809492588043 0.30571427941322327 0.05047618970274925 0.01904761977493763
4 0.27666667103767395 0.28380951285362244 0.04857143014669418 0.01904761977493763
4 0.26380953192710876 0.23904761672019958 0.034285712987184525 0.013333333656191826
4 0.2566666603088379 0.24666666984558105 0.039047617465257645 0.011428571306169033
6 0.29952380061149597 0.23999999463558197 0.03142857179045677 0.034285712987184525
3 0.42523810267448425 0.3519047498703003 0.012380952015519142 0.018095238134264946
2 0.42571428418159485 0.3471428453922272 0.009523809887468815 0.012380952015519142
0 0.46809524297714233 0.357619047164917 0.012380952015519142 0.019999999552965164
1 0.25761905312538147 0.41476190090179443 0.010476190596818924 0.02380952425301075
1 0.22428570687770844 0.4099999964237213 0.012380952015519142 0.025714285671710968
1 0.24523809552192688 0.43619048595428467 0.008571428246796131 0.020952381193637848
1 0.5004761815071106 0.37809523940086365 0.016190476715564728 0.020952381193637848
10 0.44999998807907104 0.43619048595428467 0.025714285671710968 0.020952381193637848
8 0.43666666746139526 0.3990476131439209 0.05238095298409462 0.032380953431129456
4 0.346190482378006 0.46619048714637756 0.09047619253396988 0.04095238074660301
2 0.49666666984558105 0.43619048595428467 0.010476190596818924 0.020952381193637848
3 0.4957142770290375 0.44238096475601196 0.008571428246796131 0.027619047090411186
10 0.6166666746139526 0.49142858386039734 0.019999999552965164 0.02666666731238365
10 0.6709523797035217 0.5476190447807312 0.019999999552965164 0.02857142873108387
2 0.6680952310562134 0.5438095331192017 0.019999999552965164 0.024761904031038284
2 0.6680952310562134 0.5371428728103638 0.014285714365541935 0.020952381193637848
10 0.8447619080543518 0.6566666960716248 0.02857142873108387 0.03333333507180214
4 0.4876190423965454 0.726190447807312 0.12952381372451782 0.08095238357782364
4 0.4228571355342865 0.6547619104385376 0.11999999731779099 0.06952381134033203
0 0.11666666716337204 0.14666666090488434 0.014285714365541935 0.024761904031038284
4 0.19238094985485077 0.1723809540271759 0.01904761977493763 0.009523809887468815
