4 0.005076142027974129 0.1364213228225708 0.010152284055948257 0.013959391042590141
4 0.09327410906553268 0.1814720779657364 0.013959391042590141 0.012690355069935322
4 0.03172588720917702 0.18337564170360565 0.015228426083922386 0.013959391042590141
4 0.006345177534967661 0.2131979763507843 0.012690355069935322 0.012690355069935322
4 0.14340101182460785 0.10913705825805664 0.015228426083922386 0.012690355069935322
4 0.19162435829639435 0.10025380551815033 0.012690355069935322 0.012690355069935322
4 0.2557106614112854 0.08692893385887146 0.008883249014616013 0.011421320028603077
1 0.0006345177534967661 0.06662436574697495 0.0012690355069935322 0.008883249014616013
1 0.015228426083922386 0.07931472361087799 0.0025380710139870644 0.008883249014616013
1 0.020304568111896515 0.08312182873487473 0.0025380710139870644 0.006345177534967661
1 0.02474619261920452 0.08629441261291504 0.0038071065209805965 0.007614213041961193
4 0.2417512685060501 0.0596446692943573 0.013959391042590141 0.010152284055948257
4 0.2696700394153595 0.10596446692943573 0.01649746112525463 0.008883249014616013
4 0.18527919054031372 0.125 0.015228426083922386 0.008883249014616013
4 0.16053299605846405 0.12944161891937256 0.01649746112525463 0.010152284055948257
4 0.1446700543165207 0.1307106614112854 0.015228426083922386 0.012690355069935322
4 0.13134518265724182 0.13451775908470154 0.013959391042590141 0.007614213041961193
4 0.1389593929052353 0.15291878581047058 0.013959391042590141 0.011421320028603077
4 0.19162435829639435 0.14149746298789978 0.017766498029232025 0.011421320028603077
4 0.2049492448568344 0.13769035041332245 0.013959391042590141 0.011421320028603077
4 0.17385786771774292 0.16624365746974945 0.015228426083922386 0.010152284055948257
1 0.22652284801006317 0.17512691020965576 0.0038071065209805965 0.007614213041961193
1 0.3267766535282135 0.1453045755624771 0.0038071065209805965 0.008883249014616013
1 0.3889593780040741 0.11865482479333878 0.0038071065209805965 0.008883249014616013
1 0.3927665054798126 0.12690354883670807 0.0038071065209805965 0.007614213041961193
4 0.0031725887674838305 0.5222080945968628 0.006345177534967661 0.03172588720917702
4 0.020939085632562637 0.5869289636611938 0.041878171265125275 0.03172588720917702
4 0.14720812439918518 0.6269035339355469 0.017766498029232025 0.030456852167844772
10 0.18654821813106537 0.6947969794273376 0.007614213041961193 0.01649746112525463
2 0.18591371178627014 0.6909898519515991 0.006345177534967661 0.011421320028603077
4 0.15989847481250763 0.48667511343955994 0.017766498029232025 0.0241116750985384
4 0.09517766535282135 0.31725889444351196 0.017766498029232025 0.017766498029232025
4 0.07043147087097168 0.273477166891098 0.01903553307056427 0.01649746112525463
4 0.1592639535665512 0.3204314708709717 0.01903553307056427 0.01903553307056427
9 0.06027918681502342 0.3407360315322876 0.041878171265125275 0.06472080945968628
5 0.10406091064214706 0.24936547875404358 0.020304568111896515 0.02157360315322876
5 0.15799492597579956 0.24048224091529846 0.02157360315322876 0.02157360315322876
9 0.11484771221876144 0.23096446692943573 0.03172588720917702 0.03807106614112854
4 0.0057106600143015385 0.2525380849838257 0.011421320028603077 0.022842640057206154
10 0.06662436574697495 0.19543147087097168 0.006345177534967661 0.007614213041961193
2 0.06662436574697495 0.1935279220342636 0.0038071065209805965 0.0038071065209805965
4 0.37373095750808716 0.15228426456451416 0.02157360315322876 0.010152284055948257
4 0.32296955585479736 0.16434010863304138 0.02157360315322876 0.008883249014616013
4 0.24365481734275818 0.24302031099796295 0.012690355069935322 0.01649746112525463
4 0.22525380551815033 0.23921319842338562 0.013959391042590141 0.01649746112525463
4 0.2303299456834793 0.2868020236492157 0.013959391042590141 0.020304568111896515
4 0.26840102672576904 0.3407360315322876 0.01649746112525463 0.02157360315322876
4 0.2982233464717865 0.403553307056427 0.020304568111896515 0.025380710139870644
4 0.2442893385887146 0.4295685291290283 0.02157360315322876 0.029187817126512527
4 0.24936547875404358 0.3553299605846405 0.01903553307056427 0.022842640057206154
5 0.2614213228225708 0.18274112045764923 0.022842640057206154 0.017766498029232025
5 0.25697970390319824 0.20875634253025055 0.01649746112525463 0.01903553307056427
9 0.24302031099796295 0.4974619150161743 0.039340101182460785 0.0710659921169281
4 0.2848984897136688 0.5482233762741089 0.01903553307056427 0.030456852167844772
4 0.2189086228609085 0.6288071274757385 0.02157360315322876 0.03172588720917702
4 0.22779187560081482 0.7519035339355469 0.02157360315322876 0.039340101182460785
4 0.2842639684677124 0.7525380849838257 0.022842640057206154 0.04314720630645752
4 0.312817245721817 0.9003807306289673 0.03172588720917702 0.05203045532107353
4 0.4098984897136688 0.9225888252258301 0.027918782085180283 0.053299494087696075
5 0.3889593780040741 0.8058375716209412 0.03172588720917702 0.053299494087696075
1 0.3521573543548584 0.20241117477416992 0.0038071065209805965 0.008883249014616013
1 0.351522833108902 0.3832487165927887 0.005076142027974129 0.015228426083922386
4 0.273477166891098 0.6573604345321655 0.0241116750985384 0.03553299605846405
10 0.2360406070947647 0.8629441857337952 0.010152284055948257 0.022842640057206154
2 0.2354060858488083 0.856598973274231 0.006345177534967661 0.010152284055948257
9 0.4321065843105316 0.7036802172660828 0.05710659921169281 0.12055837363004684
2 0.5888324975967407 0.45875635743141174 0.005076142027974129 0.008883249014616013
1 0.575507640838623 0.16053299605846405 0.0038071065209805965 0.006345177534967661
1 0.5793147087097168 0.15989847481250763 0.0038071065209805965 0.007614213041961193
1 0.575507640838623 0.06281726062297821 0.0038071065209805965 0.008883249014616013
1 0.5881979465484619 0.06916243582963943 0.0038071065209805965 0.006345177534967661
1 0.5831218361854553 0.0710659921169281 0.0038071065209805965 0.007614213041961193
1 0.6021573543548584 0.045050762593746185 0.0038071065209805965 0.006345177534967661
1 0.6078680157661438 0.041878171265125275 0.005076142027974129 0.007614213041961193
1 0.7449238300323486 0.9479695558547974 0.007614213041961193 0.015228426083922386
1 0.6459391117095947 0.4746192991733551 0.005076142027974129 0.012690355069935322
1 0.6414974331855774 0.476522833108902 0.0038071065209805965 0.011421320028603077
1 0.6294416189193726 0.48159897327423096 0.005076142027974129 0.011421320028603077
1 0.6307106614112854 0.4708121716976166 0.005076142027974129 0.010152284055948257
1 0.6383248567581177 0.47017765045166016 0.005076142027974129 0.008883249014616013
1 0.6211928725242615 0.4746192991733551 0.0038071065209805965 0.012690355069935322
1 0.6173858046531677 0.4752538204193115 0.0038071065209805965 0.011421320028603077
1 0.6123096346855164 0.4752538204193115 0.0038071065209805965 0.011421320028603077
2 0.682741105556488 0.45050761103630066 0.005076142027974129 0.007614213041961193
1 0.6313451528549194 0.04949238523840904 0.0038071065209805965 0.010152284055948257
1 0.6357868313789368 0.05139593780040741 0.0025380710139870644 0.008883249014616013
1 0.6967005133628845 0.0596446692943573 0.0025380710139870644 0.007614213041961193
1 0.7011421322822571 0.05774111673235893 0.0038071065209805965 0.008883249014616013
1 0.7074872851371765 0.06281726062297821 0.0038071065209805965 0.008883249014616013
4 0.7252538204193115 0.019670050591230392 0.01649746112525463 0.011421320028603077
4 0.768401026725769 0.039340101182460785 0.013959391042590141 0.010152284055948257
4 0.7480964660644531 0.029187817126512527 0.01649746112525463 0.010152284055948257
1 0.7595177888870239 0.03553299605846405 0.0038071065209805965 0.007614213041961193
1 0.7626903653144836 0.04060913622379303 0.0025380710139870644 0.005076142027974129
5 0.9390863180160522 0.01586294360458851 0.010152284055948257 0.008883249014616013
1 0.8946700692176819 0.04885786771774292 0.0025380710139870644 0.006345177534967661
1 0.8140863180160522 0.9010152220726013 0.006345177534967661 0.015228426083922386
1 0.9968274235725403 0.0881979689002037 0.0038071065209805965 0.008883249014616013
1 0.9936548471450806 0.08883249014616013 0.0025380710139870644 0.007614213041961193
