5 0.05647208169102669 0.25 0.10532994568347931 0.04060913622379303
5 0.23350253701210022 0.21700507402420044 0.10659898817539215 0.03807106614112854
4 0.4689086377620697 0.19796954095363617 0.06979695707559586 0.03299492225050926
4 0.24809645116329193 0.20368020236492157 0.0850253775715828 0.03172588720917702
9 0.9213197827339172 0.47842639684677124 0.04060913622379303 0.10913705825805664
4 0.989847719669342 0.43274110555648804 0.020304568111896515 0.03553299605846405
1 0.6675127148628235 0.6573604345321655 0.012690355069935322 0.020304568111896515
1 0.653553307056427 0.6579949259757996 0.012690355069935322 0.0241116750985384
1 0.6503807306289673 0.6408629417419434 0.008883249014616013 0.017766498029232025
1 0.6516497731208801 0.6326141953468323 0.008883249014616013 0.02157360315322876
1 0.6611675024032593 0.6427664756774902 0.005076142027974129 0.013959391042590141
1 0.6560913920402527 0.6941624283790588 0.012690355069935322 0.020304568111896515
1 0.6560913920402527 0.7049492597579956 0.010152284055948257 0.02157360315322876
1 0.6281725764274597 0.6992385983467102 0.010152284055948257 0.020304568111896515
1 0.6129441857337952 0.7284263968467712 0.007614213041961193 0.017766498029232025
1 0.6230964660644531 0.720812201499939 0.007614213041961193 0.020304568111896515
1 0.6376903653144836 0.7258883118629456 0.006345177534967661 0.017766498029232025
1 0.6383248567581177 0.7182741165161133 0.005076142027974129 0.012690355069935322
4 0.9961928725242615 0.3756345212459564 0.007614213041961193 0.030456852167844772
4 0.796954333782196 0.32487308979034424 0.022842640057206154 0.027918782085180283
4 0.9809644818305969 0.31916242837905884 0.022842640057206154 0.026649747043848038
9 0.9029187560081482 0.2975888252258301 0.029187817126512527 0.07487309724092484
9 0.999365508556366 0.30520305037498474 0.0012690353905782104 0.08756345510482788
4 0.8718274235725403 0.13134518265724182 0.012690355069935322 0.01649746112525463
4 0.9251269102096558 0.1935279220342636 0.015228426083922386 0.01903553307056427
4 0.7360405921936035 0.17195431888103485 0.015228426083922386 0.01649746112525463
1 0.6770304441452026 0.22652284801006317 0.006345177534967661 0.01649746112525463
1 0.6592639684677124 0.22398477792739868 0.006345177534967661 0.013959391042590141
1 0.6878172755241394 0.1986040621995926 0.005076142027974129 0.01649746112525463
1 0.6687816977500916 0.22652284801006317 0.005076142027974129 0.013959391042590141
1 0.6738578677177429 0.16243654489517212 0.005076142027974129 0.015228426083922386
4 0.6947969794273376 0.03870558366179466 0.011421320028603077 0.013959391042590141
4 0.749365508556366 0.04568528011441231 0.011421320028603077 0.010152284055948257
4 0.768401026725769 0.03870558366179466 0.011421320028603077 0.011421320028603077
9 0.7880710363388062 0.03616751357913017 0.017766498029232025 0.036802031099796295
4 0.7652284502983093 0.031091369688510895 0.010152284055948257 0.008883249014616013
4 0.7576141953468323 0.01078680157661438 0.010152284055948257 0.011421320028603077
4 0.7607868313789368 0.020939085632562637 0.008883249014616013 0.008883249014616013
1 0.9333756566047668 0.06281726062297821 0.0038071065209805965 0.008883249014616013
1 0.953045666217804 0.08312182873487473 0.0025380710139870644 0.008883249014616013
1 0.9657360315322876 0.10850253701210022 0.0025380710139870644 0.011421320028603077
1 0.9701776504516602 0.102157361805439 0.0038071065209805965 0.008883249014616013
1 0.9790608882904053 0.1307106614112854 0.0038071065209805965 0.010152284055948257
1 0.9663705825805664 0.12944161891937256 0.0038071065209805965 0.010152284055948257
1 0.9841370582580566 0.1307106614112854 0.0038071065209805965 0.010152284055948257
1 0.9777919054031372 0.11230964213609695 0.0038071065209805965 0.008883249014616013
1 0.9676395654678345 0.0824873074889183 0.0038071065209805965 0.007614213041961193
1 0.9955583810806274 0.15482233464717865 0.0038071065209805965 0.010152284055948257
1 0.9746192693710327 0.1700507551431656 0.005076142027974129 0.012690355069935322
1 0.9473350048065186 0.05647208169102669 0.0038071065209805965 0.008883249014616013
1 0.8610405921936035 0.01078680157661438 0.0038071065209805965 0.008883249014616013
1 0.9631979465484619 0.08312182873487473 0.0025380710139870644 0.008883249014616013
1 0.9371827244758606 0.07994923740625381 0.0038071065209805965 0.007614213041961193
1 0.9701776504516602 0.13197968900203705 0.0038071065209805965 0.010152284055948257
1 0.9765228629112244 0.12246192991733551 0.0038071065209805965 0.008883249014616013
3 0.9942893385887146 0.20621827244758606 0.011421320028603077 0.011421320028603077
