9 0.10279187560081482 0.12626904249191284 0.0939086303114891 0.06218273937702179
1 0.08439086377620697 0.08121827244758606 0.008883249014616013 0.015228426083922386
1 0.050126902759075165 0.09137056022882462 0.006345177534967661 0.015228426083922386
1 0.06154822185635567 0.060913704335689545 0.006345177534967661 0.012690355069935322
1 0.15291878581047058 0.11040609329938889 0.008883249014616013 0.017766498029232025
1 0.11230964213609695 0.10152284055948257 0.006345177534967661 0.015228426083922386
1 0.17131979763507843 0.12309644371271133 0.012690355069935322 0.020304568111896515
1 0.21192893385887146 0.12055837363004684 0.007614213041961193 0.015228426083922386
1 0.21827411651611328 0.15228426456451416 0.005076142027974129 0.015228426083922386
1 0.20812182128429413 0.1395939141511917 0.005076142027974129 0.012690355069935322
1 0.204314723610878 0.14657360315322876 0.005076142027974129 0.011421320028603077
1 0.05456852912902832 0.08629441261291504 0.005076142027974129 0.012690355069935322
1 0.10596446692943573 0.06852792203426361 0.006345177534967661 0.015228426083922386
1 0.07931472361087799 0.07741116732358932 0.006345177534967661 0.012690355069935322
1 0.06218273937702179 0.0881979689002037 0.007614213041961193 0.011421320028603077
1 0.22906091809272766 0.1503807157278061 0.006345177534967661 0.01649746112525463
1 0.2817258834838867 0.1675126850605011 0.005076142027974129 0.015228426083922386
1 0.2906091511249542 0.1675126850605011 0.005076142027974129 0.015228426083922386
2 0.2442893385887146 0.15164974331855774 0.008883249014616013 0.013959391042590141
4 0.5069797039031982 0.17258882522583008 0.034263961017131805 0.022842640057206154
4 0.08375634253025055 0.4638324975967407 0.058375634253025055 0.06218273937702179
1 0.5031725764274597 0.22335025668144226 0.006345177534967661 0.015228426083922386
1 0.3407360315322876 0.6059644818305969 0.011421320028603077 0.026649747043848038
1 0.3857868015766144 0.6440355181694031 0.015228426083922386 0.026649747043848038
1 0.3502538204193115 0.635152280330658 0.010152284055948257 0.01649746112525463
1 0.37119290232658386 0.6453045606613159 0.011421320028603077 0.02157360315322876
1 0.37119290232658386 0.654187798500061 0.008883249014616013 0.02157360315322876
1 0.380076140165329 0.6624365448951721 0.008883249014616013 0.020304568111896515
1 0.575507640838623 0.6954314708709717 0.006345177534967661 0.017766498029232025
1 0.24365481734275818 0.8140863180160522 0.017766498029232025 0.0241116750985384
1 0.19162435829639435 0.7671319842338562 0.015228426083922386 0.0241116750985384
1 0.12055837363004684 0.7068527936935425 0.012690355069935322 0.020304568111896515
1 0.14593908190727234 0.6967005133628845 0.020304568111896515 0.027918782085180283
1 0.1307106614112854 0.6890863180160522 0.015228426083922386 0.025380710139870644
1 0.13832487165927887 0.6846446990966797 0.010152284055948257 0.029187817126512527
1 0.14593908190727234 0.6833756566047668 0.012690355069935322 0.0241116750985384
1 0.5729695558547974 0.7093908786773682 0.01649746112525463 0.022842640057206154
1 0.11865482479333878 0.7100253701210022 0.013959391042590141 0.026649747043848038
1 0.2074873149394989 0.7848984599113464 0.01903553307056427 0.026649747043848038
1 0.22271573543548584 0.817893385887146 0.01903553307056427 0.03172588720917702
1 0.6288071274757385 0.16560913622379303 0.006345177534967661 0.01903553307056427
0 0.7157360315322876 0.11230964213609695 0.053299494087696075 0.03172588720917702
1 0.8248730897903442 0.15164974331855774 0.007614213041961193 0.01903553307056427
1 0.8496192693710327 0.14847715198993683 0.006345177534967661 0.015228426083922386
1 0.8724619150161743 0.13769035041332245 0.006345177534967661 0.01649746112525463
1 0.8864213228225708 0.13515228033065796 0.006345177534967661 0.01903553307056427
1 0.8775380849838257 0.13578680157661438 0.006345177534967661 0.015228426083922386
1 0.9777919054031372 0.09010152518749237 0.006345177534967661 0.020304568111896515
1 0.9746192693710327 0.1281725913286209 0.0025380710139870644 0.015228426083922386
1 0.9860405921936035 0.14149746298789978 0.005076142027974129 0.01649746112525463
1 0.9441624283790588 0.14911167323589325 0.007614213041961193 0.01903553307056427
1 0.8439086079597473 0.1871827393770218 0.0025380710139870644 0.01649746112525463
1 0.7963197827339172 0.19796954095363617 0.006345177534967661 0.020304568111896515
1 0.8248730897903442 0.21700507402420044 0.007614213041961193 0.020304568111896515
1 0.8312183022499084 0.19162435829639435 0.007614213041961193 0.015228426083922386
1 0.8819797039031982 0.2607868015766144 0.007614213041961193 0.01649746112525463
1 0.6573604345321655 0.38261422514915466 0.012690355069935322 0.02157360315322876
1 0.817258894443512 0.41941624879837036 0.010152284055948257 0.01903553307056427
1 0.8058375716209412 0.42195430397987366 0.007614213041961193 0.02157360315322876
1 0.9638324975967407 0.4124365448951721 0.006345177534967661 0.017766498029232025
1 0.7842639684677124 0.4568527936935425 0.010152284055948257 0.022842640057206154
1 0.7557106614112854 0.5019035339355469 0.011421320028603077 0.026649747043848038
1 0.7874365448951721 0.5076141953468323 0.011421320028603077 0.022842640057206154
1 0.721446692943573 0.5539340376853943 0.011421320028603077 0.0241116750985384
1 0.75 0.5520304441452026 0.012690355069935322 0.027918782085180283
1 0.7373096346855164 0.5368020534515381 0.005076142027974129 0.015228426083922386
1 0.7817258834838867 0.5279187560081482 0.010152284055948257 0.022842640057206154
1 0.7975888252258301 0.528553307056427 0.011421320028603077 0.0241116750985384
1 0.817893385887146 0.5425127148628235 0.011421320028603077 0.0241116750985384
1 0.8407360315322876 0.48667511343955994 0.008883249014616013 0.0241116750985384
1 0.8559644818305969 0.5107868313789368 0.008883249014616013 0.02157360315322876
1 0.8838832378387451 0.5082487463951111 0.008883249014616013 0.02157360315322876
1 0.875 0.5076141953468323 0.006345177534967661 0.022842640057206154
1 0.7753807306289673 0.663705587387085 0.010152284055948257 0.020304568111896515
1 0.9809644818305969 0.13451775908470154 0.005076142027974129 0.015228426083922386
1 0.8388324975967407 0.1935279220342636 0.005076142027974129 0.011421320028603077
1 0.8508883118629456 0.24936547875404358 0.008883249014616013 0.01903553307056427
1 0.9016497731208801 0.21446700394153595 0.006345177534967661 0.017766498029232025
1 0.9790608882904053 0.170685276389122 0.0038071065209805965 0.011421320028603077
1 0.9873096346855164 0.1700507551431656 0.005076142027974129 0.015228426083922386
1 0.913705587387085 0.21827411651611328 0.007614213041961193 0.012690355069935322
1 0.8489847779273987 0.35913705825805664 0.010152284055948257 0.025380710139870644
1 0.8369289636611938 0.36167511343955994 0.008883249014616013 0.022842640057206154
1 0.8096446990966797 0.3997461795806885 0.007614213041961193 0.017766498029232025
1 0.796954333782196 0.3978426456451416 0.012690355069935322 0.02157360315322876
1 0.7963197827339172 0.4156091511249542 0.011421320028603077 0.02157360315322876
1 0.7703045606613159 0.5234771370887756 0.012690355069935322 0.02157360315322876
1 0.8864213228225708 0.4936548173427582 0.013959391042590141 0.017766498029232025
1 0.7449238300323486 0.5298223495483398 0.010152284055948257 0.01903553307056427
1 0.7753807306289673 0.7696700692176819 0.010152284055948257 0.01649746112525463
2 0.9409898519515991 0.24936547875404358 0.006345177534967661 0.011421320028603077
2 0.8991116881370544 0.2931472063064575 0.008883249014616013 0.015228426083922386
2 0.9098984599113464 0.3267766535282135 0.012690355069935322 0.008883249014616013
2 0.9390863180160522 0.33121827244758606 0.010152284055948257 0.015228426083922386
2 0.9314720630645752 0.3274111747741699 0.010152284055948257 0.012690355069935322
2 0.9822335243225098 0.3775380849838257 0.010152284055948257 0.011421320028603077
2 0.9968274235725403 0.39340102672576904 0.006345177534967661 0.012690355069935322
1 0.9695431590080261 0.37119290232658386 0.007614213041961193 0.01903553307056427
2 0.8819797039031982 0.2753807008266449 0.010152284055948257 0.007614213041961193
2 0.8876903653144836 0.28236040472984314 0.011421320028603077 0.013959391042590141
2 0.8953045606613159 0.28870558738708496 0.008883249014616013 0.013959391042590141
2 0.9098984599113464 0.31154823303222656 0.012690355069935322 0.008883249014616013
2 0.924492359161377 0.312817245721817 0.008883249014616013 0.011421320028603077
2 0.913705587387085 0.31916242837905884 0.017766498029232025 0.008883249014616013
2 0.9282994866371155 0.3236040472984314 0.008883249014616013 0.012690355069935322
2 0.9562183022499084 0.34771573543548584 0.011421320028603077 0.012690355069935322
1 0.9568527936935425 0.3546954393386841 0.005076142027974129 0.0241116750985384
2 0.9676395654678345 0.36230963468551636 0.011421320028603077 0.013959391042590141
2 0.9822335243225098 0.3724619150161743 0.007614213041961193 0.01649746112525463
2 0.9917512536048889 0.3870558440685272 0.008883249014616013 0.015228426083922386
2 0.9968274235725403 0.3889593780040741 0.006345177534967661 0.011421320028603077
