4 0.6385714411735535 0.8652380704879761 0.14571428298950195 0.10761904716491699
4 0.45523810386657715 0.6190476417541504 0.10476190596818924 0.06666667014360428
4 0.38380953669548035 0.5647618770599365 0.09714286029338837 0.05904762074351311
4 0.2509523928165436 0.3928571343421936 0.08476190268993378 0.04095238074660301
4 0.3095238208770752 0.31857141852378845 0.05904762074351311 0.039047617465257645
4 0.13857142627239227 0.21714285016059875 0.05238095298409462 0.022857142612338066
4 0.05904762074351311 0.14714285731315613 0.041904762387275696 0.018095238134264946
4 0.15095238387584686 0.17523810267448425 0.02380952425301075 0.01904761977493763
4 0.16476190090179443 0.1895238161087036 0.02857142873108387 0.022857142612338066
6 0.10619047284126282 0.13952380418777466 0.037142857909202576 0.03523809462785721
4 0.10285714268684387 0.1909523755311966 0.04952380806207657 0.02380952425301075
4 0.15190476179122925 0.2319047600030899 0.046666666865348816 0.02380952425301075
5 0.06380952149629593 0.1361904740333557 0.03809523954987526 0.013333333656191826
1 0.06714285910129547 0.09809523820877075 0.006666666828095913 0.013333333656191826
1 0.09714286029338837 0.11238095164299011 0.0057142856530845165 0.017142856493592262
1 0.05428571254014969 0.07380952686071396 0.009523809887468815 0.016190476715564728
1 0.142380952835083 0.14380952715873718 0.006666666828095913 0.015238095074892044
1 0.13476189970970154 0.1599999964237213 0.006666666828095913 0.013333333656191826
1 0.18571428954601288 0.19523809850215912 0.007619047537446022 0.015238095074892044
1 0.17142857611179352 0.15238095819950104 0.007619047537446022 0.009523809887468815
1 0.9014285802841187 0.7200000286102295 0.02190476283431053 0.03809523954987526
1 0.892380952835083 0.7019047737121582 0.024761904031038284 0.034285712987184525
1 0.5661904811859131 0.5400000214576721 0.014285714365541935 0.02857142873108387
1 0.46619048714637756 0.427142858505249 0.008571428246796131 0.027619047090411186
1 0.5442857146263123 0.4276190400123596 0.010476190596818924 0.02666666731238365
1 0.5780952572822571 0.4523809552192688 0.007619047537446022 0.02666666731238365
11 0.5733333230018616 0.5509523749351501 0.013333333656191826 0.02190476283431053
10 0.7409523725509644 0.534761905670166 0.04380952566862106 0.039047617465257645
2 0.5733333230018616 0.5528571605682373 0.007619047537446022 0.016190476715564728
1 0.558571457862854 0.4523809552192688 0.010476190596818924 0.030476190149784088
10 0.5633333325386047 0.44857141375541687 0.02190476283431053 0.030476190149784088
10 0.5038095116615295 0.40142858028411865 0.020952381193637848 0.019999999552965164
1 0.3628571331501007 0.28857141733169556 0.013333333656191826 0.020952381193637848
1 0.3866666555404663 0.31190475821495056 0.009523809887468815 0.02190476283431053
3 0.38428571820259094 0.31333333253860474 0.012380952015519142 0.017142856493592262
1 0.3233333230018616 0.2676190435886383 0.010476190596818924 0.020952381193637848
1 0.1495238095521927 0.3795238137245178 0.011428571306169033 0.018095238134264946
1 0.14428570866584778 0.3447619080543518 0.010476190596818924 0.020952381193637848
1 0.11095237731933594 0.3404761850833893 0.012380952015519142 0.02380952425301075
10 0.33523809909820557 0.3552381098270416 0.024761904031038284 0.01904761977493763
10 0.23904761672019958 0.18380951881408691 0.009523809887468815 0.015238095074892044
0 0.2690476179122925 0.20571428537368774 0.010476190596818924 0.020952381193637848
1 0.039047617465257645 0.07999999821186066 0.007619047537446022 0.015238095074892044
2 0.10857142508029938 0.11142857372760773 0.0057142856530845165 0.009523809887468815
10 0.10857142508029938 0.11238095164299011 0.013333333656191826 0.007619047537446022
1 0.15666666626930237 0.23428571224212646 0.008571428246796131 0.020952381193637848
