6 0.948051929473877 0.9165120720863342 0.10204081982374191 0.16512058675289154
9 0.5746753215789795 0.9220778942108154 0.16048237681388855 0.1484230011701584
4 0.7337662577629089 0.7022263407707214 0.06307977437973022 0.06864564120769501
11 0.8153988718986511 0.6020408272743225 0.09090909361839294 0.10389610379934311
5 0.8571428656578064 0.5148422718048096 0.0352504625916481 0.044526901096105576
4 0.8979591727256775 0.4573283791542053 0.05380333960056305 0.04638218879699707
4 0.9833024144172668 0.3163265287876129 0.03153988718986511 0.0352504625916481
4 0.3311688303947449 0.8998144865036011 0.09090909361839294 0.072356216609478
4 0.3919295072555542 0.8195732831954956 0.09183673560619354 0.05473098158836365
4 0.5037105679512024 0.7064007520675659 0.08905380219221115 0.05473098158836365
4 0.5612244606018066 0.6368274688720703 0.08534322679042816 0.04359925910830498
4 0.6938775777816772 0.4916512072086334 0.07606679201126099 0.03896103799343109
4 0.7212430238723755 0.4610389471054077 0.06771799921989441 0.022263450548052788
4 0.7319109439849854 0.44341373443603516 0.07792207598686218 0.027829313650727272
4 0.7935992479324341 0.3849721848964691 0.0695732831954956 0.020408162847161293
4 0.7778292894363403 0.4012059271335602 0.07513915002346039 0.02875695750117302
4 0.8223562240600586 0.33766233921051025 0.06586270779371262 0.022263450548052788
4 0.8404452800750732 0.30241188406944275 0.059369202703237534 0.0185528751462698
4 0.8492578864097595 0.2857142984867096 0.05658626928925514 0.020408162847161293
4 0.8622449040412903 0.26623377203941345 0.06029684469103813 0.0185528751462698
4 0.874768078327179 0.2448979616165161 0.055658627301454544 0.022263450548052788
4 0.41743969917297363 0.5398886799812317 0.07977736741304398 0.044526901096105576
