4 0.4175126850605011 0.013324873521924019 0.03299492225050926 0.0241116750985384
4 0.3178934156894684 0.09327410906553268 0.041878171265125275 0.04695431515574455
4 0.25 0.2100253850221634 0.03807106614112854 0.039340101182460785
4 0.3807106614112854 0.32804569602012634 0.03553299605846405 0.041878171265125275
4 0.5406091213226318 0.32296955585479736 0.03299492225050926 0.036802031099796295
4 0.614847719669342 0.3242385685443878 0.034263961017131805 0.04695431515574455
4 0.6618020534515381 0.33375635743141174 0.03172588720917702 0.04568528011441231
4 0.6865482330322266 0.2925126850605011 0.03807106614112854 0.04695431515574455
4 0.6459391117095947 0.23223350942134857 0.03553299605846405 0.03807106614112854
4 0.5843908786773682 0.1535532921552658 0.036802031099796295 0.04568528011441231
4 0.6954314708709717 0.22906091809272766 0.04314720630645752 0.04949238523840904
4 0.48477157950401306 0.13197968900203705 0.03553299605846405 0.04060913622379303
4 0.5342639684677124 0.19479694962501526 0.03553299605846405 0.04441624507308006
4 0.5799492597579956 0.2563451826572418 0.03807106614112854 0.0482233501970768
4 0.5463197827339172 0.1592639535665512 0.039340101182460785 0.04695431515574455
4 0.49809643626213074 0.10532994568347931 0.036802031099796295 0.04314720630645752
4 0.36484771966934204 0.03616751357913017 0.036802031099796295 0.036802031099796295
4 0.3940355181694031 0.07043147087097168 0.034263961017131805 0.039340101182460785
4 0.4340101480484009 0.12182740867137909 0.03299492225050926 0.04060913622379303
4 0.5399746298789978 0.25951775908470154 0.036802031099796295 0.039340101182460785
4 0.5767766237258911 0.3185279071331024 0.034263961017131805 0.04568528011441231
4 0.635152280330658 0.38261422514915466 0.026649747043848038 0.04695431515574455
5 0.4111675024032593 0.1821065992116928 0.04060913622379303 0.041878171265125275
5 0.6782994866371155 0.4067258834838867 0.029187817126512527 0.05710659921169281
5 0.47017765045166016 0.16307106614112854 0.04441624507308006 0.04441624507308006
5 0.5050761699676514 0.21192893385887146 0.03807106614112854 0.04060913622379303
5 0.6611675024032593 0.4809644818305969 0.04314720630645752 0.053299494087696075
9 0.6091370582580566 0.2417512685060501 0.08883249014616013 0.11040609329938889
9 0.7595177888870239 0.3813451826572418 0.09517766535282135 0.1281725913286209
9 0.8439086079597473 0.2671319842338562 0.08375634253025055 0.10025380551815033
9 0.9340101480484009 0.37119290232658386 0.0939086303114891 0.10279187560081482
9 0.9397208094596863 0.7734771370887756 0.12055837363004684 0.09771573543548584
9 0.9758883118629456 0.9352791905403137 0.0482233501970768 0.12690354883670807
4 0.9625634551048279 0.6947969794273376 0.05203045532107353 0.04441624507308006
4 0.7385786771774292 0.7487309575080872 0.0482233501970768 0.058375634253025055
5 0.7664974331855774 0.6192893385887146 0.053299494087696075 0.060913704335689545
5 0.9276649951934814 0.20304568111896515 0.027918782085180283 0.04060913622379303
4 0.4238578677177429 0.4936548173427582 0.04060913622379303 0.022842640057206154
4 0.5114213228225708 0.6376903653144836 0.04568528011441231 0.04441624507308006
4 0.375 0.749365508556366 0.04949238523840904 0.041878171265125275
4 0.6338832378387451 0.8883248567581177 0.04949238523840904 0.053299494087696075
4 0.4549492299556732 0.9378172755241394 0.05203045532107353 0.03807106614112854
4 0.46763959527015686 0.8052030205726624 0.05456852912902832 0.05710659921169281
5 0.45621827244758606 0.6852791905403137 0.05203045532107353 0.04568528011441231
5 0.40736040472984314 0.7836294174194336 0.060913704335689545 0.0596446692943573
9 0.44225889444351196 0.9746192693710327 0.12055837363004684 0.0482233501970768
10 0.8946700692176819 0.971446692943573 0.025380710139870644 0.026649747043848038
2 0.8946700692176819 0.9663705825805664 0.015228426083922386 0.01649746112525463
4 0.981598973274231 0.9796954393386841 0.036802031099796295 0.03807106614112854
1 0.7170050740242004 0.4352791905403137 0.007614213041961193 0.007614213041961193
