9 0.06345177441835403 0.3147208094596863 0.12690354883670807 0.05076142027974129
9 0.060913704335689545 0.351522833108902 0.12182740867137909 0.058375634253025055
4 0.255076140165329 0.312817245721817 0.030456852167844772 0.039340101182460785
4 0.05456852912902832 0.5272842645645142 0.07360406219959259 0.039340101182460785
4 0.07360406219959259 0.6237309575080872 0.06852792203426361 0.041878171265125275
4 0.2842639684677124 0.9118020534515381 0.03807106614112854 0.0824873074889183
4 0.5120558142662048 0.643401026725769 0.03172588720917702 0.06852792203426361
5 0.5628172755241394 0.23794415593147278 0.03172588720917702 0.05203045532107353
4 0.5907360315322876 0.06281726062297821 0.026649747043848038 0.039340101182460785
4 0.6402284502983093 0.02220812253654003 0.026649747043848038 0.036802031099796295
1 0.6370558142662048 0.31725889444351196 0.007614213041961193 0.017766498029232025
1 0.6395938992500305 0.30520305037498474 0.007614213041961193 0.0241116750985384
1 0.6332487463951111 0.29695430397987366 0.012690355069935322 0.025380710139870644
1 0.6294416189193726 0.29378172755241394 0.010152284055948257 0.03172588720917702
9 0.9352791905403137 0.312817245721817 0.12690354883670807 0.07233502715826035
9 0.6713197827339172 0.3559644818305969 0.11167512834072113 0.06979695707559586
4 0.7519035339355469 0.653553307056427 0.04949238523840904 0.06598984450101852
9 0.9098984599113464 0.16243654489517212 0.060913704335689545 0.030456852167844772
1 0.6713197827339172 0.16243654489517212 0.012690355069935322 0.025380710139870644
1 0.6630710363388062 0.16116751730442047 0.013959391042590141 0.022842640057206154
1 0.14657360315322876 0.9638324975967407 0.013959391042590141 0.01649746112525463
1 0.8166243433952332 0.760152280330658 0.011421320028603077 0.025380710139870644
4 0.255076140165329 0.7271573543548584 0.053299494087696075 0.06852792203426361
9 0.03489847853779793 0.2899746298789978 0.06979695707559586 0.04949238523840904
1 0.008248730562627316 0.2664974629878998 0.013959391042590141 0.020304568111896515
1 0.2810913622379303 0.1503807157278061 0.011421320028603077 0.01903553307056427
1 0.351522833108902 0.10279187560081482 0.010152284055948257 0.020304568111896515
1 0.18337564170360565 0.2950507700443268 0.011421320028603077 0.02157360315322876
1 0.2049492448568344 0.2868020236492157 0.008883249014616013 0.015228426083922386
1 0.20875634253025055 0.283629447221756 0.008883249014616013 0.01649746112525463
1 0.3546954393386841 0.27411168813705444 0.008883249014616013 0.017766498029232025
1 0.35659897327423096 0.27093908190727234 0.010152284055948257 0.01903553307056427
