1 0.28952381014823914 0.10190476477146149 0.0057142856530845165 0.013333333656191826
2 0.26523810625076294 0.18000000715255737 0.004761904943734407 0.007619047537446022
2 0.2780952453613281 0.1790476143360138 0.0057142856530845165 0.009523809887468815
10 0.26619046926498413 0.1852380931377411 0.006666666828095913 0.010476190596818924
10 0.2785714268684387 0.1852380931377411 0.006666666828095913 0.008571428246796131
10 0.26571428775787354 0.15095238387584686 0.011428571306169033 0.016190476715564728
5 0.2928571403026581 0.18904761970043182 0.016190476715564728 0.02190476283431053
5 0.28999999165534973 0.22809523344039917 0.018095238134264946 0.029523810371756554
5 0.2919047474861145 0.25190475583076477 0.019999999552965164 0.027619047090411186
5 0.29380953311920166 0.2742857038974762 0.018095238134264946 0.02857142873108387
5 0.28285714983940125 0.3919047713279724 0.020952381193637848 0.03142857179045677
0 0.2380952388048172 0.36714285612106323 0.017142856493592262 0.027619047090411186
4 0.28761905431747437 0.30142858624458313 0.01904761977493763 0.027619047090411186
4 0.2842857241630554 0.33047619462013245 0.019999999552965164 0.02857142873108387
4 0.28190475702285767 0.35857143998146057 0.017142856493592262 0.025714285671710968
4 0.28857141733169556 0.4295237958431244 0.020952381193637848 0.030476190149784088
4 0.2866666615009308 0.4628571569919586 0.022857142612338066 0.03619047626852989
1 0.25904762744903564 0.6619047522544861 0.007619047537446022 0.017142856493592262
10 0.27190476655960083 0.6485714316368103 0.016190476715564728 0.01904761977493763
10 0.3328571319580078 0.6471428275108337 0.018095238134264946 0.025714285671710968
0 0.28904762864112854 0.6080952286720276 0.018095238134264946 0.03142857179045677
0 0.5176190733909607 0.9638095498085022 0.012380952015519142 0.022857142612338066
2 0.8371428847312927 0.723809540271759 0.013333333656191826 0.01904761977493763
10 0.942380964756012 0.7057142853736877 0.029523810371756554 0.020952381193637848
0 0.8771428465843201 0.7200000286102295 0.030476190149784088 0.020952381193637848
10 0.8852381110191345 0.7733333110809326 0.03333333507180214 0.020952381193637848
4 0.8742856979370117 0.8352380990982056 0.07619047909975052 0.10476190596818924
1 0.8628571629524231 0.8809523582458496 0.01904761977493763 0.024761904031038284
4 0.9209523797035217 0.8366666436195374 0.07238095253705978 0.09428571164608002
0 0.2438095211982727 0.41238096356391907 0.007619047537446022 0.009523809887468815
0 0.21142856776714325 0.48428571224212646 0.009523809887468815 0.029523810371756554
1 0.9990476369857788 0.9242857098579407 0.0019047617679461837 0.027619047090411186
