4 0.07804568856954575 0.5095177888870239 0.0241116750985384 0.04441624507308006
4 0.2328680157661438 0.5158629417419434 0.02157360315322876 0.04949238523840904
4 0.06789340078830719 0.8115482330322266 0.01903553307056427 0.04695431515574455
4 0.13451775908470154 0.8578680157661438 0.025380710139870644 0.055837564170360565
4 0.30203044414520264 0.8140863180160522 0.025380710139870644 0.05710659921169281
4 0.16878172755241394 0.23921319842338562 0.0482233501970768 0.036802031099796295
4 0.38832488656044006 0.3642131984233856 0.05076142027974129 0.027918782085180283
4 0.5361675024032593 0.3832487165927887 0.05710659921169281 0.020304568111896515
4 0.19479694962501526 0.12563452124595642 0.026649747043848038 0.04060913622379303
4 0.1878172606229782 0.20939086377620697 0.022842640057206154 0.04060913622379303
9 0.10088832676410675 0.7461928725242615 0.026649747043848038 0.08375634253025055
9 0.3293147087097168 0.7049492597579956 0.04695431515574455 0.12563452124595642
10 0.13515228033065796 0.4651015102863312 0.011421320028603077 0.02157360315322876
2 0.1338832527399063 0.46446701884269714 0.011421320028603077 0.017766498029232025
1 0.027918782085180283 0.9689086079597473 0.005076142027974129 0.02157360315322876
1 0.023477157577872276 0.9689086079597473 0.011421320028603077 0.013959391042590141
