4 0.24211502075195312 0.5630797743797302 0.10204081982374191 0.10018552839756012
4 0.9397031664848328 0.9536178112030029 0.12059368938207626 0.09090909361839294
6 0.9684600830078125 0.4591836631298065 0.06307977437973022 0.13358069956302643
10 0.10343228280544281 0.4262523055076599 0.02875695750117302 0.01762523129582405
10 0.11781076341867447 0.40862709283828735 0.029684601351618767 0.019480518996715546
3 0.1414656788110733 0.37523192167282104 0.015769943594932556 0.012059369124472141
3 0.15862709283828735 0.3617810904979706 0.022263450548052788 0.014842300675809383
3 0.1753246784210205 0.3562152087688446 0.016697587445378304 0.0092764375731349
10 0.19155843555927277 0.34044528007507324 0.02504638209939003 0.016697587445378304
10 0.210575133562088 0.323283851146698 0.025974025949835777 0.012059369124472141
