4 0.2868020236492157 0.01586294360458851 0.03299492225050926 0.029187817126512527
4 0.33629441261291504 0.12246192991733551 0.03299492225050926 0.04695431515574455
4 0.4029187858104706 0.04124365374445915 0.036802031099796295 0.04949238523840904
4 0.3864213228225708 0.2899746298789978 0.029187817126512527 0.04949238523840904
4 0.6021573543548584 0.27157360315322876 0.03172588720917702 0.06598984450101852
4 0.5450507402420044 0.029187817126512527 0.03172588720917702 0.0482233501970768
4 0.4409898519515991 0.03616751357913017 0.036802031099796295 0.05203045532107353
4 0.5279187560081482 0.4657360315322876 0.030456852167844772 0.07360406219959259
4 0.5812183022499084 0.5418781638145447 0.03299492225050926 0.07360406219959259
4 0.6427664756774902 0.5615482330322266 0.026649747043848038 0.07487309724092484
5 0.7525380849838257 0.5418781638145447 0.03553299605846405 0.08375634253025055
4 0.5482233762741089 0.7227157354354858 0.03553299605846405 0.1078680232167244
4 0.5983502268791199 0.7975888252258301 0.03172588720917702 0.09771573543548584
4 0.6573604345321655 0.7525380849838257 0.03807106614112854 0.08375634253025055
