5 0.14340101182460785 0.2975888252258301 0.04314720630645752 0.07233502715826035
4 0.10025380551815033 0.4936548173427582 0.053299494087696075 0.07614213228225708
4 0.14340101182460785 0.9625634551048279 0.04568528011441231 0.06979695707559586
4 0.27728426456451416 0.7233502268791199 0.06218273937702179 0.09137056022882462
4 0.40228426456451416 0.5145938992500305 0.05076142027974129 0.09010152518749237
4 0.312182754278183 0.4695431590080261 0.04314720630645752 0.08121827244758606
4 0.45875635743141174 0.1675126850605011 0.04441624507308006 0.07614213228225708
4 0.43274110555648804 0.0767766460776329 0.053299494087696075 0.0824873074889183
4 0.7874365448951721 0.18591371178627014 0.04441624507308006 0.0824873074889183
4 0.5107868313789368 0.6078680157661438 0.039340101182460785 0.0964467003941536
5 0.6427664756774902 0.5951776504516602 0.05203045532107353 0.10152284055948257
