4 0.041904762387275696 0.13904762268066406 0.08380952477455139 0.06666667014360428
4 0.034761905670166016 0.20571428537368774 0.06952381134033203 0.060952380299568176
4 0.04523809626698494 0.273333340883255 0.09047619253396988 0.05714285746216774
4 0.028095237910747528 0.3680952489376068 0.056190475821495056 0.06952381134033203
4 0.28238093852996826 0.029523810371756554 0.05428571254014969 0.05904762074351311
4 0.27761903405189514 0.12380952388048172 0.058095239102840424 0.1009523794054985
4 0.2795238196849823 0.2633333206176758 0.0657142847776413 0.11523809283971786
4 0.38333332538604736 0.21095238626003265 0.05428571254014969 0.10571428388357162
4 0.5276190638542175 0.2438095211982727 0.06666667014360428 0.10857142508029938
4 0.5899999737739563 0.1723809540271759 0.08095238357782364 0.14666666090488434
4 0.6247618794441223 0.31238093972206116 0.07238095253705978 0.11999999731779099
4 0.17571428418159485 0.42095237970352173 0.07333333045244217 0.11809524148702621
4 0.27095237374305725 0.43714284896850586 0.07333333045244217 0.12380952388048172
4 0.4709523916244507 0.9438095092773438 0.1723809540271759 0.10857142508029938
4 0.6190476417541504 0.44238096475601196 0.07238095253705978 0.1304761916399002
1 0.5704761743545532 0.4228571355342865 0.020952381193637848 0.030476190149784088
8 0.6833333373069763 0.5323809385299683 0.06190476194024086 0.12952381372451782
4 0.7361904978752136 0.3861904740333557 0.07619047909975052 0.1133333370089531
7 0.7590476274490356 0.5209524035453796 0.0476190485060215 0.07999999821186066
8 0.7300000190734863 0.6438094973564148 0.08666666597127914 0.06476190686225891
2 0.7495238184928894 0.46857142448425293 0.015238095074892044 0.020952381193637848
1 0.7900000214576721 0.45571428537368774 0.014285714365541935 0.029523810371756554
1 0.773809552192688 0.4819047749042511 0.014285714365541935 0.030476190149784088
2 0.795714259147644 0.43238094449043274 0.018095238134264946 0.030476190149784088
1 0.8319047689437866 0.441904753446579 0.018095238134264946 0.04380952566862106
1 0.8385714292526245 0.48428571224212646 0.018095238134264946 0.029523810371756554
1 0.8185714483261108 0.4895237982273102 0.014285714365541935 0.032380953431129456
1 0.9014285802841187 0.4295237958431244 0.02190476283431053 0.03809523954987526
1 0.9023809432983398 0.380952388048172 0.018095238134264946 0.024761904031038284
2 0.8014285564422607 0.2695237994194031 0.025714285671710968 0.032380953431129456
1 0.7719047665596008 0.31761905550956726 0.018095238134264946 0.03523809462785721
7 0.7876190543174744 0.29428571462631226 0.041904762387275696 0.06285714358091354
4 0.8647618889808655 0.5628571510314941 0.0895238071680069 0.14095237851142883
1 0.9252380728721619 0.5319047570228577 0.02190476283431053 0.046666666865348816
1 0.9557142853736877 0.5447618961334229 0.012380952015519142 0.022857142612338066
2 0.9528571367263794 0.44952380657196045 0.019999999552965164 0.02857142873108387
1 0.9438095092773438 0.6152380704879761 0.024761904031038284 0.02666666731238365
7 0.9580952525138855 0.761904776096344 0.08380952477455139 0.06285714358091354
1 0.9566666483879089 0.7780952453613281 0.019999999552965164 0.04380952566862106
6 0.9795238375663757 0.6047618985176086 0.04095238074660301 0.09904761612415314
1 0.8719047904014587 0.8823809623718262 0.05047618970274925 0.056190475821495056
1 0.677142858505249 0.822857141494751 0.032380953431129456 0.05714285746216774
