7 0.284761905670166 0.6399999856948853 0.024761904031038284 0.017142856493592262
1 0.13380952179431915 0.7514285445213318 0.014285714365541935 0.03619047626852989
3 0.15142856538295746 0.7404761910438538 0.013333333656191826 0.02190476283431053
4 0.2090476155281067 0.7514285445213318 0.04857143014669418 0.03809523954987526
4 0.37142857909202576 0.927142858505249 0.15238095819950104 0.06952381134033203
4 0.4523809552192688 0.9800000190734863 0.08380952477455139 0.03999999910593033
4 0.46047618985176086 0.8433333039283752 0.1133333370089531 0.05428571254014969
4 0.4928571283817291 0.8123809695243835 0.10571428388357162 0.041904762387275696
4 0.5328571200370789 0.7933333516120911 0.10190476477146149 0.04380952566862106
4 0.5485714077949524 0.7661904692649841 0.09333333373069763 0.039047617465257645
4 0.5709523558616638 0.7461904883384705 0.07523809373378754 0.03333333507180214
4 0.5871428847312927 0.7361904978752136 0.0714285746216774 0.02857142873108387
4 0.6057142615318298 0.7219047546386719 0.07809523493051529 0.032380953431129456
8 0.6299999952316284 0.6966666579246521 0.03523809462785721 0.03523809462785721
4 0.7280952334403992 0.8285714387893677 0.04285714402794838 0.06666667014360428
4 0.808571457862854 0.7366666793823242 0.034285712987184525 0.04285714402794838
6 0.7485714554786682 0.7052381038665771 0.030476190149784088 0.04285714402794838
2 0.753333330154419 0.7014285922050476 0.007619047537446022 0.014285714365541935
4 0.8033333420753479 0.6809523701667786 0.027619047090411186 0.032380953431129456
4 0.7923809289932251 0.6219047904014587 0.020952381193637848 0.022857142612338066
4 0.822857141494751 0.6257143020629883 0.022857142612338066 0.022857142612338066
4 0.8123809695243835 0.6066666841506958 0.015238095074892044 0.015238095074892044
5 0.9952380657196045 0.6014285683631897 0.00952380895614624 0.014285714365541935
0 0.9119047522544861 0.5290476083755493 0.04095238074660301 0.029523810371756554
0 0.857619047164917 0.5299999713897705 0.016190476715564728 0.027619047090411186
0 0.8390476107597351 0.5400000214576721 0.01904761977493763 0.013333333656191826
