4 0.11456400901079178 0.8961039185523987 0.11410018801689148 0.051948051899671555
3 0.2555658519268036 0.878014862537384 0.03246753290295601 0.013914656825363636
4 0.2968460023403168 0.8511132001876831 0.051948051899671555 0.09554731100797653
11 0.27458256483078003 0.6781076192855835 0.06122449040412903 0.13729128241539001
5 0.3942486047744751 0.7685528993606567 0.05751391500234604 0.09740259498357773
11 0.44805195927619934 0.5380333662033081 0.08348794281482697 0.15027830004692078
5 0.23469388484954834 0.551948070526123 0.03153988718986511 0.044526901096105576
4 0.2161410003900528 0.4638218879699707 0.029684601351618767 0.05380333960056305
4 0.105287566781044 0.6103895902633667 0.08998144418001175 0.040816325694322586
4 0.11038961261510849 0.5575138926506042 0.09461966902017593 0.03339517489075661
4 0.09786641597747803 0.5320037007331848 0.09369201958179474 0.036178108304739
4 0.173933207988739 0.2829313576221466 0.02133580669760704 0.0371057502925396
6 0.33395177125930786 0.2917439639568329 0.08348794281482697 0.12337662279605865
5 0.09740259498357773 0.4332096576690674 0.06864564120769501 0.03153988718986511
4 0.09740259498357773 0.4564007520675659 0.08348794281482697 0.03339517489075661
4 0.08858998119831085 0.36688312888145447 0.08256029337644577 0.030612245202064514
4 0.0718923956155777 0.3181818127632141 0.06771799921989441 0.025974025949835777
4 0.06586270779371262 0.2954545319080353 0.06307977437973022 0.02504638209939003
4 0.05751391500234604 0.27133581042289734 0.059369202703237534 0.023191094398498535
4 0.051020409911870956 0.24443413317203522 0.055658627301454544 0.02133580669760704
5 0.22495362162590027 0.12615954875946045 0.023191094398498535 0.024118738248944283
4 0.2490723580121994 0.16929499804973602 0.023191094398498535 0.02133580669760704
4 0.26298701763153076 0.18923933804035187 0.023191094398498535 0.024118738248944283
9 0.12755101919174194 0.12801484763622284 0.036178108304739 0.055658627301454544
9 0.04638218879699707 0.013450834900140762 0.016697587445378304 0.023191094398498535
6 0.0728200376033783 0.0371057502925396 0.036178108304739 0.051948051899671555
4 0.5890538096427917 0.0185528751462698 0.03896103799343109 0.016697587445378304
3 0.9220778942108154 0.4364564120769501 0.014842300675809383 0.02504638209939003
2 0.9257885217666626 0.4322820007801056 0.014842300675809383 0.024118738248944283
1 0.2532467544078827 0.027365490794181824 0.005565862637013197 0.013914656825363636
6 0.619202196598053 0.9346011281013489 0.11224489659070969 0.12894248962402344
