4 0.1503807157278061 0.5063451528549194 0.029187817126512527 0.05076142027974129
4 0.11548223346471786 0.273477166891098 0.022842640057206154 0.036802031099796295
4 0.125 0.08946700394153595 0.01649746112525463 0.0241116750985384
9 0.08058375865221024 0.08439086377620697 0.0241116750985384 0.06725887954235077
4 0.24302031099796295 0.05647208169102669 0.029187817126512527 0.01903553307056427
4 0.11548223346471786 0.004441624507308006 0.012690355069935322 0.008883249014616013
1 0.6389594078063965 0.8642131686210632 0.02157360315322876 0.027918782085180283
1 0.5875634551048279 0.9473350048065186 0.010152284055948257 0.02157360315322876
2 0.5951776504516602 0.9467005133628845 0.007614213041961193 0.015228426083922386
9 0.6211928725242615 0.5989847779273987 0.22208121418952942 0.0710659921169281
1 0.9511421322822571 0.549492359161377 0.008883249014616013 0.025380710139870644
1 0.9733502268791199 0.5634517669677734 0.007614213041961193 0.022842640057206154
9 0.914340078830719 0.596446692943573 0.17131979763507843 0.0710659921169281
