9 0.7874365448951721 0.2728426456451416 0.034263961017131805 0.08883249014616013
9 0.6897208094596863 0.6211928725242615 0.04949238523840904 0.1789340078830719
9 0.625634491443634 0.9098984599113464 0.053299494087696075 0.17512691020965576
9 0.5241116881370544 0.30266496539115906 0.08883249014616013 0.06218273937702179
9 0.2918781638145447 0.1928934007883072 0.1421319842338562 0.060913704335689545
9 0.4118020236492157 0.060913704335689545 0.14847715198993683 0.06345177441835403
9 0.26332488656044006 0.07550761103630066 0.1078680232167244 0.05203045532107353
9 0.3521573543548584 0.0907360389828682 0.15101522207260132 0.06979695707559586
4 0.6522842645645142 0.4092639684677124 0.04060913622379303 0.05710659921169281
4 0.836294412612915 0.5177664756774902 0.027918782085180283 0.06598984450101852
4 0.9156091213226318 0.6560913920402527 0.04441624507308006 0.0710659921169281
4 0.8616751432418823 0.1503807157278061 0.027918782085180283 0.04949238523840904
4 0.8439086079597473 0.0120558375492692 0.022842640057206154 0.0241116750985384
4 0.9454314708709717 0.476522833108902 0.05076142027974129 0.05710659921169281
5 0.9974619150161743 0.3039340078830719 0.005076142027974129 0.06725887954235077
1 0.9073604345321655 0.08756345510482788 0.007614213041961193 0.020304568111896515
1 0.5552030205726624 0.4524111747741699 0.02157360315322876 0.029187817126512527
1 0.5355330109596252 0.8908629417419434 0.012690355069935322 0.015228426083922386
1 0.5761421322822571 0.654187798500061 0.012690355069935322 0.01903553307056427
1 0.7011421322822571 0.19543147087097168 0.06725887954235077 0.03553299605846405
1 0.904187798500061 0.07043147087097168 0.008883249014616013 0.01903553307056427
1 0.9111675024032593 0.06979695707559586 0.010152284055948257 0.017766498029232025
