4 0.01903553307056427 0.30837562680244446 0.03807106614112854 0.03807106614112854
4 0.1389593929052353 0.025380710139870644 0.01903553307056427 0.030456852167844772
4 0.07741116732358932 0.06662436574697495 0.020304568111896515 0.03172588720917702
5 0.10532994568347931 0.22335025668144226 0.025380710139870644 0.0482233501970768
9 0.14847715198993683 0.2804568409919739 0.03553299605846405 0.1192893385887146
5 0.06218273937702179 0.4238578677177429 0.025380710139870644 0.053299494087696075
9 0.10088832676410675 0.7087563276290894 0.04441624507308006 0.17385786771774292
6 0.10152284055948257 0.9441624283790588 0.04568528011441231 0.10913705825805664
4 0.1453045755624771 0.9866751432418823 0.01903553307056427 0.0241116750985384
4 0.23159898817539215 0.6529187560081482 0.026649747043848038 0.09010152518749237
4 0.27411168813705444 0.6224619150161743 0.03299492225050926 0.09263959527015686
4 0.23159898817539215 0.09581217914819717 0.026649747043848038 0.05456852912902832
4 0.19987308979034424 0.16243654489517212 0.0241116750985384 0.053299494087696075
5 0.2614213228225708 0.029187817126512527 0.022842640057206154 0.03807106614112854
5 0.2690355181694031 0.07233502715826035 0.025380710139870644 0.04568528011441231
4 0.2747461795806885 0.12436547875404358 0.0241116750985384 0.04060913622379303
4 0.2810913622379303 0.175761416554451 0.0241116750985384 0.04441624507308006
4 0.2893401086330414 0.23730964958667755 0.020304568111896515 0.04314720630645752
5 0.28236040472984314 0.2861675024032593 0.02157360315322876 0.04695431515574455
4 0.3071065843105316 0.3299492299556732 0.027918782085180283 0.04568528011441231
9 0.32487308979034424 0.3781725764274597 0.07868020236492157 0.13451775908470154
9 0.8559644818305969 0.7633248567581177 0.1763959378004074 0.09517766535282135
9 0.6129441857337952 0.5126903653144836 0.07868020236492157 0.13451775908470154
9 0.578045666217804 0.375 0.06472080945968628 0.12055837363004684
9 0.7176395654678345 0.37309643626213074 0.06472080945968628 0.03553299605846405
4 0.3204314708709717 0.25761422514915466 0.02157360315322876 0.04568528011441231
4 0.31725889444351196 0.19796954095363617 0.025380710139870644 0.04314720630645752
4 0.3064720928668976 0.11865482479333878 0.0241116750985384 0.039340101182460785
4 0.3045685291290283 0.060913704335689545 0.020304568111896515 0.03553299605846405
4 0.29124364256858826 0.020304568111896515 0.01903553307056427 0.03553299605846405
