4 0.062152132391929626 0.06539888679981232 0.022263450548052788 0.012059369124472141
1 0.10250464081764221 0.0737476795911789 0.006493506487458944 0.013914656825363636
4 0.11317253857851028 0.08024118840694427 0.014842300675809383 0.012059369124472141
4 0.12801484763622284 0.08209647238254547 0.020408162847161293 0.012059369124472141
4 0.1437847912311554 0.08256029337644577 0.022263450548052788 0.014842300675809383
4 0.15677179396152496 0.08905380219221115 0.027829313650727272 0.014842300675809383
4 0.12337662279605865 0.105287566781044 0.029684601351618767 0.015769943594932556
4 0.18738403916358948 0.05751391500234604 0.024118738248944283 0.012987012974917889
1 0.22448979318141937 0.06261595338582993 0.005565862637013197 0.012059369124472141
4 0.1386827528476715 0.04962894320487976 0.01762523129582405 0.012059369124472141
4 0.15862709283828735 0.051948051899671555 0.020408162847161293 0.011131725274026394
4 0.1465677171945572 0.059369202703237534 0.024118738248944283 0.014842300675809383
9 0.17022264003753662 0.026437846943736076 0.02875695750117302 0.01762523129582405
4 0.1818181872367859 0.03200371190905571 0.022263450548052788 0.012059369124472141
4 0.2119666039943695 0.013450834900140762 0.01762523129582405 0.012059369124472141
7 0.26205936074256897 0.051020409911870956 0.015769943594932556 0.024118738248944283
5 0.3571428656578064 0.005565862637013197 0.020408162847161293 0.011131725274026394
4 0.359925776720047 0.011131725274026394 0.014842300675809383 0.0092764375731349
9 0.2824675440788269 0.026901669800281525 0.03246753290295601 0.0185528751462698
4 0.4336734712123871 0.006957328412681818 0.019480518996715546 0.008348793722689152
6 0.4740259647369385 0.4308905303478241 0.06679034978151321 0.03988868370652199
4 0.5473098158836365 0.4717068672180176 0.044526901096105576 0.036178108304739
4 0.581632673740387 0.48562151193618774 0.05009276419878006 0.04359925910830498
4 0.6243042945861816 0.4967532455921173 0.051948051899671555 0.04545454680919647
4 0.6600185632705688 0.5134508609771729 0.04545454680919647 0.04359925910830498
4 0.798701286315918 0.5695732831954956 0.05009276419878006 0.044526901096105576
4 0.22680890560150146 0.3525046408176422 0.04730983451008797 0.029684601351618767
4 0.2509276568889618 0.3603896200656891 0.04916512221097946 0.026901669800281525
4 0.30797773599624634 0.3863636255264282 0.040816325694322586 0.02504638209939003
4 0.2189239263534546 0.29638218879699707 0.03896103799343109 0.02504638209939003
8 0.23098330199718475 0.3214285671710968 0.007421150337904692 0.015769943594932556
4 0.217996284365654 0.03803339600563049 0.020408162847161293 0.011131725274026394
