1 0.38952380418777466 0.36571428179740906 0.02666666731238365 0.0533333346247673
1 0.43714284896850586 0.36666667461395264 0.024761904031038284 0.04952380806207657
3 0.3880952298641205 0.2676190435886383 0.05238095298409462 0.034285712987184525
1 0.477142870426178 0.1895238161087036 0.01904761977493763 0.04380952566862106
4 0.508571445941925 0.4699999988079071 0.08380952477455139 0.12285714596509933
4 0.545714259147644 0.34142857789993286 0.07238095253705978 0.11142857372760773
1 0.6452381014823914 0.37238094210624695 0.025714285671710968 0.04380952566862106
4 0.5633333325386047 0.24523809552192688 0.05999999865889549 0.0714285746216774
1 0.741428554058075 0.39142856001853943 0.019999999552965164 0.0533333346247673
4 0.7047619223594666 0.369047611951828 0.05904762074351311 0.10000000149011612
4 0.7799999713897705 0.39095237851142883 0.05904762074351311 0.11142857372760773
4 0.7766666412353516 0.5180952548980713 0.06761904805898666 0.12190476059913635
4 0.6904761791229248 0.665238082408905 0.07047618925571442 0.1666666716337204
5 0.42476189136505127 0.7633333206176758 0.1257142871618271 0.19904762506484985
4 0.7838095426559448 0.8761904835700989 0.08380952477455139 0.20952381193637848
4 0.6719047427177429 0.8980952501296997 0.09809523820877075 0.20380952954292297
4 0.7176190614700317 0.27142858505249023 0.05238095298409462 0.09333333373069763
4 0.7228571176528931 0.19380952417850494 0.04952380806207657 0.07904762029647827
5 0.7257142663002014 0.12095238268375397 0.03809523954987526 0.05904762074351311
4 0.7300000190734863 0.06380952149629593 0.04095238074660301 0.051428571343421936
4 0.7295238375663757 0.020952381193637848 0.034285712987184525 0.041904762387275696
5 0.79666668176651 0.015238095074892044 0.037142857909202576 0.030476190149784088
5 0.6761904954910278 0.04952380806207657 0.03809523954987526 0.06285714358091354
4 0.5876190662384033 0.1661904752254486 0.05523809418082237 0.07523809373378754
5 0.6176190376281738 0.04952380806207657 0.039047617465257645 0.0533333346247673
4 0.6295238137245178 0.020952381193637848 0.04380952566862106 0.041904762387275696
4 0.5776190757751465 0.009999999776482582 0.03523809462785721 0.019999999552965164
4 0.6000000238418579 0.10904762148857117 0.04571428522467613 0.05999999865889549
1 0.8871428370475769 0.5680952668190002 0.027619047090411186 0.0657142847776413
4 0.9633333086967468 0.711904764175415 0.07333333045244217 0.18761904537677765
10 0.9166666865348816 0.2742857038974762 0.04476190358400345 0.04571428522467613
10 0.903333306312561 0.17619048058986664 0.039047617465257645 0.030476190149784088
3 0.8880952596664429 0.07666666805744171 0.03523809462785721 0.02190476283431053
4 0.8909524083137512 0.03619047626852989 0.04476190358400345 0.0533333346247673
1 0.9019047617912292 0.11190476268529892 0.017142856493592262 0.039047617465257645
3 0.772857129573822 0.039047617465257645 0.03142857179045677 0.024761904031038284
