4 0.0071428571827709675 0.35285714268684387 0.014285714365541935 0.05047618970274925
4 0.07999999821186066 0.3142857253551483 0.095238097012043 0.05904762074351311
4 0.09809523820877075 0.38380953669548035 0.10476190596818924 0.05523809418082237
4 0.21523809432983398 0.34761905670166016 0.09142857044935226 0.060952380299568176
4 0.404285728931427 0.3919047713279724 0.09619047492742538 0.05428571254014969
4 0.5409523844718933 0.4242857098579407 0.09714286029338837 0.05428571254014969
4 0.5338095426559448 0.488095223903656 0.10380952060222626 0.056190475821495056
4 0.38904762268066406 0.45571428537368774 0.10380952060222626 0.05428571254014969
4 0.24571429193019867 0.41999998688697815 0.10857142508029938 0.04952380806207657
4 0.9447619318962097 0.6038095355033875 0.06857142597436905 0.095238097012043
4 0.9628571271896362 0.36523810029029846 0.0533333346247673 0.10000000149011612
1 0.7147619128227234 0.45047619938850403 0.016190476715564728 0.01904761977493763
1 0.44333332777023315 0.02619047649204731 0.010476190596818924 0.03142857179045677
2 0.4714285731315613 0.1371428519487381 0.017142856493592262 0.022857142612338066
2 0.70333331823349 0.05000000074505806 0.018095238134264946 0.02190476283431053
2 0.6333333253860474 0.15380951762199402 0.015238095074892044 0.019999999552965164
2 0.7304762005805969 0.14047619700431824 0.017142856493592262 0.018095238134264946
2 0.7947618961334229 0.12999999523162842 0.016190476715564728 0.027619047090411186
2 0.7980952262878418 0.12380952388048172 0.015238095074892044 0.024761904031038284
2 0.8847619295120239 0.1852380931377411 0.020952381193637848 0.019999999552965164
2 0.8890476226806641 0.04619047790765762 0.025714285671710968 0.016190476715564728
2 0.892380952835083 0.03761904686689377 0.017142856493592262 0.02190476283431053
2 0.9180952310562134 0.06333333253860474 0.01904761977493763 0.019999999552965164
2 0.8242856860160828 0.42523810267448425 0.019999999552965164 0.014285714365541935
2 0.8252381086349487 0.43238094449043274 0.02190476283431053 0.015238095074892044
2 0.8733333349227905 0.4699999988079071 0.020952381193637848 0.016190476715564728
2 0.8552380800247192 0.5414285659790039 0.022857142612338066 0.016190476715564728
2 0.8261904716491699 0.5961904525756836 0.019999999552965164 0.013333333656191826
2 0.8280952572822571 0.7628571391105652 0.019999999552965164 0.020952381193637848
2 0.8004761934280396 0.7090476155281067 0.02190476283431053 0.018095238134264946
2 0.7580952644348145 0.6990476250648499 0.022857142612338066 0.015238095074892044
2 0.6485714316368103 0.6142857074737549 0.017142856493592262 0.017142856493592262
2 0.6223809719085693 0.6399999856948853 0.016190476715564728 0.01904761977493763
2 0.5600000023841858 0.5614285469055176 0.01904761977493763 0.018095238134264946
2 0.5452380776405334 0.5890476107597351 0.019999999552965164 0.02190476283431053
2 0.7652381062507629 0.9361904859542847 0.025714285671710968 0.02666666731238365
1 0.190476194024086 0.8247619271278381 0.022857142612338066 0.022857142612338066
2 0.3328571319580078 0.6747618913650513 0.025714285671710968 0.02190476283431053
2 0.5528571605682373 0.7676190733909607 0.02190476283431053 0.022857142612338066
2 0.569523811340332 0.7823809385299683 0.015238095074892044 0.018095238134264946
2 0.5938095450401306 0.8104761838912964 0.016190476715564728 0.020952381193637848
2 0.6014285683631897 0.8171428442001343 0.014285714365541935 0.017142856493592262
2 0.6238095164299011 0.8471428751945496 0.01904761977493763 0.02380952425301075
1 0.5295237898826599 0.7361904978752136 0.017142856493592262 0.01904761977493763
10 0.7647619247436523 0.9342857003211975 0.020952381193637848 0.0476190485060215
10 0.8238095045089722 0.7604761719703674 0.017142856493592262 0.03333333507180214
10 0.8004761934280396 0.7085714340209961 0.018095238134264946 0.03619047626852989
10 0.7566666603088379 0.7004761695861816 0.014285714365541935 0.03523809462785721
10 0.8223809599876404 0.5947619080543518 0.018095238134264946 0.029523810371756554
10 0.6190476417541504 0.6376190185546875 0.032380953431129456 0.014285714365541935
10 0.549047589302063 0.5914285778999329 0.037142857909202576 0.01904761977493763
10 0.5580952167510986 0.5604761838912964 0.034285712987184525 0.018095238134264946
10 0.21666666865348816 0.6428571343421936 0.04095238074660301 0.022857142612338066
3 0.645714282989502 0.6142857074737549 0.03999999910593033 0.01904761977493763
3 0.8514285683631897 0.5409523844718933 0.015238095074892044 0.03619047626852989
10 0.8723809719085693 0.4699999988079071 0.020952381193637848 0.03523809462785721
10 0.8261904716491699 0.43047618865966797 0.016190476715564728 0.032380953431129456
10 0.8833333253860474 0.18761904537677765 0.016190476715564728 0.03619047626852989
10 0.9157142639160156 0.07190476357936859 0.02190476283431053 0.03333333507180214
10 0.8890476226806641 0.05190476030111313 0.02190476283431053 0.04285714402794838
10 0.7938095331192017 0.12952381372451782 0.025714285671710968 0.030476190149784088
10 0.7247619032859802 0.14619047939777374 0.034285712987184525 0.02380952425301075
10 0.6319047808647156 0.15761904418468475 0.029523810371756554 0.018095238134264946
10 0.47238096594810486 0.14190475642681122 0.034285712987184525 0.01904761977493763
10 0.4409523904323578 0.022380951792001724 0.032380953431129456 0.02380952425301075
