4 0.3195732831954956 0.5324675440788269 0.05844155699014664 0.040816325694322586
4 0.27365490794181824 0.551484227180481 0.048237476497888565 0.034322820603847504
4 0.2574211359024048 0.5640074014663696 0.03988868370652199 0.0371057502925396
4 0.23933209478855133 0.578849732875824 0.03153988718986511 0.03339517489075661
4 0.4202226400375366 0.5867347121238708 0.06679034978151321 0.034322820603847504
4 0.3858998119831085 0.606215238571167 0.06679034978151321 0.036178108304739
4 0.37801483273506165 0.7305194735527039 0.05844155699014664 0.05287569388747215
4 0.9735621809959412 0.6349721550941467 0.04174397140741348 0.04174397140741348
4 0.8919295072555542 0.5644712448120117 0.03988868370652199 0.034322820603847504
4 0.8242114782333374 0.6178107857704163 0.030612245202064514 0.03339517489075661
4 0.969851553440094 0.47959184646606445 0.03246753290295601 0.0352504625916481
4 0.9285714030265808 0.7175324559211731 0.040816325694322586 0.04174397140741348
7 0.972634494304657 0.8228200078010559 0.01762523129582405 0.024118738248944283
4 0.9865491390228271 0.7676252126693726 0.02504638209939003 0.06029684469103813
10 0.9921150207519531 0.8821892142295837 0.013914656825363636 0.024118738248944283
4 0.7787569761276245 0.8548237681388855 0.09554731100797653 0.062152132391929626
4 0.918367326259613 0.9100185632705688 0.05751391500234604 0.07792207598686218
4 0.7249535918235779 0.9271799921989441 0.10296846181154251 0.0695732831954956
4 0.8882189393043518 0.9679962992668152 0.05473098158836365 0.06029684469103813
