1 0.02619047649204731 0.20047618448734283 0.03142857179045677 0.046666666865348816
1 0.022857142612338066 0.17095237970352173 0.01904761977493763 0.03333333507180214
1 0.0033333334140479565 0.1728571355342865 0.006666666828095913 0.025714285671710968
1 0.09428571164608002 0.19238094985485077 0.022857142612338066 0.051428571343421936
1 0.06285714358091354 0.1961904764175415 0.02666666731238365 0.04571428522467613
1 0.05666666850447655 0.17000000178813934 0.029523810371756554 0.037142857909202576
1 0.11619047820568085 0.15000000596046448 0.020952381193637848 0.03142857179045677
1 0.0890476182103157 0.14714285731315613 0.02380952425301075 0.04476190358400345
1 0.08142857253551483 0.14714285731315613 0.019999999552965164 0.03523809462785721
1 0.06476190686225891 0.12809523940086365 0.02666666731238365 0.039047617465257645
1 0.09428571164608002 0.11380952596664429 0.030476190149784088 0.03333333507180214
1 0.12761904299259186 0.09190475940704346 0.017142856493592262 0.025714285671710968
1 0.13523809611797333 0.08523809164762497 0.017142856493592262 0.029523810371756554
1 0.14142857491970062 0.07809523493051529 0.014285714365541935 0.02857142873108387
1 0.1490476131439209 0.07238095253705978 0.010476190596818924 0.022857142612338066
1 0.16285714507102966 0.07095237821340561 0.011428571306169033 0.019999999552965164
1 0.08666666597127914 0.29523810744285583 0.015238095074892044 0.04952380806207657
3 0.3028571307659149 0.34809523820877075 0.022857142612338066 0.03523809462785721
1 0.29476189613342285 0.3209523856639862 0.018095238134264946 0.03619047626852989
1 0.04285714402794838 0.2980952262878418 0.02857142873108387 0.03619047626852989
7 0.14047619700431824 0.1847619116306305 0.06761904805898666 0.0533333346247673
10 0.10047619044780731 0.24761904776096344 0.05047618970274925 0.034285712987184525
6 0.2023809552192688 0.09285714477300644 0.1190476194024086 0.1247619017958641
5 0.30095237493515015 0.12428571283817291 0.10476190596818924 0.1133333370089531
4 0.20761904120445251 0.2266666740179062 0.10857142508029938 0.06666667014360428
4 0.142380952835083 0.3276190459728241 0.14761905372142792 0.10476190596818924
4 0.009047619067132473 0.4280952513217926 0.018095238134264946 0.11142857372760773
2 0.04238095134496689 0.4642857015132904 0.03142857179045677 0.03333333507180214
7 0.030476190149784088 0.5014285445213318 0.060952380299568176 0.06952381134033203
1 0.09666666388511658 0.46238094568252563 0.03333333507180214 0.05428571254014969
1 0.12190476059913635 0.44999998807907104 0.032380953431129456 0.046666666865348816
4 0.880476176738739 0.9080952405929565 0.23904761672019958 0.1780952364206314
1 0.654285728931427 0.6009523868560791 0.030476190149784088 0.060952380299568176
10 0.904285728931427 0.1971428543329239 0.03333333507180214 0.051428571343421936
10 0.8895238041877747 0.1728571355342865 0.04571428522467613 0.02380952425301075
1 0.8199999928474426 0.016190476715564728 0.017142856493592262 0.032380953431129456
4 0.6319047808647156 0.08714285492897034 0.058095239102840424 0.07333333045244217
4 0.7147619128227234 0.11809524148702621 0.06380952149629593 0.060952380299568176
4 0.6795238256454468 0.21047618985176086 0.06380952149629593 0.07619047909975052
4 0.5904762148857117 0.1552380919456482 0.060952380299568176 0.05904762074351311
4 0.5547618865966797 0.2204761952161789 0.08095238357782364 0.07904762029647827
4 0.4947619140148163 0.3047619163990021 0.06952381134033203 0.07428571581840515
4 0.6023809313774109 0.3757142722606659 0.10000000149011612 0.1304761916399002
4 0.4338095188140869 0.39523810148239136 0.10380952060222626 0.1066666692495346
4 0.3685714304447174 0.0895238071680069 0.03999999910593033 0.04380952566862106
9 0.4752380847930908 0.04714285582304001 0.14476190507411957 0.09428571164608002
5 0.3938095271587372 0.013333333656191826 0.05428571254014969 0.022857142612338066
10 0.2742857038974762 0.05000000074505806 0.020952381193637848 0.019999999552965164
1 0.26619046926498413 0.03999999910593033 0.014285714365541935 0.024761904031038284
