4 0.00046382189611904323 0.10482374578714371 0.0009276437922380865 0.044526901096105576
4 0.1437847912311554 0.2578849792480469 0.051948051899671555 0.05380333960056305
4 0.2541744112968445 0.2820037007331848 0.03896103799343109 0.05751391500234604
4 0.2801484167575836 0.6159554719924927 0.06864564120769501 0.07977736741304398
4 0.5148422718048096 0.7977736592292786 0.09276437759399414 0.10204081982374191
4 0.5426716208457947 0.6233766078948975 0.08163265138864517 0.06864564120769501
4 0.8358070254325867 0.4962894320487976 0.0742115005850792 0.055658627301454544
10 0.6600185632705688 0.5384972095489502 0.023191094398498535 0.012059369124472141
1 0.6586270928382874 0.5315399169921875 0.007421150337904692 0.014842300675809383
4 0.20361781120300293 0.5111317038536072 0.02504638209939003 0.044526901096105576
4 0.2935992479324341 0.44897958636283875 0.05473098158836365 0.048237476497888565
