8 0.5757142901420593 0.6761904954910278 0.029523810371756554 0.06857142597436905
4 0.7195237874984741 0.8095238208770752 0.11714285612106323 0.05714285746216774
5 0.7376190423965454 0.8652380704879761 0.12285714596509933 0.06380952149629593
5 0.738095223903656 0.9528571367263794 0.11809524148702621 0.06952381134033203
4 0.5866666436195374 0.5476190447807312 0.030476190149784088 0.05904762074351311
10 0.4657142758369446 0.7333333492279053 0.051428571343421936 0.0476190485060215
4 0.5066666603088379 0.4628571569919586 0.032380953431129456 0.0476190485060215
4 0.6909523606300354 0.7223809361457825 0.09238095581531525 0.04095238074660301
4 0.6847618818283081 0.6695238351821899 0.1009523794054985 0.04571428522467613
4 0.6761904954910278 0.6066666841506958 0.10285714268684387 0.030476190149784088
4 0.6785714030265808 0.5690476298332214 0.10000000149011612 0.03142857179045677
4 0.6509523987770081 0.5076190233230591 0.06761904805898666 0.02857142873108387
4 0.6471428275108337 0.48571428656578064 0.0657142847776413 0.01904761977493763
4 0.6295238137245178 0.47333332896232605 0.05714285746216774 0.030476190149784088
4 0.692380964756012 0.5428571701049805 0.08380952477455139 0.024761904031038284
5 0.49809524416923523 0.4280952513217926 0.03619047626852989 0.039047617465257645
10 0.6433333158493042 0.380476176738739 0.029523810371756554 0.016190476715564728
4 0.5390475988388062 0.3323809504508972 0.024761904031038284 0.022857142612338066
10 0.534761905670166 0.31285715103149414 0.016190476715564728 0.012380952015519142
2 0.5338095426559448 0.30761903524398804 0.006666666828095913 0.015238095074892044
10 0.5590476393699646 0.3042857050895691 0.007619047537446022 0.014285714365541935
2 0.558571457862854 0.30000001192092896 0.0028571428265422583 0.013333333656191826
8 0.534761905670166 0.2752380967140198 0.012380952015519142 0.020952381193637848
4 0.5314285755157471 0.24571429193019867 0.01904761977493763 0.015238095074892044
4 0.5866666436195374 0.2919047474861145 0.017142856493592262 0.02190476283431053
6 0.5947619080543518 0.31190475821495056 0.025714285671710968 0.03142857179045677
4 0.581428587436676 0.2676190435886383 0.018095238134264946 0.01904761977493763
6 0.5809524059295654 0.24523809552192688 0.01904761977493763 0.019999999552965164
10 0.5647618770599365 0.2376190423965454 0.009523809887468815 0.008571428246796131
2 0.5666666626930237 0.2323809564113617 0.003809523768723011 0.007619047537446022
5 0.5314285755157471 0.20428571105003357 0.015238095074892044 0.016190476715564728
10 0.5099999904632568 0.20619048178195953 0.010476190596818924 0.010476190596818924
4 0.5276190638542175 0.19571428000926971 0.011428571306169033 0.012380952015519142
4 0.5257142782211304 0.18619047105312347 0.013333333656191826 0.012380952015519142
4 0.5271428823471069 0.17000000178813934 0.010476190596818924 0.010476190596818924
5 0.561904788017273 0.16952380537986755 0.013333333656191826 0.015238095074892044
6 0.5680952668190002 0.19952380657196045 0.018095238134264946 0.029523810371756554
4 0.583809494972229 0.20476190745830536 0.009523809887468815 0.013333333656191826
1 0.6009523868560791 0.21190476417541504 0.0057142856530845165 0.016190476715564728
6 0.5247619152069092 0.14047619700431824 0.009523809887468815 0.014285714365541935
10 0.6990476250648499 0.4895237982273102 0.017142856493592262 0.024761904031038284
