4 0.3946700394153595 0.5812183022499084 0.022842640057206154 0.03807106614112854
4 0.4029187858104706 0.7144669890403748 0.02157360315322876 0.03553299605846405
4 0.38832488656044006 0.4606598913669586 0.030456852167844772 0.027918782085180283
4 0.4911167621612549 0.33692893385887146 0.012690355069935322 0.0241116750985384
4 0.4771573543548584 0.01903553307056427 0.007614213041961193 0.007614213041961193
4 0.4657360315322876 0.0482233501970768 0.010152284055948257 0.012690355069935322
4 0.4549492299556732 0.07994923740625381 0.008883249014616013 0.017766498029232025
4 0.43654823303222656 0.12246192991733551 0.007614213041961193 0.01649746112525463
4 0.41878172755241394 0.20114213228225708 0.012690355069935322 0.01649746112525463
4 0.4809644818305969 0.2271573543548584 0.015228426083922386 0.017766498029232025
4 0.6053299307823181 0.807741105556488 0.030456852167844772 0.041878171265125275
4 0.5602791905403137 0.8604061007499695 0.029187817126512527 0.05076142027974129
4 0.6262690424919128 0.8895938992500305 0.026649747043848038 0.0482233501970768
4 0.45621827244758606 0.8293147087097168 0.0241116750985384 0.034263961017131805
4 0.5761421322822571 0.720812201499939 0.030456852167844772 0.03807106614112854
5 0.5063451528549194 0.24492385983467102 0.015228426083922386 0.022842640057206154
5 0.43654823303222656 0.36230963468551636 0.017766498029232025 0.02157360315322876
5 0.5019035339355469 0.5076141953468323 0.0241116750985384 0.03553299605846405
5 0.39340102672576904 0.5012690424919128 0.017766498029232025 0.03807106614112854
4 0.1281725913286209 0.3629441559314728 0.04314720630645752 0.020304568111896515
5 0.653553307056427 0.9828680157661438 0.022842640057206154 0.03172588720917702
4 0.903553307056427 0.3889593780040741 0.015228426083922386 0.01649746112525463
4 0.5736040472984314 0.028553299605846405 0.007614213041961193 0.01649746112525463
4 0.6472080945968628 0.07296954095363617 0.012690355069935322 0.011421320028603077
4 0.6459391117095947 0.06154822185635567 0.007614213041961193 0.006345177534967661
4 0.6465736031532288 0.04949238523840904 0.008883249014616013 0.017766498029232025
4 0.6465736031532288 0.04314720630645752 0.013959391042590141 0.012690355069935322
4 0.5215736031532288 0.15482233464717865 0.015228426083922386 0.015228426083922386
5 0.9156091213226318 0.4111675024032593 0.01903553307056427 0.025380710139870644
5 0.8997461795806885 0.36802029609680176 0.017766498029232025 0.017766498029232025
5 0.4993654787540436 0.19416244328022003 0.013959391042590141 0.017766498029232025
5 0.4029187858104706 0.1560913771390915 0.013959391042590141 0.017766498029232025
5 0.6421319842338562 0.03172588720917702 0.010152284055948257 0.012690355069935322
5 0.643401026725769 0.026015227660536766 0.012690355069935322 0.02157360315322876
4 0.643401026725769 0.014593908563256264 0.012690355069935322 0.013959391042590141
4 0.6427664756774902 0.006345177534967661 0.01649746112525463 0.012690355069935322
4 0.5114213228225708 0.2760152220726013 0.015228426083922386 0.029187817126512527
4 0.4593908488750458 0.2671319842338562 0.017766498029232025 0.026649747043848038
4 0.1535532921552658 0.9079949259757996 0.03299492225050926 0.04949238523840904
5 0.06725887954235077 0.8661167621612549 0.058375634253025055 0.04441624507308006
5 0.0425126887857914 0.8534263968467712 0.05710659921169281 0.041878171265125275
5 0.02474619261920452 0.8502538204193115 0.04949238523840904 0.04060913622379303
5 0.013959391042590141 0.8381979465484619 0.027918782085180283 0.039340101182460785
5 0.04568528011441231 0.9295685291290283 0.053299494087696075 0.041878171265125275
4 0.026649747043848038 0.9206852912902832 0.053299494087696075 0.04441624507308006
1 0.11675126850605011 0.700507640838623 0.015228426083922386 0.017766498029232025
1 0.12436547875404358 0.6986040472984314 0.007614213041961193 0.01649746112525463
9 0.5685279369354248 0.11611675471067429 0.022842640057206154 0.05456852912902832
0 0.6427664756774902 0.1338832527399063 0.029187817126512527 0.01903553307056427
4 0.8902284502983093 0.35406091809272766 0.011421320028603077 0.017766498029232025
0 0.8445431590080261 0.03807106614112854 0.029187817126512527 0.053299494087696075
1 0.09835025668144226 0.4574873149394989 0.006345177534967661 0.013959391042590141
1 0.10659898817539215 0.45368021726608276 0.012690355069935322 0.013959391042590141
0 0.09517766535282135 0.5831218361854553 0.025380710139870644 0.01649746112525463
