9 0.9568527936935425 0.4809644818305969 0.07614213228225708 0.12944161891937256
4 0.9409898519515991 0.7531725764274597 0.0596446692943573 0.08756345510482788
4 0.8032994866371155 0.7385786771774292 0.05076142027974129 0.07614213228225708
4 0.7848984599113464 0.4803299605846405 0.034263961017131805 0.04949238523840904
4 0.7385786771774292 0.529187798500061 0.03553299605846405 0.05076142027974129
4 0.6173858046531677 0.731598973274231 0.036802031099796295 0.06218273937702179
4 0.6186548471450806 0.4771573543548584 0.029187817126512527 0.04314720630645752
4 0.6954314708709717 0.3775380849838257 0.03299492225050926 0.039340101182460785
4 0.7354061007499695 0.35342639684677124 0.0241116750985384 0.036802031099796295
4 0.6383248567581177 0.017131980508565903 0.03807106614112854 0.013959391042590141
4 0.6186548471450806 0.10406091064214706 0.026649747043848038 0.022842640057206154
4 0.606598973274231 0.15799492597579956 0.017766498029232025 0.026649747043848038
4 0.557106614112854 0.3331218361854553 0.025380710139870644 0.029187817126512527
1 0.46129441261291504 0.46446701884269714 0.006345177534967661 0.020304568111896515
1 0.471446692943573 0.4739847779273987 0.008883249014616013 0.01903553307056427
1 0.41624364256858826 0.4175126850605011 0.005076142027974129 0.012690355069935322
1 0.380076140165329 0.6307106614112854 0.006345177534967661 0.012690355069935322
1 0.12944161891937256 0.7772842645645142 0.012690355069935322 0.01903553307056427
1 0.11548223346471786 0.7804568409919739 0.012690355069935322 0.020304568111896515
1 0.6116751432418823 0.913705587387085 0.015228426083922386 0.03299492225050926
1 0.6529187560081482 0.9181472063064575 0.013959391042590141 0.034263961017131805
1 0.6554568409919739 0.9682741165161133 0.013959391042590141 0.03553299605846405
4 0.8343908786773682 0.9524111747741699 0.0596446692943573 0.09263959527015686
4 0.8972080945968628 0.3743654787540436 0.027918782085180283 0.03553299605846405
4 0.8597715497016907 0.31979694962501526 0.026649747043848038 0.03299492225050926
1 0.7423858046531677 0.2677665054798126 0.005076142027974129 0.010152284055948257
1 0.8737309575080872 0.24238578975200653 0.0038071065209805965 0.010152284055948257
1 0.8667512536048889 0.24302031099796295 0.005076142027974129 0.011421320028603077
1 0.961294412612915 0.22398477792739868 0.0038071065209805965 0.011421320028603077
4 0.720812201499939 0.14149746298789978 0.017766498029232025 0.02157360315322876
4 0.7055837512016296 0.10913705825805664 0.020304568111896515 0.015228426083922386
4 0.7531725764274597 0.11484771221876144 0.02157360315322876 0.01649746112525463
4 0.8242385983467102 0.1814720779657364 0.01649746112525463 0.022842640057206154
4 0.6763959527015686 0.06408629566431046 0.027918782085180283 0.013959391042590141
4 0.7011421322822571 0.08692893385887146 0.013959391042590141 0.011421320028603077
6 0.8007614016532898 0.13134518265724182 0.027918782085180283 0.039340101182460785
9 0.7189086079597473 0.07550761103630066 0.05456852912902832 0.034263961017131805
4 0.6802030205726624 0.005076142027974129 0.03299492225050926 0.010152284055948257
4 0.8204314708709717 0.06662436574697495 0.013959391042590141 0.013959391042590141
0 0.7715736031532288 0.0850253775715828 0.027918782085180283 0.012690355069935322
