2 0.23921319842338562 0.07550761103630066 0.006345177534967661 0.006345177534967661
1 0.3185279071331024 0.10406091064214706 0.007614213041961193 0.010152284055948257
1 0.6440355181694031 0.31345176696777344 0.006345177534967661 0.012690355069935322
1 0.09454314410686493 0.1338832527399063 0.011421320028603077 0.01649746112525463
4 0.3343908488750458 0.4060913622379303 0.039340101182460785 0.03299492225050926
4 0.37944161891937256 0.36802029609680176 0.04568528011441231 0.03299492225050926
4 0.4600253701210022 0.3686548173427582 0.04949238523840904 0.026649747043848038
5 0.4708121716976166 0.33946701884269714 0.053299494087696075 0.029187817126512527
4 0.5412436723709106 0.3274111747741699 0.04695431515574455 0.020304568111896515
4 0.6027919054031372 0.3381979763507843 0.0482233501970768 0.0241116750985384
5 0.6598984599113464 0.3921319842338562 0.058375634253025055 0.04060913622379303
4 0.692258894443512 0.3585025370121002 0.034263961017131805 0.02157360315322876
5 0.7131979465484619 0.380076140165329 0.053299494087696075 0.034263961017131805
1 0.7963197827339172 0.3946700394153595 0.006345177534967661 0.010152284055948257
6 0.8191624283790588 0.44225889444351196 0.06979695707559586 0.05456852912902832
1 0.8318527936935425 0.5082487463951111 0.006345177534967661 0.008883249014616013
1 0.7817258834838867 0.4746192991733551 0.005076142027974129 0.010152284055948257
1 0.7741116881370544 0.4777918756008148 0.005076142027974129 0.011421320028603077
1 0.7480964660644531 0.4625634551048279 0.0038071065209805965 0.011421320028603077
1 0.75 0.4606598913669586 0.005076142027974129 0.010152284055948257
9 0.575507640838623 0.5095177888870239 0.12055837363004684 0.07233502715826035
9 0.6967005133628845 0.5266497731208801 0.1649746149778366 0.0939086303114891
9 0.9581218361854553 0.7512690424919128 0.08375634253025055 0.10406091064214706
