4 0.8578680157661438 0.6548223495483398 0.03299492225050926 0.08629441261291504
4 0.6681472063064575 0.643401026725769 0.03172588720917702 0.08629441261291504
4 0.6389594078063965 0.9473350048065186 0.029187817126512527 0.09010152518749237
4 0.7189086079597473 0.1478426456451416 0.029187817126512527 0.0850253775715828
4 0.6529187560081482 0.12563452124595642 0.036802031099796295 0.07360406219959259
4 0.6186548471450806 0.04124365374445915 0.034263961017131805 0.06979695707559586
4 0.7614213228225708 0.2906091511249542 0.025380710139870644 0.06345177441835403
4 0.7043147087097168 0.35342639684677124 0.03299492225050926 0.07994923740625381
4 0.6218274235725403 0.5031725764274597 0.04060913622379303 0.07741116732358932
4 0.5736040472984314 0.8635786771774292 0.03299492225050926 0.0824873074889183
4 0.9758883118629456 0.2189086228609085 0.03807106614112854 0.0824873074889183
4 0.9771573543548584 0.03807106614112854 0.030456852167844772 0.07614213228225708
4 0.7703045606613159 0.01903553307056427 0.027918782085180283 0.03807106614112854
5 0.7100253701210022 0.7436548471450806 0.034263961017131805 0.09137056022882462
5 0.24302031099796295 0.11675126850605011 0.06979695707559586 0.06598984450101852
5 0.1960659921169281 0.06345177441835403 0.07994923740625381 0.055837564170360565
9 0.5628172755241394 0.5539340376853943 0.04695431515574455 0.11802030354738235
