4 0.02087198570370674 0.02829313464462757 0.04174397140741348 0.026901669800281525
4 0.04730983451008797 0.2917439639568329 0.0371057502925396 0.05658626928925514
4 0.025974025949835777 0.07931354641914368 0.051948051899671555 0.026901669800281525
4 0.02458256110548973 0.06354360282421112 0.04916512221097946 0.023191094398498535
4 0.025510204955935478 0.16001854836940765 0.051020409911870956 0.02504638209939003
4 0.02458256110548973 0.1804267168045044 0.04916512221097946 0.034322820603847504
4 0.029684601351618767 0.20315398275852203 0.059369202703237534 0.03896103799343109
4 0.6748608350753784 0.1428571492433548 0.04730983451008797 0.044526901096105576
4 0.9461966753005981 0.03293135389685631 0.051948051899671555 0.03988868370652199
4 0.8803339600563049 0.421150267124176 0.08905380219221115 0.044526901096105576
5 0.9234693646430969 0.34137290716171265 0.07513915002346039 0.051948051899671555
5 0.7462894320487976 0.3469387888908386 0.0714285746216774 0.044526901096105576
4 0.6539888978004456 0.36734694242477417 0.07977736741304398 0.040816325694322586
11 0.548701286315918 0.37662336230278015 0.11595547199249268 0.0705009251832962
4 0.4568645656108856 0.3984230160713196 0.07884972542524338 0.04174397140741348
1 0.5009276270866394 0.34415584802627563 0.014842300675809383 0.025974025949835777
4 0.2602040767669678 0.4285714328289032 0.08256029337644577 0.04267161339521408
4 0.3538961112499237 0.41419294476509094 0.08627086877822876 0.04174397140741348
4 0.15584415197372437 0.44434136152267456 0.0705009251832962 0.04638218879699707
4 0.05287569388747215 0.4628942608833313 0.08719851821660995 0.04638218879699707
4 0.0366419292986393 0.6790352463722229 0.0732838585972786 0.055658627301454544
10 0.23608534038066864 0.7022263407707214 0.01762523129582405 0.044526901096105576
10 0.4392393231391907 0.6674396991729736 0.013914656825363636 0.034322820603847504
10 0.29638218879699707 0.701298713684082 0.02875695750117302 0.03339517489075661
10 0.365491658449173 0.6818181872367859 0.027829313650727272 0.03153988718986511
10 0.3840445280075073 0.6743970513343811 0.022263450548052788 0.03153988718986511
10 0.40816327929496765 0.6743970513343811 0.024118738248944283 0.0371057502925396
4 0.24397031962871552 0.628014862537384 0.10018552839756012 0.05009276419878006
7 0.3228200376033783 0.673933207988739 0.0371057502925396 0.05287569388747215
7 0.34276437759399414 0.6233766078948975 0.05473098158836365 0.03153988718986511
7 0.3970315456390381 0.6150278449058533 0.05751391500234604 0.03153988718986511
10 0.30983301997184753 0.7486085295677185 0.012987012974917889 0.029684601351618767
10 0.37569573521614075 0.6479591727256775 0.0185528751462698 0.034322820603847504
10 0.3297773599624634 0.6567717790603638 0.02133580669760704 0.027829313650727272
0 0.3543599247932434 0.6563079953193665 0.03153988718986511 0.03246753290295601
10 0.6929498910903931 0.5867347121238708 0.025974025949835777 0.03803339600563049
10 0.8302412033081055 0.5783858895301819 0.0352504625916481 0.02875695750117302
10 0.7810760736465454 0.5653988718986511 0.020408162847161293 0.03246753290295601
4 0.6910946369171143 0.5524118542671204 0.09090909361839294 0.04730983451008797
4 0.7704081535339355 0.5315399169921875 0.08441558480262756 0.05009276419878006
4 0.871985137462616 0.5185528993606567 0.072356216609478 0.040816325694322586
10 0.9160482287406921 0.5426716208457947 0.03246753290295601 0.03153988718986511
0 0.7755101919174194 0.5987940430641174 0.044526901096105576 0.030612245202064514
