4 0.37944161891937256 0.7036802172660828 0.07360406219959259 0.07233502715826035
4 0.4168781638145447 0.6497461795806885 0.07233502715826035 0.060913704335689545
4 0.8223350048065186 0.6383248567581177 0.03807106614112854 0.07360406219959259
4 0.8857868313789368 0.7176395654678345 0.025380710139870644 0.0824873074889183
4 0.9232233762741089 0.4968274235725403 0.03172588720917702 0.06472080945968628
4 0.8191624283790588 0.4822334945201874 0.039340101182460785 0.07360406219959259
4 0.635152280330658 0.5450507402420044 0.039340101182460785 0.05456852912902832
4 0.9873096346855164 0.1503807157278061 0.025380710139870644 0.05203045532107353
4 0.7823604345321655 0.24048224091529846 0.034263961017131805 0.04695431515574455
4 0.9790608882904053 0.2988578677177429 0.034263961017131805 0.05710659921169281
5 0.8718274235725403 0.4752538204193115 0.03553299605846405 0.06725887954235077
10 0.9105330109596252 0.35088831186294556 0.013959391042590141 0.036802031099796295
2 0.9098984599113464 0.3458121716976166 0.010152284055948257 0.01903553307056427
1 0.013324873521924019 0.013324873521924019 0.013959391042590141 0.02157360315322876
4 0.6770304441452026 0.9739847779273987 0.04949238523840904 0.04949238523840904
4 0.8635786771774292 0.01903553307056427 0.026649747043848038 0.03807106614112854
