4 0.4238578677177429 0.013959391042590141 0.025380710139870644 0.027918782085180283
4 0.43020305037498474 0.13451775908470154 0.03299492225050926 0.053299494087696075
5 0.4796954393386841 0.07170050591230392 0.027918782085180283 0.05710659921169281
5 0.48413705825805664 0.12944161891937256 0.034263961017131805 0.06598984450101852
1 0.4435279071331024 0.199238583445549 0.011421320028603077 0.025380710139870644
1 0.635152280330658 0.2474619299173355 0.008883249014616013 0.022842640057206154
1 0.674492359161377 0.25444161891937256 0.011421320028603077 0.026649747043848038
1 0.22081218659877777 0.16941624879837036 0.010152284055948257 0.026649747043848038
4 0.017131980508565903 0.2899746298789978 0.034263961017131805 0.06218273937702179
9 0.033629439771175385 0.471446692943573 0.06725887954235077 0.21700507402420044
5 0.1192893385887146 0.3610406219959259 0.09898477047681808 0.06472080945968628
6 0.27982234954833984 0.37690356373786926 0.23223350942134857 0.09898477047681808
4 0.33058375120162964 0.43274110555648804 0.10532994568347931 0.04568528011441231
5 0.4708121716976166 0.3242385685443878 0.10152284055948257 0.05203045532107353
9 0.7093908786773682 0.5190355181694031 0.17258882522583008 0.13197968900203705
1 0.779187798500061 0.3242385685443878 0.015228426083922386 0.034263961017131805
