5 0.04378172755241394 0.6871827244758606 0.0850253775715828 0.04695431515574455
4 0.06789340078830719 0.5685279369354248 0.07994923740625381 0.027918782085180283
4 0.05774111673235893 0.4885786771774292 0.04949238523840904 0.03299492225050926
1 0.029187817126512527 0.5044416189193726 0.012690355069935322 0.0241116750985384
1 0.6605330109596252 0.5805837512016296 0.008883249014616013 0.02157360315322876
1 0.6675127148628235 0.5697969794273376 0.007614213041961193 0.017766498029232025
1 0.5133248567581177 0.398477166891098 0.008883249014616013 0.017766498029232025
4 0.5970812439918518 0.4777918756008148 0.026649747043848038 0.036802031099796295
4 0.5945431590080261 0.43591371178627014 0.02157360315322876 0.03172588720917702
4 0.6046954393386841 0.40164974331855774 0.02157360315322876 0.026649747043848038
4 0.6123096346855164 0.37309643626213074 0.026649747043848038 0.03299492225050926
4 0.5659898519515991 0.33692893385887146 0.022842640057206154 0.026649747043848038
4 0.5742385983467102 0.3090101480484009 0.01649746112525463 0.01903553307056427
4 0.586294412612915 0.2810913622379303 0.017766498029232025 0.01903553307056427
6 0.6288071274757385 0.22081218659877777 0.02157360315322876 0.04060913622379303
4 0.6611675024032593 0.1821065992116928 0.012690355069935322 0.013959391042590141
4 0.614847719669342 0.16560913622379303 0.008883249014616013 0.011421320028603077
6 0.6173858046531677 0.14720812439918518 0.011421320028603077 0.022842640057206154
4 0.8248730897903442 0.03807106614112854 0.012690355069935322 0.010152284055948257
4 0.8781725764274597 0.0653553307056427 0.012690355069935322 0.013959391042590141
4 0.8984771370887756 0.07296954095363617 0.012690355069935322 0.011421320028603077
4 0.9187816977500916 0.0767766460776329 0.012690355069935322 0.008883249014616013
4 0.8946700692176819 0.011421320028603077 0.010152284055948257 0.010152284055948257
4 0.8686548471450806 0.008883249014616013 0.008883249014616013 0.007614213041961193
4 0.9079949259757996 0.09517766535282135 0.013959391042590141 0.010152284055948257
4 0.8121827244758606 0.11548223346471786 0.012690355069935322 0.010152284055948257
4 0.8591370582580566 0.12309644371271133 0.012690355069935322 0.010152284055948257
4 0.9060913920402527 0.14276649057865143 0.012690355069935322 0.013959391042590141
4 0.9727157354354858 0.1732233464717865 0.013959391042590141 0.011421320028603077
4 0.8762690424919128 0.18845178186893463 0.01649746112525463 0.01649746112525463
5 0.8439086079597473 0.21700507402420044 0.017766498029232025 0.017766498029232025
6 0.8680202960968018 0.3401015102863312 0.022842640057206154 0.04060913622379303
4 0.921954333782196 0.4118020236492157 0.026649747043848038 0.03172588720917702
4 0.8261421322822571 0.4321065843105316 0.027918782085180283 0.03172588720917702
