4 0.9111675024032593 0.8286802172660828 0.0710659921169281 0.07868020236492157
4 0.18654821813106537 0.7335025668144226 0.05076142027974129 0.0939086303114891
4 0.3496192991733551 0.4771573543548584 0.041878171265125275 0.0710659921169281
4 0.3153553307056427 0.2804568409919739 0.03172588720917702 0.060913704335689545
5 0.22779187560081482 0.22525380551815033 0.0241116750985384 0.036802031099796295
9 0.3090101480484009 0.047588832676410675 0.029187817126512527 0.039340101182460785
4 0.17449238896369934 0.015228426083922386 0.013959391042590141 0.020304568111896515
4 0.20875634253025055 0.06662436574697495 0.02157360315322876 0.026649747043848038
1 0.921954333782196 0.48413705825805664 0.006345177534967661 0.02157360315322876
1 0.9162436723709106 0.4809644818305969 0.007614213041961193 0.020304568111896515
