4 0.25190356373786926 0.6085025668144226 0.06979695707559586 0.034263961017131805
4 0.4651015102863312 0.5875634551048279 0.06979695707559586 0.025380710139870644
4 0.5418781638145447 0.4581218361854553 0.06598984450101852 0.027918782085180283
4 0.15672588348388672 0.3578680157661438 0.029187817126512527 0.06598984450101852
4 0.031091369688510895 0.6338832378387451 0.06218273937702179 0.029187817126512527
4 0.02982233464717865 0.7804568409919739 0.0596446692943573 0.03807106614112854
4 0.5552030205726624 0.8737309575080872 0.06218273937702179 0.0241116750985384
4 0.6668781638145447 0.7645938992500305 0.06725887954235077 0.029187817126512527
4 0.9911167621612549 0.7144669890403748 0.017766498029232025 0.03299492225050926
4 0.07043147087097168 0.09771573543548584 0.026649747043848038 0.0482233501970768
5 0.8629441857337952 0.7766497731208801 0.07360406219959259 0.03299492225050926
5 0.7417512536048889 0.6986040472984314 0.07994923740625381 0.026649747043848038
5 0.8191624283790588 0.5926395654678345 0.07741116732358932 0.03299492225050926
5 0.8445431590080261 0.4968274235725403 0.06979695707559586 0.03172588720917702
5 0.4689086377620697 0.7170050740242004 0.06725887954235077 0.027918782085180283
5 0.31979694962501526 0.13832487165927887 0.058375634253025055 0.04060913622379303
1 0.9866751432418823 0.3572334945201874 0.011421320028603077 0.01649746112525463
1 0.9911167621612549 0.3635786771774292 0.012690355069935322 0.01649746112525463
1 0.999365508556366 0.3604061007499695 0.0012690353905782104 0.017766498029232025
0 0.9587563276290894 0.42449238896369934 0.0824873074889183 0.036802031099796295
10 0.3013959527015686 0.058375634253025055 0.01649746112525463 0.025380710139870644
10 0.36802029609680176 0.010152284055948257 0.012690355069935322 0.020304568111896515
