6 0.9819047451019287 0.6138095259666443 0.03619047626852989 0.0714285746216774
6 0.4719047546386719 0.6366666555404663 0.07523809373378754 0.10190476477146149
6 0.6866666674613953 0.20095238089561462 0.034285712987184525 0.07619047909975052
4 0.6285714507102966 0.5404762029647827 0.06285714358091354 0.05999999865889549
1 0.95333331823349 0.5133333206176758 0.017142856493592262 0.015238095074892044
1 0.9595237970352173 0.5266666412353516 0.016190476715564728 0.013333333656191826
1 0.8728571534156799 0.4933333396911621 0.016190476715564728 0.024761904031038284
1 0.8980952501296997 0.5185714364051819 0.011428571306169033 0.019999999552965164
2 0.8390476107597351 0.5342857241630554 0.013333333656191826 0.024761904031038284
10 0.8323809504508972 0.5342857241630554 0.032380953431129456 0.020952381193637848
10 0.8623809814453125 0.5309523940086365 0.029523810371756554 0.018095238134264946
10 0.822857141494751 0.4714285731315613 0.024761904031038284 0.020952381193637848
1 0.8233333230018616 0.46714285016059875 0.010476190596818924 0.02190476283431053
2 0.8704761862754822 0.5247619152069092 0.015238095074892044 0.015238095074892044
1 0.7071428298950195 0.060952380299568176 0.004761904943734407 0.013333333656191826
4 0.616190493106842 0.08380952477455139 0.03809523954987526 0.020952381193637848
