4 0.006345177534967661 0.4181472063064575 0.012690355069935322 0.039340101182460785
4 0.17766498029232025 0.5552030205726624 0.0482233501970768 0.039340101182460785
4 0.17195431888103485 0.8090101480484009 0.05456852912902832 0.041878171265125275
4 0.15799492597579956 0.35977157950401306 0.03172588720917702 0.034263961017131805
4 0.17131979763507843 0.3756345212459564 0.030456852167844772 0.03807106614112854
4 0.3407360315322876 0.6687816977500916 0.05456852912902832 0.03807106614112854
4 0.7639594078063965 0.9733502268791199 0.058375634253025055 0.04060913622379303
4 0.041878171265125275 0.7258883118629456 0.04568528011441231 0.03807106614112854
5 0.08121827244758606 0.6015228629112244 0.04314720630645752 0.04060913622379303
5 0.29695430397987366 0.7487309575080872 0.05076142027974129 0.03299492225050926
5 0.1453045755624771 0.19796954095363617 0.03172588720917702 0.04060913622379303
5 0.16116751730442047 0.21065989136695862 0.03553299605846405 0.0482233501970768
5 0.2988578677177429 0.2810913622379303 0.036802031099796295 0.05456852912902832
5 0.1846446692943573 0.42195430397987366 0.041878171265125275 0.04441624507308006
5 0.42449238896369934 0.8185279369354248 0.06218273937702179 0.04060913622379303
5 0.4581218361854553 0.9619289636611938 0.06852792203426361 0.04060913622379303
5 0.9390863180160522 0.846446692943573 0.058375634253025055 0.03299492225050926
4 0.49238577485084534 0.7614213228225708 0.058375634253025055 0.03553299605846405
9 0.06281726062297821 0.6967005133628845 0.11294416338205338 0.08121827244758606
9 0.0025380710139870644 0.4771573543548584 0.005076142027974129 0.055837564170360565
9 0.711294412612915 0.8204314708709717 0.14086294174194336 0.04949238523840904
