9 0.01649746112525463 0.27093908190727234 0.03299492225050926 0.05203045532107353
4 0.07550761103630066 0.4746192991733551 0.07233502715826035 0.053299494087696075
4 0.17385786771774292 0.6186548471450806 0.08629441261291504 0.03172588720917702
4 0.20558375120162964 0.7588832378387451 0.08375634253025055 0.0482233501970768
4 0.11611675471067429 0.9130710363388062 0.06979695707559586 0.07994923740625381
4 0.02220812253654003 0.970812201499939 0.04441624507308006 0.055837564170360565
10 0.16116751730442047 0.9733502268791199 0.022842640057206154 0.030456852167844772
4 0.3997461795806885 0.9657360315322876 0.04314720630645752 0.06598984450101852
4 0.49238577485084534 0.8718274235725403 0.04314720630645752 0.10152284055948257
4 0.5564720630645752 0.9022842645645142 0.04441624507308006 0.09898477047681808
4 0.6237309575080872 0.9181472063064575 0.04695431515574455 0.1078680232167244
4 0.3267766535282135 0.7455583810806274 0.05710659921169281 0.09010152518749237
4 0.4993654787540436 0.5989847779273987 0.041878171265125275 0.08375634253025055
4 0.529187798500061 0.48159897327423096 0.04568528011441231 0.09010152518749237
4 0.42131978273391724 0.664340078830719 0.07868020236492157 0.039340101182460785
4 0.40482234954833984 0.5888324975967407 0.08629441261291504 0.04060913622379303
9 0.44733503460884094 0.5260152220726013 0.18908628821372986 0.07741116732358932
4 0.6503807306289673 0.6503807306289673 0.041878171265125275 0.08756345510482788
4 0.6497461795806885 0.4467005133628845 0.04568528011441231 0.08883249014616013
6 0.4156091511249542 0.2131979763507843 0.05710659921169281 0.1192893385887146
4 0.4549492299556732 0.13769035041332245 0.034263961017131805 0.06218273937702179
5 0.6015228629112244 0.04124365374445915 0.03553299605846405 0.06979695707559586
5 0.6408629417419434 0.022842640057206154 0.03299492225050926 0.04568528011441231
4 0.6598984599113464 0.1135786771774292 0.03553299605846405 0.06472080945968628
4 0.6192893385887146 0.1421319842338562 0.03807106614112854 0.06852792203426361
4 0.6713197827339172 0.19796954095363617 0.03299492225050926 0.06345177441835403
5 0.6694162487983704 0.2817258834838867 0.029187817126512527 0.058375634253025055
4 0.7189086079597473 0.22842639684677124 0.026649747043848038 0.06598984450101852
9 0.9733502268791199 0.2722081243991852 0.053299494087696075 0.14593908190727234
4 0.3071065843105316 0.2861675024032593 0.07360406219959259 0.041878171265125275
