1 0.4730983376502991 0.2504638135433197 0.0092764375731349 0.027829313650727272
1 0.4642857015132904 0.2495361715555191 0.008348793722689152 0.020408162847161293
6 0.314007431268692 0.5018553137779236 0.1400742083787918 0.1076066792011261
4 0.40955471992492676 0.44434136152267456 0.06586270779371262 0.05380333960056305
4 0.5417439937591553 0.3576066792011261 0.05751391500234604 0.04545454680919647
6 0.5909090638160706 0.3200370967388153 0.051948051899671555 0.048237476497888565
4 0.6317254304885864 0.2945269048213959 0.05009276419878006 0.03988868370652199
4 0.7147495150566101 0.24025973677635193 0.04730983451008797 0.0352504625916481
4 0.7518553137779236 0.2161410003900528 0.04545454680919647 0.03339517489075661
1 0.9313543438911438 0.1080705001950264 0.0092764375731349 0.019480518996715546
4 0.845083475112915 0.15398886799812317 0.0371057502925396 0.029684601351618767
4 0.8770871758460999 0.13311688601970673 0.036178108304739 0.026901669800281525
4 0.9072356224060059 0.11270871758460999 0.03339517489075661 0.026901669800281525
4 0.929499089717865 0.09601113200187683 0.03339517489075661 0.023191094398498535
5 0.9536178112030029 0.07699443399906158 0.027829313650727272 0.029684601351618767
4 0.9763450622558594 0.06725417077541351 0.026901669800281525 0.02504638209939003
4 0.991651177406311 0.05055658519268036 0.016697587445378304 0.02504638209939003
4 0.9846938848495483 0.18460111320018768 0.030612245202064514 0.040816325694322586
10 0.9730983376502991 0.26716139912605286 0.025974025949835777 0.027829313650727272
10 0.9554731249809265 0.2898886799812317 0.040816325694322586 0.03246753290295601
9 0.7833951711654663 0.3548237383365631 0.09740259498357773 0.11038961261510849
6 0.6655844449996948 0.4638218879699707 0.07699443399906158 0.08348794281482697
11 0.8970315456390381 0.5329313278198242 0.04267161339521408 0.062152132391929626
11 0.6628015041351318 0.8617810606956482 0.1066790372133255 0.12987013161182404
