0 0.03870558366179466 0.07296954095363617 0.07741116732358932 0.10279187560081482
4 0.12436547875404358 0.18274112045764923 0.012690355069935322 0.010152284055948257
6 0.1560913771390915 0.18591371178627014 0.015228426083922386 0.02157360315322876
6 0.1421319842338562 0.175761416554451 0.017766498029232025 0.01649746112525463
6 0.24619288742542267 0.3210659921169281 0.015228426083922386 0.020304568111896515
6 0.2753807008266449 0.3293147087097168 0.025380710139870644 0.03172588720917702
6 0.32804569602012634 0.4340101480484009 0.036802031099796295 0.055837564170360565
6 0.31154823303222656 0.4041878283023834 0.036802031099796295 0.039340101182460785
6 0.2906091511249542 0.3610406219959259 0.03299492225050926 0.05456852912902832
1 0.47906091809272766 0.6491116881370544 0.011421320028603077 0.026649747043848038
5 0.4892131984233856 0.7373096346855164 0.039340101182460785 0.06345177441835403
