1 0.2100253850221634 0.010152284055948257 0.006345177534967661 0.010152284055948257
1 0.23350253701210022 0.02220812253654003 0.005076142027974129 0.008883249014616013
1 0.22588832676410675 0.023477157577872276 0.005076142027974129 0.008883249014616013
1 0.199238583445549 0.028553299605846405 0.007614213041961193 0.008883249014616013
1 0.19479694962501526 0.033629439771175385 0.0038071065209805965 0.006345177534967661
1 0.060913704335689545 0.06725887954235077 0.005076142027974129 0.012690355069935322
1 0.01903553307056427 0.08756345510482788 0.005076142027974129 0.010152284055948257
0 0.13451775908470154 0.050126902759075165 0.08121827244758606 0.011421320028603077
0 0.08629441261291504 0.07741116732358932 0.030456852167844772 0.04060913622379303
0 0.1960659921169281 0.0539340116083622 0.03172588720917702 0.034263961017131805
1 0.22335025668144226 0.04314720630645752 0.0025380710139870644 0.007614213041961193
1 0.21954314410686493 0.041878171265125275 0.005076142027974129 0.010152284055948257
1 0.21637055277824402 0.04124365374445915 0.0038071065209805965 0.006345177534967661
1 0.2442893385887146 0.04378172755241394 0.006345177534967661 0.008883249014616013
1 0.24365481734275818 0.05203045532107353 0.007614213041961193 0.007614213041961193
1 0.2442893385887146 0.06027918681502342 0.006345177534967661 0.008883249014616013
1 0.2531725764274597 0.04885786771774292 0.006345177534967661 0.011421320028603077
1 0.2607868015766144 0.04631979763507843 0.0038071065209805965 0.008883249014616013
1 0.26586294174194336 0.05203045532107353 0.0038071065209805965 0.007614213041961193
1 0.2645938992500305 0.03807106614112854 0.006345177534967661 0.007614213041961193
1 0.2442893385887146 0.10977157205343246 0.006345177534967661 0.008883249014616013
0 0.2779187858104706 0.09517766535282135 0.025380710139870644 0.022842640057206154
0 0.26586294174194336 0.12055837363004684 0.026649747043848038 0.020304568111896515
0 0.24555838108062744 0.1395939141511917 0.01649746112525463 0.03807106614112854
1 0.31091371178627014 0.1281725913286209 0.007614213041961193 0.005076142027974129
1 0.32868021726608276 0.1281725913286209 0.0025380710139870644 0.007614213041961193
1 0.32487308979034424 0.15164974331855774 0.005076142027974129 0.008883249014616013
1 0.3343908488750458 0.15672588348388672 0.006345177534967661 0.011421320028603077
1 0.3293147087097168 0.15862944722175598 0.0038071065209805965 0.007614213041961193
1 0.2925126850605011 0.1560913771390915 0.0038071065209805965 0.007614213041961193
1 0.31916242837905884 0.1535532921552658 0.0038071065209805965 0.007614213041961193
1 0.31725889444351196 0.14276649057865143 0.005076142027974129 0.008883249014616013
1 0.3388324975967407 0.13134518265724182 0.005076142027974129 0.011421320028603077
0 0.35977157950401306 0.11675126850605011 0.0596446692943573 0.030456852167844772
0 0.31916242837905884 0.14720812439918518 0.04949238523840904 0.030456852167844772
0 0.4054568409919739 0.0482233501970768 0.01903553307056427 0.010152284055948257
0 0.40482234954833984 0.08121827244758606 0.03299492225050926 0.017766498029232025
0 0.43654823303222656 0.11738578975200653 0.015228426083922386 0.05710659921169281
0 0.3324873149394989 0.1846446692943573 0.07614213228225708 0.026649747043848038
1 0.273477166891098 0.1928934007883072 0.006345177534967661 0.010152284055948257
1 0.23223350942134857 0.2131979763507843 0.06852792203426361 0.025380710139870644
1 0.14022842049598694 0.23477157950401306 0.11040609329938889 0.03553299605846405
4 0.03553299605846405 0.2975888252258301 0.04568528011441231 0.0241116750985384
4 0.10596446692943573 0.27728426456451416 0.04695431515574455 0.02157360315322876
4 0.16624365746974945 0.2639593780040741 0.04314720630645752 0.022842640057206154
4 0.21827411651611328 0.2442893385887146 0.04568528011441231 0.02157360315322876
4 0.2703045606613159 0.24936547875404358 0.04314720630645752 0.0241116750985384
4 0.04314720630645752 0.3185279071331024 0.05076142027974129 0.025380710139870644
1 0.36802029609680176 0.24302031099796295 0.005076142027974129 0.008883249014616013
1 0.35659897327423096 0.2417512685060501 0.005076142027974129 0.008883249014616013
1 0.36484771966934204 0.24809645116329193 0.0038071065209805965 0.006345177534967661
1 0.40482234954833984 0.2442893385887146 0.005076142027974129 0.008883249014616013
1 0.39911168813705444 0.24619288742542267 0.0038071065209805965 0.010152284055948257
1 0.3692893385887146 0.2848984897136688 0.005076142027974129 0.011421320028603077
1 0.3775380849838257 0.29695430397987366 0.006345177534967661 0.007614213041961193
1 0.37880709767341614 0.3096446692943573 0.011421320028603077 0.012690355069935322
1 0.43020305037498474 0.3064720928668976 0.005076142027974129 0.011421320028603077
1 0.4486040472984314 0.29949238896369934 0.008883249014616013 0.012690355069935322
1 0.437817245721817 0.30583757162094116 0.005076142027974129 0.012690355069935322
0 0.3350253701210022 0.2817258834838867 0.010152284055948257 0.020304568111896515
0 0.32296955585479736 0.3559644818305969 0.06218273937702179 0.04441624507308006
0 0.26015228033065796 0.375 0.022842640057206154 0.03172588720917702
0 0.23159898817539215 0.4206852912902832 0.034263961017131805 0.0241116750985384
0 0.199238583445549 0.43654823303222656 0.017766498029232025 0.012690355069935322
1 0.2760152220726013 0.408629447221756 0.006345177534967661 0.010152284055948257
1 0.26332488656044006 0.4289340078830719 0.006345177534967661 0.007614213041961193
1 0.22271573543548584 0.4492385685443878 0.006345177534967661 0.010152284055948257
1 0.028553299605846405 0.5019035339355469 0.006345177534967661 0.006345177534967661
1 0.008248730562627316 0.5260152220726013 0.006345177534967661 0.0038071065209805965
1 0.09327410906553268 0.5012690424919128 0.008883249014616013 0.012690355069935322
1 0.4492385685443878 0.3293147087097168 0.0025380710139870644 0.008883249014616013
1 0.44225889444351196 0.33121827244758606 0.0038071065209805965 0.007614213041961193
1 0.4454314708709717 0.3236040472984314 0.005076142027974129 0.010152284055948257
1 0.437817245721817 0.31345176696777344 0.0025380710139870644 0.007614213041961193
1 0.4003807008266449 0.2563451826572418 0.006345177534967661 0.005076142027974129
4 0.4124365448951721 0.37055838108062744 0.0482233501970768 0.03299492225050926
4 0.4111675024032593 0.43591371178627014 0.027918782085180283 0.041878171265125275
4 0.25761422514915466 0.48667511343955994 0.027918782085180283 0.04695431515574455
4 0.204314723610878 0.5069797039031982 0.027918782085180283 0.04441624507308006
4 0.12436547875404358 0.5348984599113464 0.030456852167844772 0.04695431515574455
4 0.07043147087097168 0.557741105556488 0.026649747043848038 0.04695431515574455
4 0.041878171265125275 0.5634517669677734 0.027918782085180283 0.04568528011441231
4 0.013324873521924019 0.5704314708709717 0.0241116750985384 0.039340101182460785
4 0.3870558440685272 0.5558375716209412 0.025380710139870644 0.04060913622379303
4 0.4282994866371155 0.6008883118629456 0.03172588720917702 0.05203045532107353
4 0.33629441261291504 0.5818527936935425 0.027918782085180283 0.04695431515574455
4 0.1986040621995926 0.6224619150161743 0.03172588720917702 0.04949238523840904
4 0.17131979763507843 0.6364213228225708 0.03299492225050926 0.05203045532107353
4 0.2950507700443268 0.6522842645645142 0.026649747043848038 0.04568528011441231
4 0.2074873149394989 0.674492359161377 0.029187817126512527 0.04949238523840904
4 0.1789340078830719 0.6884517669677734 0.03299492225050926 0.04949238523840904
4 0.1503807157278061 0.6998730897903442 0.03172588720917702 0.05203045532107353
4 0.0939086303114891 0.7246192693710327 0.030456852167844772 0.053299494087696075
5 0.23794415593147278 0.6662436723709106 0.036802031099796295 0.058375634253025055
1 0.15482233464717865 0.5837563276290894 0.012690355069935322 0.015228426083922386
4 0.17829948663711548 0.8331218361854553 0.03172588720917702 0.04949238523840904
4 0.0850253775715828 0.8661167621612549 0.030456852167844772 0.05203045532107353
4 0.08692893385887146 0.893401026725769 0.029187817126512527 0.04568528011441231
4 0.346446692943573 0.789340078830719 0.020304568111896515 0.0482233501970768
4 0.25 0.828045666217804 0.027918782085180283 0.04441624507308006
4 0.2354060858488083 0.8591370582580566 0.01903553307056427 0.030456852167844772
4 0.2988578677177429 0.8343908786773682 0.02157360315322876 0.029187817126512527
5 0.5843908786773682 0.9657360315322876 0.06472080945968628 0.04568528011441231
5 0.6503807306289673 0.9397208094596863 0.0596446692943573 0.04441624507308006
4 0.7290608882904053 0.9003807306289673 0.05456852912902832 0.041878171265125275
4 0.5171319842338562 0.989847719669342 0.04949238523840904 0.017766498029232025
9 0.6040608882904053 0.9098984599113464 0.1446700543165207 0.09137056022882462
1 0.7252538204193115 0.8876903653144836 0.006345177534967661 0.013959391042590141
4 0.6294416189193726 0.6484771370887756 0.03553299605846405 0.05076142027974129
4 0.6040608882904053 0.6618020534515381 0.03553299605846405 0.05203045532107353
4 0.5736040472984314 0.6738578677177429 0.030456852167844772 0.05076142027974129
4 0.5209391117095947 0.6967005133628845 0.03172588720917702 0.04568528011441231
4 0.6497461795806885 0.682741105556488 0.025380710139870644 0.0482233501970768
4 0.5558375716209412 0.7062183022499084 0.025380710139870644 0.04441624507308006
4 0.5323604345321655 0.7220812439918518 0.0241116750985384 0.03553299605846405
4 0.7607868313789368 0.6211928725242615 0.01903553307056427 0.04441624507308006
4 0.6573604345321655 0.5133248567581177 0.030456852167844772 0.04695431515574455
4 0.49048224091529846 0.5222080945968628 0.026649747043848038 0.04441624507308006
4 0.5881979465484619 0.4822334945201874 0.03172588720917702 0.04314720630645752
4 0.6142131686210632 0.47588831186294556 0.027918782085180283 0.04314720630645752
4 0.7290608882904053 0.4854061007499695 0.029187817126512527 0.04441624507308006
5 0.7081218361854553 0.44416242837905884 0.030456852167844772 0.0482233501970768
5 0.5831218361854553 0.5374365448951721 0.034263961017131805 0.05456852912902832
4 0.5640863180160522 0.4942893385887146 0.026649747043848038 0.039340101182460785
4 0.7563451528549194 0.4238578677177429 0.030456852167844772 0.04060913622379303
4 0.6954314708709717 0.3375634551048279 0.027918782085180283 0.03807106614112854
4 0.6522842645645142 0.3546954393386841 0.030456852167844772 0.04695431515574455
4 0.4854061007499695 0.41307106614112854 0.026649747043848038 0.04441624507308006
4 0.7220812439918518 0.33058375120162964 0.030456852167844772 0.039340101182460785
4 0.7417512536048889 0.32296955585479736 0.026649747043848038 0.039340101182460785
4 0.529187798500061 0.3217005133628845 0.04314720630645752 0.026649747043848038
4 0.4708121716976166 0.3407360315322876 0.04568528011441231 0.026649747043848038
5 0.49555838108062744 0.3604061007499695 0.06979695707559586 0.04060913622379303
4 0.6129441857337952 0.2899746298789978 0.04314720630645752 0.026649747043848038
1 0.3718274235725403 0.33375635743141174 0.005076142027974129 0.007614213041961193
1 0.4892131984233856 0.28299492597579956 0.006345177534967661 0.010152284055948257
1 0.5761421322822571 0.3064720928668976 0.010152284055948257 0.008883249014616013
1 0.5793147087097168 0.2874365448951721 0.0038071065209805965 0.008883249014616013
1 0.5234771370887756 0.2950507700443268 0.006345177534967661 0.008883249014616013
1 0.5736040472984314 0.26522842049598694 0.005076142027974129 0.010152284055948257
1 0.6694162487983704 0.2525380849838257 0.006345177534967661 0.010152284055948257
1 0.6218274235725403 0.22842639684677124 0.0025380710139870644 0.010152284055948257
1 0.7328680157661438 0.2189086228609085 0.0038071065209805965 0.011421320028603077
1 0.5539340376853943 0.2728426456451416 0.006345177534967661 0.012690355069935322
1 0.5456852912902832 0.2506345212459564 0.007614213041961193 0.011421320028603077
1 0.5114213228225708 0.2614213228225708 0.005076142027974129 0.010152284055948257
1 0.5164974331855774 0.2411167472600937 0.007614213041961193 0.012690355069935322
1 0.4581218361854553 0.26269036531448364 0.007614213041961193 0.010152284055948257
1 0.5076141953468323 0.2607868015766144 0.005076142027974129 0.011421320028603077
1 0.5513959527015686 0.26586294174194336 0.0038071065209805965 0.008883249014616013
1 0.5761421322822571 0.2848984897136688 0.005076142027974129 0.008883249014616013
1 0.6186548471450806 0.22525380551815033 0.0038071065209805965 0.008883249014616013
1 0.7303299307823181 0.21446700394153595 0.0038071065209805965 0.010152284055948257
1 0.5634517669677734 0.20558375120162964 0.005076142027974129 0.012690355069935322
1 0.45304569602012634 0.25761422514915466 0.005076142027974129 0.010152284055948257
1 0.6453045606613159 0.26332488656044006 0.0038071065209805965 0.008883249014616013
1 0.567893385887146 0.20812182128429413 0.006345177534967661 0.010152284055948257
5 0.711294412612915 0.2620558440685272 0.04441624507308006 0.029187817126512527
6 0.4720812141895294 0.16434010863304138 0.06598984450101852 0.07233502715826035
5 0.635152280330658 0.045050762593746185 0.04441624507308006 0.036802031099796295
5 0.6871827244758606 0.04060913622379303 0.039340101182460785 0.03299492225050926
1 0.6383248567581177 0.17449238896369934 0.005076142027974129 0.011421320028603077
1 0.6478426456451416 0.16243654489517212 0.0038071065209805965 0.007614213041961193
1 0.700507640838623 0.15989847481250763 0.0025380710139870644 0.012690355069935322
1 0.6947969794273376 0.12880711257457733 0.0038071065209805965 0.006345177534967661
1 0.7569797039031982 0.1275380700826645 0.0038071065209805965 0.008883249014616013
1 0.7525380849838257 0.12373096495866776 0.005076142027974129 0.008883249014616013
1 0.7468274235725403 0.12436547875404358 0.0038071065209805965 0.010152284055948257
1 0.7442893385887146 0.17956852912902832 0.0038071065209805965 0.006345177534967661
1 0.7392131686210632 0.17956852912902832 0.0038071065209805965 0.011421320028603077
1 0.7449238300323486 0.17766498029232025 0.0025380710139870644 0.012690355069935322
1 0.6960659623146057 0.12309644371271133 0.0038071065209805965 0.007614213041961193
1 0.6357868313789368 0.17131979763507843 0.005076142027974129 0.010152284055948257
1 0.6840101480484009 0.1078680232167244 0.005076142027974129 0.010152284055948257
1 0.6782994866371155 0.10977157205343246 0.0038071065209805965 0.008883249014616013
1 0.6579949259757996 0.11484771221876144 0.0038071065209805965 0.006345177534967661
1 0.6516497731208801 0.11484771221876144 0.006345177534967661 0.008883249014616013
1 0.5812183022499084 0.09263959527015686 0.005076142027974129 0.010152284055948257
1 0.5767766237258911 0.09454314410686493 0.0038071065209805965 0.008883249014616013
1 0.5653553009033203 0.11421319842338562 0.0038071065209805965 0.010152284055948257
1 0.557106614112854 0.11992385983467102 0.005076142027974129 0.008883249014616013
1 0.5590101480484009 0.10850253701210022 0.0038071065209805965 0.006345177534967661
1 0.5564720630645752 0.10977157205343246 0.0038071065209805965 0.008883249014616013
1 0.5526649951934814 0.11548223346471786 0.0038071065209805965 0.007614213041961193
1 0.5057106614112854 0.09137056022882462 0.006345177534967661 0.010152284055948257
1 0.510152280330658 0.06154822185635567 0.005076142027974129 0.011421320028603077
1 0.4720812141895294 0.08883249014616013 0.005076142027974129 0.010152284055948257
1 0.5114213228225708 0.05774111673235893 0.005076142027974129 0.013959391042590141
1 0.5761421322822571 0.0241116750985384 0.005076142027974129 0.007614213041961193
0 0.5907360315322876 0.030456852167844772 0.02157360315322876 0.03299492225050926
1 0.5767766237258911 0.03172588720917702 0.006345177534967661 0.007614213041961193
5 0.9029187560081482 0.020304568111896515 0.04695431515574455 0.027918782085180283
5 0.9029187560081482 0.007614213041961193 0.039340101182460785 0.015228426083922386
0 0.8699238300323486 0.07043147087097168 0.01649746112525463 0.02157360315322876
1 0.9447969794273376 0.008248730562627316 0.0038071065209805965 0.008883249014616013
1 0.9524111747741699 0.006345177534967661 0.0038071065209805965 0.007614213041961193
1 0.9949238300323486 0.0120558375492692 0.005076142027974129 0.008883249014616013
1 0.9676395654678345 0.025380710139870644 0.0038071065209805965 0.010152284055948257
1 0.9638324975967407 0.026015227660536766 0.006345177534967661 0.008883249014616013
1 0.9619289636611938 0.03616751357913017 0.005076142027974129 0.008883249014616013
1 0.9200507402420044 0.07233502715826035 0.005076142027974129 0.010152284055948257
1 0.9879441857337952 0.0596446692943573 0.0038071065209805965 0.010152284055948257
1 0.9942893385887146 0.058375634253025055 0.0038071065209805965 0.010152284055948257
1 0.9961928725242615 0.08375634253025055 0.005076142027974129 0.010152284055948257
1 0.9638324975967407 0.09898477047681808 0.0038071065209805965 0.010152284055948257
1 0.9447969794273376 0.10913705825805664 0.0038071065209805965 0.012690355069935322
1 0.8991116881370544 0.0964467003941536 0.0038071065209805965 0.010152284055948257
1 0.8946700692176819 0.0939086303114891 0.005076142027974129 0.010152284055948257
1 0.8838832378387451 0.10850253701210022 0.006345177534967661 0.011421320028603077
1 0.8788071274757385 0.10723350197076797 0.0038071065209805965 0.011421320028603077
1 0.8052030205726624 0.1192893385887146 0.006345177534967661 0.012690355069935322
1 0.8045685291290283 0.0996192917227745 0.005076142027974129 0.006345177534967661
1 0.8312183022499084 0.1453045755624771 0.005076142027974129 0.011421320028603077
1 0.8439086079597473 0.15418781340122223 0.0025380710139870644 0.008883249014616013
1 0.8705583810806274 0.170685276389122 0.005076142027974129 0.008883249014616013
1 0.875 0.19162435829639435 0.0038071065209805965 0.007614213041961193
1 0.8826141953468323 0.175761416554451 0.0038071065209805965 0.008883249014616013
1 0.9676395654678345 0.22588832676410675 0.0038071065209805965 0.010152284055948257
1 0.9720812439918518 0.2214467078447342 0.0025380710139870644 0.011421320028603077
1 0.9752538204193115 0.2157360464334488 0.0038071065209805965 0.010152284055948257
1 0.9841370582580566 0.21700507402420044 0.0038071065209805965 0.012690355069935322
1 0.9695431590080261 0.017131980508565903 0.0025380710139870644 0.008883249014616013
0 0.9739847779273987 0.02728426456451416 0.008883249014616013 0.013959391042590141
1 0.9467005133628845 0.03236040472984314 0.005076142027974129 0.006345177534967661
1 0.9511421322822571 0.033629439771175385 0.0038071065209805965 0.011421320028603077
1 0.9409898519515991 0.034263961017131805 0.0038071065209805965 0.012690355069935322
1 0.8432741165161133 0.14340101182460785 0.0038071065209805965 0.010152284055948257
1 0.8826141953468323 0.1700507551431656 0.006345177534967661 0.012690355069935322
5 0.9098984599113464 0.21700507402420044 0.04060913622379303 0.03807106614112854
5 0.8527919054031372 0.2100253850221634 0.04314720630645752 0.029187817126512527
4 0.8064720630645752 0.2982233464717865 0.029187817126512527 0.03553299605846405
9 0.9809644818305969 0.36548224091529846 0.03807106614112854 0.0710659921169281
9 0.9676395654678345 0.48667511343955994 0.05203045532107353 0.07487309724092484
6 0.970812201499939 0.4175126850605011 0.04568528011441231 0.06598984450101852
4 0.9397208094596863 0.5336294174194336 0.04441624507308006 0.04695431515574455
1 0.8616751432418823 0.32296955585479736 0.005076142027974129 0.013959391042590141
1 0.9854061007499695 0.4600253701210022 0.006345177534967661 0.013959391042590141
1 0.9980964660644531 0.44479694962501526 0.0038071065209805965 0.008883249014616013
1 0.9873096346855164 0.5742385983467102 0.005076142027974129 0.008883249014616013
4 0.8128172755241394 0.6186548471450806 0.02157360315322876 0.034263961017131805
4 0.9194162487983704 0.567893385887146 0.01903553307056427 0.029187817126512527
4 0.835659921169281 0.5983502268791199 0.02157360315322876 0.026649747043848038
4 0.8140863180160522 0.6072335243225098 0.01903553307056427 0.034263961017131805
0 0.8489847779273987 0.6338832378387451 0.027918782085180283 0.02157360315322876
10 0.9860405921936035 0.6123096346855164 0.017766498029232025 0.013959391042590141
5 0.9828680157661438 0.750634491443634 0.034263961017131805 0.04695431515574455
1 0.9498730897903442 0.8305837512016296 0.006345177534967661 0.011421320028603077
1 0.9511421322822571 0.8432741165161133 0.006345177534967661 0.008883249014616013
1 0.9619289636611938 0.9682741165161133 0.007614213041961193 0.007614213041961193
4 0.7918781638145447 0.8705583810806274 0.055837564170360565 0.04060913622379303
