0 0.3633333444595337 0.08190476149320602 0.02380952425301075 0.032380953431129456
4 0.37285715341567993 0.10238095372915268 0.004761904943734407 0.006666666828095913
4 0.3623809516429901 0.10619047284126282 0.004761904943734407 0.004761904943734407
4 0.380476176738739 0.12428571283817291 0.004761904943734407 0.0028571428265422583
4 0.3819047510623932 0.13333334028720856 0.0057142856530845165 0.007619047537446022
4 0.3742857277393341 0.11238095164299011 0.003809523768723011 0.007619047537446022
4 0.3980952501296997 0.1733333319425583 0.007619047537446022 0.007619047537446022
4 0.38999998569488525 0.19333332777023315 0.006666666828095913 0.011428571306169033
4 0.3938095271587372 0.14380952715873718 0.006666666828095913 0.003809523768723011
4 0.4161904752254486 0.26571428775787354 0.011428571306169033 0.015238095074892044
4 0.4233333468437195 0.24619047343730927 0.010476190596818924 0.010476190596818924
9 0.4414285719394684 0.2433333396911621 0.016190476715564728 0.016190476715564728
5 0.4342857003211975 0.27142858505249023 0.009523809887468815 0.011428571306169033
5 0.4233333468437195 0.30095237493515015 0.014285714365541935 0.013333333656191826
5 0.43904760479927063 0.33761903643608093 0.011428571306169033 0.016190476715564728
5 0.4585714340209961 0.4028571546077728 0.014285714365541935 0.024761904031038284
5 0.465238094329834 0.5004761815071106 0.019999999552965164 0.03333333507180214
4 0.5247619152069092 0.48619046807289124 0.01904761977493763 0.019999999552965164
4 0.4947619140148163 0.49714285135269165 0.02380952425301075 0.02666666731238365
4 0.49190476536750793 0.40666666626930237 0.016190476715564728 0.01904761977493763
4 0.4695238173007965 0.43095237016677856 0.017142856493592262 0.02190476283431053
4 0.4528571367263794 0.3819047510623932 0.012380952015519142 0.020952381193637848
5 0.441904753446579 0.3561904728412628 0.015238095074892044 0.01904761977493763
5 0.16190476715564728 0.3871428668498993 0.015238095074892044 0.018095238134264946
4 0.17952381074428558 0.3880952298641205 0.014285714365541935 0.016190476715564728
1 0.1552380919456482 0.4409523904323578 0.003809523768723011 0.007619047537446022
4 0.0 0.6066666841506958 0.0 0.030476190149784088
4 0.02190476283431053 0.619523823261261 0.04380952566862106 0.02190476283431053
4 0.07666666805744171 0.6119047403335571 0.05047618970274925 0.019999999552965164
4 0.142380952835083 0.6476190686225891 0.04285714402794838 0.024761904031038284
4 0.3033333420753479 0.604285717010498 0.05047618970274925 0.019999999552965164
4 0.13523809611797333 0.6090475916862488 0.03809523954987526 0.019999999552965164
4 0.3442857265472412 0.5090476274490356 0.016190476715564728 0.03142857179045677
4 0.346190482378006 0.5461905002593994 0.019999999552965164 0.03142857179045677
4 0.2023809552192688 0.40857142210006714 0.03523809462785721 0.013333333656191826
4 0.19285714626312256 0.4280952513217926 0.04095238074660301 0.012380952015519142
4 0.19238094985485077 0.4328571557998657 0.03809523954987526 0.014285714365541935
4 0.1852380931377411 0.4461904764175415 0.03523809462785721 0.012380952015519142
4 0.18666666746139526 0.4580952525138855 0.03619047626852989 0.015238095074892044
4 0.1790476143360138 0.476666659116745 0.03999999910593033 0.018095238134264946
4 0.17571428418159485 0.4933333396911621 0.04285714402794838 0.017142856493592262
4 0.1733333319425583 0.5066666603088379 0.0476190485060215 0.01904761977493763
4 0.16523809731006622 0.5242857336997986 0.046666666865348816 0.016190476715564728
4 0.16571427881717682 0.5314285755157471 0.03999999910593033 0.009523809887468815
5 0.16238094866275787 0.5438095331192017 0.04095238074660301 0.015238095074892044
5 0.15857142210006714 0.5561904907226562 0.04285714402794838 0.022857142612338066
4 0.1776190549135208 0.5709523558616638 0.04285714402794838 0.02190476283431053
4 0.21952380239963531 0.5690476298332214 0.03333333507180214 0.016190476715564728
5 0.26476189494132996 0.5671428442001343 0.04380952566862106 0.019999999552965164
5 0.3152380883693695 0.5661904811859131 0.03619047626852989 0.019999999552965164
5 0.1909523755311966 0.6052380800247192 0.04476190358400345 0.02380952425301075
5 0.15571428835391998 0.6290476322174072 0.04476190358400345 0.02380952425301075
10 0.5152381062507629 0.44238096475601196 0.007619047537446022 0.010476190596818924
2 0.5142857432365417 0.43904760479927063 0.007619047537446022 0.013333333656191826
4 0.5028571486473083 0.5442857146263123 0.024761904031038284 0.03333333507180214
4 0.5423809289932251 0.6390476226806641 0.027619047090411186 0.03999999910593033
4 0.5342857241630554 0.726190447807312 0.030476190149784088 0.046666666865348816
4 0.5880952477455139 0.7799999713897705 0.03142857179045677 0.051428571343421936
4 0.6452381014823914 0.7252380847930908 0.03142857179045677 0.04476190358400345
5 0.569523811340332 0.6995238065719604 0.034285712987184525 0.05428571254014969
5 0.5138095021247864 0.6523809432983398 0.02190476283431053 0.04380952566862106
4 0.4947619140148163 0.6014285683631897 0.02380952425301075 0.03523809462785721
5 0.6204761862754822 0.5909523963928223 0.019999999552965164 0.03142857179045677
4 0.6309523582458496 0.9114285707473755 0.04095238074660301 0.07047618925571442
5 0.5823809504508972 0.8795238137245178 0.03142857179045677 0.06380952149629593
0 0.40190476179122925 0.9261904954910278 0.09904761612415314 0.07523809373378754
1 0.4647619128227234 0.8619047403335571 0.007619047537446022 0.015238095074892044
1 0.3919047713279724 0.8795238137245178 0.006666666828095913 0.012380952015519142
10 0.44999998807907104 0.854285717010498 0.012380952015519142 0.02666666731238365
10 0.48571428656578064 0.9104762077331543 0.013333333656191826 0.022857142612338066
10 0.4895237982273102 0.949999988079071 0.015238095074892044 0.03523809462785721
10 0.5276190638542175 0.8885714411735535 0.022857142612338066 0.013333333656191826
10 0.5247619152069092 0.7857142686843872 0.013333333656191826 0.020952381193637848
10 0.49095237255096436 0.7071428298950195 0.02190476283431053 0.010476190596818924
10 0.6633333563804626 0.6228571534156799 0.014285714365541935 0.009523809887468815
10 0.6733333468437195 0.6871428489685059 0.015238095074892044 0.014285714365541935
10 0.6828571557998657 0.6961904764175415 0.01904761977493763 0.015238095074892044
10 0.7923809289932251 0.5571428537368774 0.0057142856530845165 0.007619047537446022
10 0.8390476107597351 0.5190476179122925 0.011428571306169033 0.009523809887468815
2 0.48571428656578064 0.9071428775787354 0.009523809887468815 0.012380952015519142
2 0.49000000953674316 0.9442856907844543 0.008571428246796131 0.016190476715564728
2 0.45476189255714417 0.988095223903656 0.012380952015519142 0.02190476283431053
1 0.403809517621994 0.9823809266090393 0.015238095074892044 0.02190476283431053
1 0.5066666603088379 0.9442856907844543 0.011428571306169033 0.02190476283431053
1 0.5304762125015259 0.8447619080543518 0.0057142856530845165 0.017142856493592262
1 0.4747619032859802 0.7914285659790039 0.008571428246796131 0.017142856493592262
1 0.5052381157875061 0.7642857432365417 0.006666666828095913 0.014285714365541935
1 0.4690476059913635 0.7142857313156128 0.008571428246796131 0.015238095074892044
2 0.4928571283817291 0.7057142853736877 0.008571428246796131 0.011428571306169033
2 0.4876190423965454 0.7061904668807983 0.009523809887468815 0.010476190596818924
2 0.44904762506484985 0.8504762053489685 0.008571428246796131 0.013333333656191826
2 0.5299999713897705 0.8895238041877747 0.014285714365541935 0.015238095074892044
2 0.5271428823471069 0.8604761958122253 0.008571428246796131 0.019999999552965164
2 0.5252380967140198 0.7871428728103638 0.008571428246796131 0.012380952015519142
2 0.8390476107597351 0.5152381062507629 0.007619047537446022 0.009523809887468815
2 0.7919047474861145 0.5557143092155457 0.004761904943734407 0.004761904943734407
2 0.6642857193946838 0.616190493106842 0.008571428246796131 0.013333333656191826
2 0.6752380728721619 0.6838095188140869 0.007619047537446022 0.015238095074892044
2 0.6790476441383362 0.6995238065719604 0.009523809887468815 0.018095238134264946
2 0.7633333206176758 0.5804761648178101 0.006666666828095913 0.012380952015519142
2 0.7628571391105652 0.5571428537368774 0.007619047537446022 0.0057142856530845165
10 0.760952353477478 0.561904788017273 0.011428571306169033 0.011428571306169033
1 0.6504762172698975 0.7571428418159485 0.007619047537446022 0.013333333656191826
4 0.7138095498085022 0.8233333230018616 0.037142857909202576 0.05428571254014969
5 0.6971428394317627 0.7599999904632568 0.02857142873108387 0.03619047626852989
1 0.6895238161087036 0.7661904692649841 0.007619047537446022 0.014285714365541935
1 0.6404761672019958 0.5723809599876404 0.006666666828095913 0.015238095074892044
0 0.8214285969734192 0.5471428632736206 0.029523810371756554 0.019999999552965164
1 0.869523823261261 0.5004761815071106 0.009523809887468815 0.012380952015519142
10 0.4523809552192688 0.9876190423965454 0.02666666731238365 0.017142856493592262
1 0.5176190733909607 0.7657142877578735 0.008571428246796131 0.01904761977493763
1 0.4647619128227234 0.961904764175415 0.015238095074892044 0.01904761977493763
1 0.4690476059913635 0.942380964756012 0.008571428246796131 0.012380952015519142
1 0.46238094568252563 0.949999988079071 0.006666666828095913 0.018095238134264946
4 0.7447618842124939 0.4580952525138855 0.032380953431129456 0.01904761977493763
4 0.7542856931686401 0.44952380657196045 0.034285712987184525 0.01904761977493763
4 0.7647619247436523 0.44238096475601196 0.02857142873108387 0.018095238134264946
4 0.7719047665596008 0.43238094449043274 0.02190476283431053 0.015238095074892044
4 0.9538094997406006 0.4000000059604645 0.019999999552965164 0.017142856493592262
0 0.991428554058075 0.29571428894996643 0.017142856493592262 0.058095239102840424
0 0.9895238280296326 0.3566666543483734 0.020952381193637848 0.037142857909202576
0 0.9847618937492371 0.3985714316368103 0.01904761977493763 0.029523810371756554
0 0.9438095092773438 0.4228571355342865 0.030476190149784088 0.022857142612338066
0 0.9109523892402649 0.4466666579246521 0.016190476715564728 0.022857142612338066
1 0.8747618794441223 0.4690476059913635 0.006666666828095913 0.014285714365541935
4 0.7095237970352173 0.09428571164608002 0.009523809887468815 0.0057142856530845165
4 0.7176190614700317 0.1009523794054985 0.008571428246796131 0.0057142856530845165
4 0.726190447807312 0.0947619080543518 0.006666666828095913 0.004761904943734407
4 0.7319047451019287 0.1009523794054985 0.004761904943734407 0.007619047537446022
4 0.6947619318962097 0.08761905133724213 0.004761904943734407 0.003809523768723011
4 0.7090476155281067 0.08809524029493332 0.0028571428265422583 0.0009523809421807528
