4 0.45523810386657715 0.011428571306169033 0.02857142873108387 0.022857142612338066
4 0.3766666650772095 0.014761905185878277 0.027619047090411186 0.029523810371756554
4 0.34333333373069763 0.03095238097012043 0.029523810371756554 0.039047617465257645
10 0.296190470457077 0.020952381193637848 0.024761904031038284 0.01904761977493763
4 0.4628571569919586 0.03095238097012043 0.02857142873108387 0.029523810371756554
4 0.37761905789375305 0.0357142873108387 0.025714285671710968 0.03142857179045677
5 0.3790476322174072 0.058571428060531616 0.02666666731238365 0.037142857909202576
4 0.3819047510623932 0.09047619253396988 0.034285712987184525 0.032380953431129456
4 0.3871428668498993 0.12666666507720947 0.037142857909202576 0.041904762387275696
4 0.33523809909820557 0.13476189970970154 0.03619047626852989 0.04095238074660301
5 0.49047619104385376 0.10190476477146149 0.03619047626852989 0.04571428522467613
10 0.5057142972946167 0.07904762029647827 0.011428571306169033 0.01904761977493763
10 0.4757142961025238 0.07619047909975052 0.012380952015519142 0.01904761977493763
10 0.5299999713897705 0.034761905670166016 0.02190476283431053 0.016190476715564728
10 0.5342857241630554 0.041904762387275696 0.01904761977493763 0.011428571306169033
10 0.545714259147644 0.0533333346247673 0.022857142612338066 0.020952381193637848
10 0.23095238208770752 0.10952381044626236 0.02190476283431053 0.020952381193637848
1 0.24761904776096344 0.1133333370089531 0.015238095074892044 0.03619047626852989
4 0.24142856895923615 0.16571427881717682 0.04285714402794838 0.051428571343421936
4 0.37714284658432007 0.1966666728258133 0.04380952566862106 0.058095239102840424
10 0.5214285850524902 0.13380952179431915 0.008571428246796131 0.025714285671710968
3 0.538095235824585 0.14000000059604645 0.011428571306169033 0.02857142873108387
10 0.583809494972229 0.11095237731933594 0.024761904031038284 0.018095238134264946
10 0.595714271068573 0.13476189970970154 0.014285714365541935 0.02380952425301075
1 0.5580952167510986 0.20380952954292297 0.013333333656191826 0.03619047626852989
4 0.6209523677825928 0.2085714340209961 0.095238097012043 0.03999999910593033
5 0.5409523844718933 0.27666667103767395 0.06857142597436905 0.09238095581531525
1 0.6933333277702332 0.32523810863494873 0.02666666731238365 0.04476190358400345
1 0.6580952405929565 0.3319047689437866 0.017142856493592262 0.03333333507180214
1 0.6519047617912292 0.30523809790611267 0.012380952015519142 0.03333333507180214
4 0.5861904621124268 0.4409523904323578 0.0771428570151329 0.10857142508029938
4 0.322857141494751 0.2566666603088379 0.041904762387275696 0.06761904805898666
4 0.38333332538604736 0.2552380859851837 0.046666666865348816 0.060952380299568176
4 0.38238096237182617 0.3319047689437866 0.05238095298409462 0.06952381134033203
4 0.31285715103149414 0.39714285731315613 0.06380952149629593 0.10476190596818924
4 0.1847619116306305 0.3042857050895691 0.06285714358091354 0.08857142925262451
1 0.2504761815071106 0.31857141852378845 0.015238095074892044 0.029523810371756554
1 0.26619046926498413 0.3152380883693695 0.018095238134264946 0.04571428522467613
4 0.2966666519641876 0.523809552192688 0.07333333045244217 0.11619047820568085
4 0.39095237851142883 0.5557143092155457 0.0714285746216774 0.14571428298950195
4 0.4933333396911621 0.5299999713897705 0.07619047909975052 0.14190475642681122
4 0.38857144117355347 0.7276190519332886 0.09333333373069763 0.1847619116306305
10 0.03809523954987526 0.7099999785423279 0.05904762074351311 0.06380952149629593
4 0.38857144117355347 0.9323809742927551 0.1009523794054985 0.12952381372451782
4 0.6876190304756165 0.7980952262878418 0.1371428519487381 0.2133333384990692
4 0.6219047904014587 0.5933333039283752 0.10285714268684387 0.15047618746757507
3 0.5819047689437866 0.7104762196540833 0.034285712987184525 0.060952380299568176
2 0.5761904716491699 0.6795238256454468 0.020952381193637848 0.04857143014669418
10 0.9785714149475098 0.7690476179122925 0.039047617465257645 0.03523809462785721
3 0.9438095092773438 0.6990476250648499 0.06857142597436905 0.034285712987184525
