4 0.0180890541523695 0.22448979318141937 0.036178108304739 0.0371057502925396
4 0.041280146688222885 0.41790351271629333 0.06586270779371262 0.04359925910830498
4 0.12847866117954254 0.4596475064754486 0.0695732831954956 0.04359925910830498
4 0.20547309517860413 0.4939703047275543 0.07513915002346039 0.05473098158836365
5 0.2926716208457947 0.5357142686843872 0.0732838585972786 0.05287569388747215
4 0.3817254304885864 0.581632673740387 0.08441558480262756 0.05380333960056305
3 0.4002783000469208 0.6182745695114136 0.02875695750117302 0.02504638209939003
1 0.4025973975658417 0.6145640015602112 0.014842300675809383 0.02504638209939003
4 0.4939703047275543 0.6358998417854309 0.09183673560619354 0.06400742381811142
4 0.6122449040412903 0.6975881457328796 0.1076066792011261 0.06864564120769501
4 0.7402597665786743 0.758348822593689 0.1076066792011261 0.06771799921989441
4 0.8571428656578064 0.8566790223121643 0.12244898080825806 0.08256029337644577
6 0.8798701167106628 0.8172541856765747 0.11224489659070969 0.07792207598686218
4 0.9434137344360352 0.5936920046806335 0.09833024442195892 0.06493506580591202
4 0.9652133584022522 0.5361781120300293 0.06771799921989441 0.05009276419878006
1 0.9253246784210205 0.7017624974250793 0.019480518996715546 0.01762523129582405
4 0.8371984958648682 0.09508349001407623 0.04359925910830498 0.02504638209939003
4 0.8696660399436951 0.0709647461771965 0.034322820603847504 0.01762523129582405
4 0.8882189393043518 0.05658626928925514 0.030612245202064514 0.0185528751462698
4 0.704081654548645 0.11734694242477417 0.04267161339521408 0.02504638209939003
4 0.6818181872367859 0.19202226400375366 0.055658627301454544 0.03339517489075661
4 0.48886826634407043 0.30333951115608215 0.055658627301454544 0.0371057502925396
4 0.007421150337904692 0.6363636255264282 0.014842300675809383 0.04638218879699707
10 0.11966604739427567 0.7518553137779236 0.03153988718986511 0.02504638209939003
4 0.2945269048213959 0.7796846032142639 0.09369201958179474 0.07884972542524338
4 0.40862709283828735 0.8432282209396362 0.07699443399906158 0.0742115005850792
10 0.3511131703853607 0.880797803401947 0.02133580669760704 0.026901669800281525
10 0.47495362162590027 0.9619666337966919 0.014842300675809383 0.04267161339521408
4 0.5347866415977478 0.9188311696052551 0.11966604739427567 0.10111317038536072
3 0.5417439937591553 0.9856215119361877 0.0371057502925396 0.02133580669760704
4 0.11410018801689148 0.6702226400375366 0.07977736741304398 0.0695732831954956
