4 0.03236040472984314 0.9447969794273376 0.06472080945968628 0.10532994568347931
1 0.07741116732358932 0.4822334945201874 0.012690355069935322 0.017766498029232025
1 0.0850253775715828 0.4568527936935425 0.010152284055948257 0.022842640057206154
4 0.30583757162094116 0.624365508556366 0.0964467003941536 0.08629441261291504
9 0.5076141953468323 0.5082487463951111 0.10659898817539215 0.11802030354738235
4 0.5818527936935425 0.5177664756774902 0.07487309724092484 0.07868020236492157
4 0.6992385983467102 0.5901015400886536 0.06852792203426361 0.08375634253025055
4 0.7728426456451416 0.28553298115730286 0.06598984450101852 0.06852792203426361
9 0.9384517669677734 0.28236040472984314 0.11548223346471786 0.0850253775715828
9 0.8883248567581177 0.44987308979034424 0.1928934007883072 0.20685279369354248
1 0.9390863180160522 0.5634517669677734 0.027918782085180283 0.025380710139870644
1 0.9416243433952332 0.549492359161377 0.022842640057206154 0.020304568111896515
1 0.9619289636611938 0.557741105556488 0.012690355069935322 0.02157360315322876
1 0.9758883118629456 0.5685279369354248 0.007614213041961193 0.03299492225050926
1 0.9860405921936035 0.5279187560081482 0.025380710139870644 0.027918782085180283
1 0.9771573543548584 0.42449238896369934 0.04568528011441231 0.0850253775715828
1 0.9340101480484009 0.7366751432418823 0.017766498029232025 0.026649747043848038
