4 0.10523809492588043 0.008571428246796131 0.04095238074660301 0.017142856493592262
4 0.16428571939468384 0.010952381417155266 0.037142857909202576 0.018095238134264946
4 0.28238093852996826 0.013809523545205593 0.04857143014669418 0.018095238134264946
9 0.26571428775787354 0.03761904686689377 0.09904761612415314 0.029523810371756554
0 0.22904762625694275 0.0652380958199501 0.018095238134264946 0.016190476715564728
0 0.19571428000926971 0.07476190477609634 0.016190476715564728 0.016190476715564728
5 0.35333332419395447 0.016190476715564728 0.04380952566862106 0.01904761977493763
5 0.392380952835083 0.006190476007759571 0.04380952566862106 0.012380952015519142
5 0.4533333480358124 0.009523809887468815 0.041904762387275696 0.01904761977493763
5 0.41428571939468384 0.034761905670166016 0.03809523954987526 0.02190476283431053
4 0.40761905908584595 0.053809523582458496 0.03809523954987526 0.02190476283431053
4 0.42523810267448425 0.01904761977493763 0.039047617465257645 0.020952381193637848
4 0.557619035243988 0.08523809164762497 0.039047617465257645 0.019999999552965164
0 0.3214285671710968 0.08380952477455139 0.016190476715564728 0.017142856493592262
0 0.43095237016677856 0.06714285910129547 0.014285714365541935 0.014285714365541935
10 0.46666666865348816 0.07523809373378754 0.017142856493592262 0.011428571306169033
10 0.4995238184928894 0.04714285582304001 0.018095238134264946 0.010476190596818924
2 0.5 0.041904762387275696 0.007619047537446022 0.009523809887468815
2 0.4647619128227234 0.07000000029802322 0.0057142856530845165 0.008571428246796131
2 0.5790476202964783 0.10857142508029938 0.0057142856530845165 0.011428571306169033
2 0.5333333611488342 0.2914285659790039 0.009523809887468815 0.009523809887468815
2 0.5652381181716919 0.09857142716646194 0.004761904943734407 0.006666666828095913
3 0.5676190257072449 0.1014285683631897 0.015238095074892044 0.008571428246796131
3 0.5404762029647827 0.13238094747066498 0.016190476715564728 0.009523809887468815
10 0.5809524059295654 0.11238095164299011 0.015238095074892044 0.013333333656191826
8 0.5357142686843872 0.28904762864112854 0.016190476715564728 0.03142857179045677
2 0.5409523844718933 0.12714286148548126 0.0057142856530845165 0.012380952015519142
1 0.49619048833847046 0.23904761672019958 0.007619047537446022 0.013333333656191826
0 0.5676190257072449 0.0533333346247673 0.04952380806207657 0.04380952566862106
0 0.5909523963928223 0.011904762126505375 0.014285714365541935 0.02380952425301075
0 0.5719047784805298 0.0028571428265422583 0.018095238134264946 0.0057142856530845165
5 0.5409523844718933 0.47857141494750977 0.032380953431129456 0.058095239102840424
9 0.4414285719394684 0.5528571605682373 0.07333333045244217 0.11714285612106323
10 0.19857142865657806 0.48571428656578064 0.010476190596818924 0.020952381193637848
4 0.4280952513217926 0.8152381181716919 0.04476190358400345 0.07809523493051529
4 0.43142858147621155 0.9585714340209961 0.0476190485060215 0.07904762029647827
4 0.5842857360839844 0.8028571605682373 0.039047617465257645 0.07238095253705978
4 0.596666693687439 0.9333333373069763 0.03523809462785721 0.06285714358091354
5 0.5509523749351501 0.9352381229400635 0.04476190358400345 0.07809523493051529
4 0.6057142615318298 0.6976190209388733 0.03619047626852989 0.06380952149629593
9 0.6376190185546875 0.9766666889190674 0.056190475821495056 0.04476190358400345
4 0.6766666769981384 0.7771428823471069 0.03333333507180214 0.060952380299568176
4 0.6271428465843201 0.8180952668190002 0.037142857909202576 0.07238095253705978
4 0.6452381014823914 0.7423809766769409 0.03142857179045677 0.05999999865889549
4 0.7457143068313599 0.6504762172698975 0.02857142873108387 0.05714285746216774
4 0.6280952095985413 0.6104761958122253 0.03142857179045677 0.060952380299568176
4 0.6709523797035217 0.5690476298332214 0.03142857179045677 0.037142857909202576
4 0.6895238161087036 0.5157142877578735 0.02857142873108387 0.05047618970274925
4 0.7247619032859802 0.5214285850524902 0.030476190149784088 0.04857143014669418
4 0.7142857313156128 0.6023809313774109 0.034285712987184525 0.06190476194024086
5 0.6647619009017944 0.6438094973564148 0.032380953431129456 0.05714285746216774
5 0.6933333277702332 0.6904761791229248 0.034285712987184525 0.06666667014360428
5 0.6476190686225891 0.523809552192688 0.032380953431129456 0.0533333346247673
10 0.7557142972946167 0.7461904883384705 0.010476190596818924 0.02380952425301075
10 0.726190447807312 0.7942857146263123 0.010476190596818924 0.02857142873108387
10 0.7733333110809326 0.4833333194255829 0.009523809887468815 0.02380952425301075
2 0.726190447807312 0.7942857146263123 0.010476190596818924 0.011428571306169033
2 0.7561904788017273 0.7452380657196045 0.009523809887468815 0.008571428246796131
2 0.773809552192688 0.47952380776405334 0.004761904943734407 0.010476190596818924
5 0.6657142639160156 0.051428571343421936 0.024761904031038284 0.032380953431129456
4 0.6966666579246521 0.16809523105621338 0.019999999552965164 0.03333333507180214
4 0.7109524011611938 0.25809523463249207 0.02190476283431053 0.03809523954987526
4 0.7623809576034546 0.04523809626698494 0.018095238134264946 0.029523810371756554
4 0.7447618842124939 0.11142857372760773 0.020952381193637848 0.030476190149784088
4 0.691428542137146 0.346190482378006 0.024761904031038284 0.04095238074660301
4 0.6780952215194702 0.41523808240890503 0.02666666731238365 0.04380952566862106
4 0.7071428298950195 0.4342857003211975 0.027619047090411186 0.041904762387275696
4 0.7242857217788696 0.36714285612106323 0.025714285671710968 0.046666666865348816
5 0.7485714554786682 0.41380953788757324 0.02857142873108387 0.046666666865348816
5 0.7833333611488342 0.4233333468437195 0.027619047090411186 0.04857143014669418
5 0.795714259147644 0.3442857265472412 0.02190476283431053 0.037142857909202576
9 0.7676190733909607 0.31095239520072937 0.03619047626852989 0.0657142847776413
5 0.7790476083755493 0.24571429193019867 0.01904761977493763 0.03619047626852989
4 0.7461904883384705 0.23714286088943481 0.025714285671710968 0.03619047626852989
4 0.7666666507720947 0.16476190090179443 0.020952381193637848 0.034285712987184525
4 0.7947618961334229 0.167142853140831 0.019999999552965164 0.03333333507180214
4 0.7780952453613281 0.10523809492588043 0.020952381193637848 0.03142857179045677
10 0.807619035243988 0.12047619372606277 0.009523809887468815 0.016190476715564728
10 0.819523811340332 0.11714285612106323 0.006666666828095913 0.017142856493592262
10 0.842380940914154 0.1361904740333557 0.010476190596818924 0.011428571306169033
10 0.8514285683631897 0.09285714477300644 0.0057142856530845165 0.014285714365541935
10 0.8833333253860474 0.14095237851142883 0.006666666828095913 0.013333333656191826
10 0.8528571724891663 0.13904762268066406 0.006666666828095913 0.011428571306169033
10 0.8357142806053162 0.09380952268838882 0.006666666828095913 0.014285714365541935
10 0.8147618770599365 0.07380952686071396 0.004761904943734407 0.012380952015519142
10 0.8471428751945496 0.009999999776482582 0.004761904943734407 0.012380952015519142
10 0.8304761648178101 0.029999999329447746 0.0057142856530845165 0.014285714365541935
10 0.8342857360839844 0.0595238097012043 0.007619047537446022 0.014285714365541935
10 0.8519047498703003 0.05904762074351311 0.004761904943734407 0.017142856493592262
2 0.8519047498703003 0.09142857044935226 0.004761904943734407 0.009523809887468815
2 0.8438095450401306 0.13333334028720856 0.0057142856530845165 0.009523809887468815
2 0.8528571724891663 0.1376190483570099 0.006666666828095913 0.010476190596818924
2 0.8847619295120239 0.14000000059604645 0.007619047537446022 0.009523809887468815
2 0.8071428537368774 0.11809524148702621 0.008571428246796131 0.011428571306169033
2 0.8190476298332214 0.11238095164299011 0.0057142856530845165 0.011428571306169033
2 0.8352380990982056 0.09047619253396988 0.0057142856530845165 0.007619047537446022
2 0.8152381181716919 0.06809523701667786 0.0057142856530845165 0.006666666828095913
2 0.8328571319580078 0.05523809418082237 0.004761904943734407 0.009523809887468815
2 0.8519047498703003 0.05428571254014969 0.006666666828095913 0.007619047537446022
2 0.831428587436676 0.025238094851374626 0.0057142856530845165 0.010476190596818924
2 0.8485714197158813 0.0057142856530845165 0.003809523768723011 0.011428571306169033
2 0.8366666436195374 0.0033333334140479565 0.006666666828095913 0.006666666828095913
10 0.8361904621124268 0.005238095298409462 0.0057142856530845165 0.010476190596818924
