5 0.6989796161651611 0.5797773599624634 0.05844155699014664 0.06679034978151321
5 0.668367326259613 0.5148422718048096 0.034322820603847504 0.06122449040412903
1 0.6433209776878357 0.5004638433456421 0.010204081423580647 0.02504638209939003
2 0.5811688303947449 0.3863636255264282 0.006493506487458944 0.013914656825363636
10 0.5802412033081055 0.3937847912311554 0.008348793722689152 0.013914656825363636
10 0.5194805264472961 0.27272728085517883 0.0092764375731349 0.016697587445378304
6 0.5621521472930908 0.08673469722270966 0.011131725274026394 0.015769943594932556
3 0.11920222640037537 0.7875695824623108 0.03988868370652199 0.04638218879699707
1 0.07513915002346039 0.3942486047744751 0.007421150337904692 0.012987012974917889
4 0.7495361566543579 0.6753246784210205 0.06864564120769501 0.07977736741304398
4 0.6414656639099121 0.18970315158367157 0.034322820603847504 0.026901669800281525
4 0.5885899662971497 0.20732837915420532 0.05658626928925514 0.02504638209939003
4 0.5797773599624634 0.13729128241539001 0.03339517489075661 0.0185528751462698
4 0.5695732831954956 0.12152133882045746 0.016697587445378304 0.016697587445378304
4 0.508348822593689 0.2458256036043167 0.025974025949835777 0.022263450548052788
10 0.6498144865036011 0.6405380368232727 0.010204081423580647 0.019480518996715546
7 0.6303339600563049 0.47634509205818176 0.026901669800281525 0.034322820603847504
10 0.6544526815414429 0.3548237383365631 0.034322820603847504 0.02133580669760704
0 0.8594619631767273 0.6442486047744751 0.1085343211889267 0.1400742083787918
4 0.014842300675809383 0.7305194735527039 0.029684601351618767 0.08627086877822876
4 0.02087198570370674 0.2843228280544281 0.04174397140741348 0.02875695750117302
4 0.1734693944454193 0.26576995849609375 0.03896103799343109 0.01762523129582405
5 0.7861781120300293 0.7388682961463928 0.05844155699014664 0.08441558480262756
2 0.5691094398498535 0.3469387888908386 0.012059369124472141 0.016697587445378304
2 0.5593692064285278 0.34137290716171265 0.007421150337904692 0.012987012974917889
2 0.5556586384773254 0.33905380964279175 0.007421150337904692 0.015769943594932556
2 0.5640074014663696 0.3497216999530792 0.011131725274026394 0.016697587445378304
10 0.9522263407707214 0.7588126063346863 0.013914656825363636 0.027829313650727272
4 0.5384972095489502 0.2912801504135132 0.03803339600563049 0.0371057502925396
8 0.5941558480262756 0.16836734116077423 0.03246753290295601 0.02133580669760704
