0 0.060476191341876984 0.3857142925262451 0.0028571428265422583 0.0057142856530845165
0 0.0657142847776413 0.3866666555404663 0.0019047618843615055 0.0057142856530845165
0 0.06809523701667786 0.38952380418777466 0.0028571428265422583 0.0057142856530845165
0 0.08238095045089722 0.39047619700431824 0.0028571428265422583 0.0057142856530845165
0 0.09809523820877075 0.403809517621994 0.0057142856530845165 0.007619047537446022
0 0.07476190477609634 0.39047619700431824 0.0028571428265422583 0.0057142856530845165
0 0.10857142508029938 0.4052380919456482 0.003809523768723011 0.006666666828095913
0 0.12047619372606277 0.41380953788757324 0.008571428246796131 0.010476190596818924
0 0.1495238095521927 0.42476189136505127 0.0057142856530845165 0.009523809887468815
0 0.16190476715564728 0.4357142746448517 0.0057142856530845165 0.012380952015519142
1 0.19333332777023315 0.45476189255714417 0.0057142856530845165 0.014285714365541935
0 0.08857142925262451 0.3733333349227905 0.007619047537446022 0.007619047537446022
9 0.1066666692495346 0.37238094210624695 0.009523809887468815 0.007619047537446022
5 0.1128571406006813 0.3995237946510315 0.008571428246796131 0.008571428246796131
5 0.13476189970970154 0.4095238149166107 0.010476190596818924 0.009523809887468815
4 0.14000000059604645 0.4047619104385376 0.009523809887468815 0.009523809887468815
4 0.15095238387584686 0.4090476334095001 0.012380952015519142 0.010476190596818924
4 0.16380952298641205 0.41428571939468384 0.011428571306169033 0.009523809887468815
4 0.16428571939468384 0.4233333468437195 0.014285714365541935 0.012380952015519142
0 0.12714286148548126 0.3871428668498993 0.016190476715564728 0.010476190596818924
4 0.18333333730697632 0.40238094329833984 0.010476190596818924 0.008571428246796131
4 0.190476194024086 0.4242857098579407 0.013333333656191826 0.010476190596818924
4 0.19523809850215912 0.43714284896850586 0.017142856493592262 0.013333333656191826
4 0.2204761952161789 0.44904762506484985 0.019999999552965164 0.014285714365541935
1 0.17666666209697723 0.38999998569488525 0.0028571428265422583 0.004761904943734407
4 0.2028571367263794 0.40857142210006714 0.013333333656191826 0.009523809887468815
0 0.2014285773038864 0.40190476179122925 0.006666666828095913 0.0057142856530845165
0 0.2142857164144516 0.4057142734527588 0.003809523768723011 0.007619047537446022
4 0.22333332896232605 0.43761906027793884 0.018095238134264946 0.014285714365541935
2 0.27095237374305725 0.48476189374923706 0.006666666828095913 0.007619047537446022
2 0.27000001072883606 0.4947619140148163 0.008571428246796131 0.008571428246796131
10 0.27047619223594666 0.5014285445213318 0.007619047537446022 0.014285714365541935
10 0.27095237374305725 0.49047619104385376 0.008571428246796131 0.009523809887468815
4 0.2804761826992035 0.46238094568252563 0.025714285671710968 0.016190476715564728
4 0.296190470457077 0.48476189374923706 0.030476190149784088 0.020952381193637848
4 0.33047619462013245 0.4814285635948181 0.032380953431129456 0.018095238134264946
2 0.3223809599876404 0.5185714364051819 0.006666666828095913 0.010476190596818924
10 0.3219047486782074 0.5271428823471069 0.009523809887468815 0.014285714365541935
4 0.3276190459728241 0.45428571105003357 0.017142856493592262 0.013333333656191826
4 0.30095237493515015 0.43714284896850586 0.017142856493592262 0.009523809887468815
2 0.3495238125324249 0.4395238161087036 0.003809523768723011 0.008571428246796131
10 0.3495238125324249 0.44428572058677673 0.0057142856530845165 0.006666666828095913
2 0.40238094329833984 0.4533333480358124 0.004761904943734407 0.009523809887468815
10 0.40095236897468567 0.4576190412044525 0.007619047537446022 0.008571428246796131
10 0.44476190209388733 0.4704761803150177 0.009523809887468815 0.009523809887468815
2 0.4457142949104309 0.4657142758369446 0.003809523768723011 0.007619047537446022
2 0.3733333349227905 0.5423809289932251 0.0057142856530845165 0.010476190596818924
2 0.369047611951828 0.5414285659790039 0.004761904943734407 0.010476190596818924
2 0.4180952310562134 0.5614285469055176 0.009523809887468815 0.018095238134264946
10 0.3738095164299011 0.5504761934280396 0.012380952015519142 0.01904761977493763
10 0.41857144236564636 0.5723809599876404 0.014285714365541935 0.01904761977493763
2 0.522857129573822 0.6428571343421936 0.013333333656191826 0.024761904031038284
10 0.5214285850524902 0.6509523987770081 0.025714285671710968 0.03142857179045677
4 0.5799999833106995 0.6019047498703003 0.07238095253705978 0.04571428522467613
2 0.5976190567016602 0.6790476441383362 0.019999999552965164 0.02666666731238365
10 0.595714271068573 0.691428542137146 0.03142857179045677 0.03809523954987526
4 0.6728571653366089 0.6738095283508301 0.10000000149011612 0.06952381134033203
4 0.8585714101791382 0.7228571176528931 0.15142856538295746 0.08380952477455139
2 0.7714285850524902 0.5661904811859131 0.009523809887468815 0.019999999552965164
10 0.7699999809265137 0.5714285969734192 0.03523809462785721 0.01904761977493763
2 0.8614285588264465 0.5876190662384033 0.008571428246796131 0.01904761977493763
10 0.8580952286720276 0.5961904525756836 0.02666666731238365 0.020952381193637848
2 0.9552381038665771 0.6133333444595337 0.011428571306169033 0.017142856493592262
10 0.9595237970352173 0.6261904835700989 0.019999999552965164 0.014285714365541935
4 0.8961904644966125 0.6376190185546875 0.12952381372451782 0.04095238074660301
4 0.4399999976158142 0.38999998569488525 0.009523809887468815 0.006666666828095913
4 0.46761906147003174 0.3942857086658478 0.011428571306169033 0.0057142856530845165
