4 0.27272728085517883 0.9466604590415955 0.08163265138864517 0.04545454680919647
4 0.26391464471817017 0.6646567583084106 0.026901669800281525 0.030612245202064514
4 0.4990723431110382 0.7240259647369385 0.029684601351618767 0.036178108304739
4 0.38311687111854553 0.9336734414100647 0.03896103799343109 0.06586270779371262
4 0.3840445280075073 0.9814471006393433 0.027829313650727272 0.0352504625916481
4 0.3316326439380646 0.777365505695343 0.02875695750117302 0.0371057502925396
4 0.23237477242946625 0.7277365326881409 0.023191094398498535 0.030612245202064514
4 0.2898886799812317 0.5797773599624634 0.02504638209939003 0.027829313650727272
5 0.33627086877822876 0.6966604590415955 0.02504638209939003 0.03339517489075661
5 0.3919295072555542 0.7931354641914368 0.026901669800281525 0.051948051899671555
10 0.5157699584960938 0.7903525233268738 0.0371057502925396 0.06307977437973022
6 0.3153989017009735 0.576066792011261 0.027829313650727272 0.03339517489075661
6 0.4007421135902405 0.6020408272743225 0.03339517489075661 0.06307977437973022
6 0.3979591727256775 0.5496289134025574 0.0185528751462698 0.02875695750117302
3 0.4220779240131378 0.7680890560150146 0.0092764375731349 0.0185528751462698
2 0.4216141104698181 0.7597402334213257 0.008348793722689152 0.016697587445378304
7 0.3910018503665924 0.8441558480262756 0.013914656825363636 0.022263450548052788
7 0.3984230160713196 0.7175324559211731 0.012059369124472141 0.019480518996715546
1 0.3580704927444458 0.4962894320487976 0.007421150337904692 0.011131725274026394
1 0.37198516726493835 0.5092764496803284 0.007421150337904692 0.011131725274026394
4 0.4355287551879883 0.3256029784679413 0.008348793722689152 0.007421150337904692
4 0.4582560360431671 0.3251391351222992 0.0092764375731349 0.008348793722689152
4 0.48608535528182983 0.323283851146698 0.0092764375731349 0.010204081423580647
4 0.4976809024810791 0.326066792011261 0.008348793722689152 0.006493506487458944
4 0.4392393231391907 0.37152132391929626 0.010204081423580647 0.010204081423580647
4 0.4392393231391907 0.3641001880168915 0.010204081423580647 0.008348793722689152
4 0.44016698002815247 0.3538961112499237 0.010204081423580647 0.012059369124472141
4 0.4007421135902405 0.4679962992668152 0.014842300675809383 0.019480518996715546
6 0.4007421135902405 0.4257884919643402 0.020408162847161293 0.03339517489075661
6 0.4596475064754486 0.3919295072555542 0.026901669800281525 0.01762523129582405
4 0.48423004150390625 0.4624304175376892 0.03153988718986511 0.013914656825363636
5 0.48144713044166565 0.45037105679512024 0.03339517489075661 0.015769943594932556
5 0.47959184646606445 0.44109460711479187 0.025974025949835777 0.010204081423580647
5 0.48098331689834595 0.4332096576690674 0.02133580669760704 0.0092764375731349
8 0.44434136152267456 0.41326531767845154 0.0092764375731349 0.010204081423580647
8 0.4248608648777008 0.4206864535808563 0.0092764375731349 0.012059369124472141
4 0.4392393231391907 0.3641001880168915 0.010204081423580647 0.010204081423580647
6 0.4730983376502991 0.3237476944923401 0.0092764375731349 0.011131725274026394
4 0.44294992089271545 0.33719852566719055 0.006493506487458944 0.010204081423580647
6 0.435992568731308 0.33858999609947205 0.012987012974917889 0.012987012974917889
5 0.4257884919643402 0.3251391351222992 0.007421150337904692 0.008348793722689152
7 0.3974953591823578 0.4916512072086334 0.01762523129582405 0.0092764375731349
4 0.3984230160713196 0.37244898080825806 0.010204081423580647 0.013914656825363636
5 0.3998144567012787 0.359925776720047 0.007421150337904692 0.0092764375731349
5 0.399350643157959 0.350649356842041 0.008348793722689152 0.012987012974917889
10 0.3817254304885864 0.48840445280075073 0.006493506487458944 0.010204081423580647
11 0.4976809024810791 0.6771799921989441 0.02504638209939003 0.029684601351618767
7 0.8682745695114136 0.48423004150390625 0.0185528751462698 0.014842300675809383
7 0.8872912526130676 0.47495362162590027 0.012059369124472141 0.014842300675809383
