4 0.7328680157661438 0.5158629417419434 0.02157360315322876 0.041878171265125275
4 0.9054568409919739 0.3813451826572418 0.036802031099796295 0.013959391042590141
4 0.8426395654678345 0.3388324975967407 0.03807106614112854 0.017766498029232025
4 0.5044416189193726 0.30266496539115906 0.034263961017131805 0.013959391042590141
4 0.8445431590080261 0.25126904249191284 0.01903553307056427 0.030456852167844772
4 0.8477157354354858 0.18274112045764923 0.012690355069935322 0.027918782085180283
4 0.8350253701210022 0.08756345510482788 0.017766498029232025 0.027918782085180283
4 0.8375634551048279 0.011421320028603077 0.015228426083922386 0.022842640057206154
4 0.28807106614112854 0.624365508556366 0.04568528011441231 0.03553299605846405
4 0.9536802172660828 0.4625634551048279 0.03172588720917702 0.029187817126512527
4 0.9879441857337952 0.4321065843105316 0.0241116750985384 0.0241116750985384
4 0.9923858046531677 0.3064720928668976 0.015228426083922386 0.029187817126512527
4 0.19479694962501526 0.11992385983467102 0.029187817126512527 0.01903553307056427
5 0.9657360315322876 0.3832487165927887 0.03807106614112854 0.020304568111896515
5 0.22335025668144226 0.6142131686210632 0.04314720630645752 0.03299492225050926
5 0.25951775908470154 0.5717005133628845 0.039340101182460785 0.036802031099796295
5 0.31408628821372986 0.5368020534515381 0.04949238523840904 0.030456852167844772
5 0.7614213228225708 0.3318527936935425 0.04314720630645752 0.02157360315322876
5 0.1763959378004074 0.14086294174194336 0.03553299605846405 0.017766498029232025
9 0.6332487463951111 0.31408628821372986 0.09898477047681808 0.039340101182460785
9 0.3642131984233856 0.3458121716976166 0.10659898817539215 0.04695431515574455
9 0.2563451826572418 0.3204314708709717 0.07868020236492157 0.041878171265125275
10 0.437182754278183 0.2925126850605011 0.02157360315322876 0.013959391042590141
2 0.437182754278183 0.2906091511249542 0.011421320028603077 0.007614213041961193
1 0.8775380849838257 0.255076140165329 0.0038071065209805965 0.012690355069935322
1 0.8832487463951111 0.2531725764274597 0.005076142027974129 0.011421320028603077
1 0.8864213228225708 0.12436547875404358 0.006345177534967661 0.012690355069935322
1 0.8819797039031982 0.125 0.005076142027974129 0.013959391042590141
6 0.9593908786773682 0.1503807157278061 0.025380710139870644 0.036802031099796295
