4 0.019670050591230392 0.4682741165161133 0.036802031099796295 0.017766498029232025
4 0.06281726062297821 0.45558375120162964 0.041878171265125275 0.020304568111896515
4 0.18845178186893463 0.43020305037498474 0.039340101182460785 0.017766498029232025
4 0.06472080945968628 0.5717005133628845 0.04568528011441231 0.01903553307056427
4 0.0006345177534967661 0.5850253701210022 0.0012690355069935322 0.017766498029232025
4 0.01586294360458851 0.6135786771774292 0.03172588720917702 0.01903553307056427
6 0.07360406219959259 0.6275380849838257 0.06598984450101852 0.0241116750985384
4 0.15291878581047058 0.5666243433952332 0.04441624507308006 0.01649746112525463
5 0.25380709767341614 0.5450507402420044 0.053299494087696075 0.01903553307056427
4 0.37690356373786926 0.7404822111129761 0.04314720630645752 0.01903553307056427
4 0.5545685291290283 0.7068527936935425 0.04060913622379303 0.017766498029232025
5 0.6135786771774292 0.7569797039031982 0.041878171265125275 0.01903553307056427
4 0.7125634551048279 0.7144669890403748 0.041878171265125275 0.020304568111896515
5 0.8134517669677734 0.6732233762741089 0.0482233501970768 0.02157360315322876
9 0.6668781638145447 0.5717005133628845 0.10025380551815033 0.02157360315322876
4 0.8286802172660828 0.5437816977500916 0.04568528011441231 0.01903553307056427
4 0.8064720630645752 0.5069797039031982 0.04695431515574455 0.01649746112525463
6 0.7055837512016296 0.4854061007499695 0.07868020236492157 0.0241116750985384
4 0.5558375716209412 0.5234771370887756 0.03807106614112854 0.01649746112525463
4 0.9060913920402527 0.5025380849838257 0.04314720630645752 0.015228426083922386
5 0.7151015400886536 0.4111675024032593 0.01903553307056427 0.03807106614112854
5 0.7417512536048889 0.41307106614112854 0.02157360315322876 0.041878171265125275
9 0.8102791905403137 0.21763959527015686 0.0241116750985384 0.039340101182460785
5 0.8350253701210022 0.21700507402420044 0.025380710139870644 0.05076142027974129
5 0.9828680157661438 0.18591371178627014 0.026649747043848038 0.04949238523840904
4 0.9346446990966797 0.33121827244758606 0.01903553307056427 0.03553299605846405
4 0.768401026725769 0.4175126850605011 0.01903553307056427 0.03553299605846405
4 0.9543147087097168 0.3331218361854553 0.020304568111896515 0.034263961017131805
5 0.9955583810806274 0.3553299605846405 0.008883249014616013 0.03807106614112854
4 0.9892131686210632 0.5310913920402527 0.02157360315322876 0.013959391042590141
4 0.3972081243991852 0.15164974331855774 0.017766498029232025 0.039340101182460785
4 0.471446692943573 0.5304568409919739 0.039340101182460785 0.017766498029232025
4 0.3661167621612549 0.5323604345321655 0.04441624507308006 0.01903553307056427
