4 0.6491116881370544 0.7741116881370544 0.06218273937702179 0.07360406219959259
4 0.23350253701210022 0.12563452124595642 0.015228426083922386 0.010152284055948257
4 0.2411167472600937 0.1192893385887146 0.015228426083922386 0.007614213041961193
4 0.3401015102863312 0.2753807008266449 0.03553299605846405 0.012690355069935322
4 0.9879441857337952 0.15799492597579956 0.01649746112525463 0.011421320028603077
4 0.9403553009033203 0.14403553307056427 0.015228426083922386 0.011421320028603077
4 0.8889594078063965 0.1871827393770218 0.01903553307056427 0.011421320028603077
5 0.8946700692176819 0.23223350942134857 0.017766498029232025 0.022842640057206154
4 0.8553299307823181 0.2728426456451416 0.020304568111896515 0.015228426083922386
4 0.9758883118629456 0.2131979763507843 0.017766498029232025 0.020304568111896515
4 0.9720812439918518 0.2563451826572418 0.017766498029232025 0.020304568111896515
