4 0.9098984599113464 0.904187798500061 0.022842640057206154 0.06218273937702179
4 0.835659921169281 0.8343908786773682 0.026649747043848038 0.05456852912902832
4 0.9562183022499084 0.5323604345321655 0.04695431515574455 0.034263961017131805
4 0.8001269102096558 0.3553299605846405 0.034263961017131805 0.04060913622379303
4 0.7925127148628235 0.09835025668144226 0.029187817126512527 0.039340101182460785
4 0.6123096346855164 0.1332487314939499 0.0241116750985384 0.03553299605846405
4 0.7151015400886536 0.0425126887857914 0.02157360315322876 0.036802031099796295
4 0.7671319842338562 0.22588832676410675 0.0241116750985384 0.03553299605846405
4 0.033629439771175385 0.41624364256858826 0.039340101182460785 0.05076142027974129
4 0.825507640838623 0.5869289636611938 0.026649747043848038 0.034263961017131805
9 0.8686548471450806 0.8191624283790588 0.03172588720917702 0.0824873074889183
5 0.8236040472984314 0.32550761103630066 0.027918782085180283 0.041878171265125275
5 0.9803299307823181 0.0653553307056427 0.026649747043848038 0.04441624507308006
5 0.9961928725242615 0.07550761103630066 0.007614213041961193 0.041878171265125275
5 0.557741105556488 0.9663705825805664 0.029187817126512527 0.05710659921169281
