4 0.476522833108902 0.7544416189193726 0.034263961017131805 0.05710659921169281
4 0.4314720928668976 0.7461928725242615 0.03553299605846405 0.053299494087696075
4 0.4942893385887146 0.682106614112854 0.029187817126512527 0.04949238523840904
5 0.5977157354354858 0.6916243433952332 0.03553299605846405 0.060913704335689545
5 0.557106614112854 0.6046954393386841 0.022842640057206154 0.04441624507308006
4 0.4543147087097168 0.5437816977500916 0.020304568111896515 0.03172588720917702
4 0.3807106614112854 0.538705587387085 0.025380710139870644 0.039340101182460785
4 0.4067258834838867 0.5063451528549194 0.03172588720917702 0.03299492225050926
4 0.5463197827339172 0.5145938992500305 0.0241116750985384 0.039340101182460785
5 0.5634517669677734 0.43654823303222656 0.03299492225050926 0.03807106614112854
4 0.5368020534515381 0.38515228033065796 0.0482233501970768 0.026649747043848038
9 0.6414974331855774 0.32487308979034424 0.09771573543548584 0.0482233501970768
4 0.3496192991733551 0.22208121418952942 0.01903553307056427 0.027918782085180283
4 0.37373095750808716 0.04885786771774292 0.011421320028603077 0.01649746112525463
4 0.2975888252258301 0.6598984599113464 0.034263961017131805 0.05076142027974129
4 0.255076140165329 0.5805837512016296 0.03807106614112854 0.03172588720917702
4 0.14403553307056427 0.5323604345321655 0.04949238523840904 0.029187817126512527
5 0.1763959378004074 0.46446701884269714 0.05076142027974129 0.03299492225050926
1 0.19225887954235077 0.6262690424919128 0.013959391042590141 0.01903553307056427
1 0.25380709767341614 0.7430202960968018 0.012690355069935322 0.034263961017131805
9 0.29441624879837036 0.932106614112854 0.06345177441835403 0.1281725913286209
9 0.35913705825805664 0.9511421322822571 0.0482233501970768 0.09517766535282135
4 0.4054568409919739 0.9340101480484009 0.03172588720917702 0.0710659921169281
4 0.5266497731208801 0.9340101480484009 0.03807106614112854 0.06598984450101852
4 0.5742385983467102 0.9168781638145447 0.05203045532107353 0.06979695707559586
4 0.24492385983467102 0.24365481734275818 0.025380710139870644 0.027918782085180283
5 0.16814720630645752 0.3407360315322876 0.01649746112525463 0.029187817126512527
9 0.04949238523840904 0.38515228033065796 0.09898477047681808 0.07487309724092484
9 0.0482233501970768 0.4606598913669586 0.0964467003941536 0.060913704335689545
1 0.11675126850605011 0.35977157950401306 0.007614213041961193 0.013959391042590141
1 0.12309644371271133 0.3553299605846405 0.007614213041961193 0.017766498029232025
1 0.14086294174194336 0.34771573543548584 0.007614213041961193 0.015228426083922386
1 0.08629441261291504 0.346446692943573 0.007614213041961193 0.015228426083922386
1 0.04060913622379303 0.3470812141895294 0.010152284055948257 0.013959391042590141
1 0.09517766535282135 0.346446692943573 0.007614213041961193 0.012690355069935322
