4 0.03153988718986511 0.6586270928382874 0.06307977437973022 0.06122449040412903
4 0.0691094622015953 0.704081654548645 0.05658626928925514 0.05751391500234604
4 0.005565862637013197 0.8186456561088562 0.011131725274026394 0.07699443399906158
4 0.09322819858789444 0.8311688303947449 0.10111317038536072 0.08348794281482697
1 0.4248608648777008 0.435992568731308 0.012987012974917889 0.025974025949835777
1 0.3956400752067566 0.37430426478385925 0.006493506487458944 0.023191094398498535
2 0.40352505445480347 0.37198516726493835 0.0092764375731349 0.025974025949835777
2 0.3868274688720703 0.37755101919174194 0.0092764375731349 0.020408162847161293
4 0.48098331689834595 0.4332096576690674 0.062152132391929626 0.040816325694322586
10 0.5287569761276245 0.4531539976596832 0.0185528751462698 0.023191094398498535
4 0.6029684543609619 0.48051947355270386 0.06122449040412903 0.040816325694322586
4 0.5505566000938416 0.6567717790603638 0.07513915002346039 0.06122449040412903
4 0.5793135166168213 0.5862708687782288 0.06400742381811142 0.05009276419878006
5 0.6808905601501465 0.6934137344360352 0.05009276419878006 0.05473098158836365
5 0.7857142686843872 0.758348822593689 0.07792207598686218 0.07884972542524338
4 0.8705936670303345 0.8279221057891846 0.08070500940084457 0.08070500940084457
4 0.9777365326881409 0.9067717790603638 0.044526901096105576 0.08998144418001175
4 0.9772727489471436 0.27133581042289734 0.04359925910830498 0.03803339600563049
4 0.7064007520675659 0.2462894320487976 0.04359925910830498 0.030612245202064514
4 0.01437847875058651 0.048701297491788864 0.02875695750117302 0.02133580669760704
4 0.002319109393283725 0.0347866415977478 0.00463821878656745 0.015769943594932556
