10 0.07428571581840515 0.6747618913650513 0.013333333656191826 0.025714285671710968
4 0.24190476536750793 0.6657142639160156 0.060952380299568176 0.04952380806207657
4 0.30095237493515015 0.6552380919456482 0.07428571581840515 0.041904762387275696
5 0.49142858386039734 0.6942856907844543 0.06666667014360428 0.07238095253705978
5 0.06380952149629593 0.8680952191352844 0.04571428522467613 0.08857142925262451
4 0.1190476194024086 0.8309524059295654 0.04571428522467613 0.0771428570151329
4 0.21285714209079742 0.7771428823471069 0.04095238074660301 0.05714285746216774
8 0.26571428775787354 0.8899999856948853 0.07619047909975052 0.04285714402794838
10 0.3033333420753479 0.9385714530944824 0.03333333507180214 0.04476190358400345
2 0.3019047677516937 0.9319047331809998 0.015238095074892044 0.029523810371756554
8 0.3628571331501007 0.9190475940704346 0.0533333346247673 0.07428571581840515
8 0.30571427941322327 0.9852380752563477 0.07238095253705978 0.029523808509111404
6 0.380952388048172 0.9795238375663757 0.07619047909975052 0.03523809462785721
4 0.4776190519332886 0.8961904644966125 0.08095238357782364 0.08380952477455139
6 0.5452380776405334 0.8904761672019958 0.19523809850215912 0.2133333384990692
6 0.5561904907226562 0.7799999713897705 0.09142857044935226 0.11999999731779099
4 0.6261904835700989 0.7057142853736877 0.058095239102840424 0.06476190686225891
6 0.6819047331809998 0.741428554058075 0.09142857044935226 0.11142857372760773
4 0.7004761695861816 0.6180952191352844 0.05428571254014969 0.051428571343421936
6 0.7504761815071106 0.642380952835083 0.060952380299568176 0.06190476194024086
10 0.8952381014823914 0.9676190614700317 0.02857142873108387 0.032380953431129456
2 0.8971428275108337 0.9647619128227234 0.011428571306169033 0.032380953431129456
10 0.8461904525756836 0.6280952095985413 0.012380952015519142 0.02380952425301075
2 0.8485714197158813 0.6200000047683716 0.007619047537446022 0.01904761977493763
10 0.6752380728721619 0.5757142901420593 0.017142856493592262 0.025714285671710968
2 0.6747618913650513 0.5704761743545532 0.004761904943734407 0.015238095074892044
2 0.6776190400123596 0.5680952668190002 0.004761904943734407 0.014285714365541935
4 0.6385714411735535 0.5590476393699646 0.05238095298409462 0.04952380806207657
10 0.5409523844718933 0.49047619104385376 0.020952381193637848 0.017142856493592262
10 0.5538095235824585 0.45571428537368774 0.012380952015519142 0.016190476715564728
4 0.7176190614700317 0.48476189374923706 0.04095238074660301 0.03619047626852989
4 0.7504761815071106 0.4585714340209961 0.03809523954987526 0.03142857179045677
10 0.7419047355651855 0.5 0.013333333656191826 0.020952381193637848
2 0.7433333396911621 0.4952380955219269 0.006666666828095913 0.011428571306169033
10 0.8123809695243835 0.4528571367263794 0.013333333656191826 0.018095238134264946
2 0.8128571510314941 0.44857141375541687 0.006666666828095913 0.013333333656191826
4 0.7647619247436523 0.5661904811859131 0.0476190485060215 0.04285714402794838
4 0.7952380776405334 0.5185714364051819 0.041904762387275696 0.039047617465257645
4 0.822857141494751 0.48428571224212646 0.03619047626852989 0.037142857909202576
4 0.8166666626930237 0.581428587436676 0.046666666865348816 0.046666666865348816
4 0.8428571224212646 0.5328571200370789 0.04380952566862106 0.046666666865348816
6 0.8761904835700989 0.49095237255096436 0.034285712987184525 0.03333333507180214
6 0.8657143115997314 0.45523810386657715 0.03999999910593033 0.034285712987184525
5 0.8852381110191345 0.4176190495491028 0.037142857909202576 0.037142857909202576
6 0.9209523797035217 0.44380950927734375 0.05904762074351311 0.04571428522467613
10 0.5899999737739563 0.4409523904323578 0.016190476715564728 0.015238095074892044
10 0.9919047355651855 0.4171428680419922 0.014285714365541935 0.01904761977493763
2 0.9928571581840515 0.41428571939468384 0.006666666828095913 0.015238095074892044
2 0.9961904883384705 0.4114285707473755 0.003809523768723011 0.011428571306169033
10 0.9342857003211975 0.345714271068573 0.009523809887468815 0.015238095074892044
2 0.9347618818283081 0.34142857789993286 0.0028571428265422583 0.010476190596818924
2 0.9366666674613953 0.3385714292526245 0.0028571428265422583 0.008571428246796131
2 0.9295238256454468 0.31380951404571533 0.003809523768723011 0.008571428246796131
2 0.9933333396911621 0.2809523940086365 0.003809523768723011 0.009523809887468815
10 0.9285714030265808 0.3199999928474426 0.0057142856530845165 0.013333333656191826
10 0.9923809766769409 0.2861904799938202 0.007619047537446022 0.010476190596818924
6 0.8952381014823914 0.31190475821495056 0.03619047626852989 0.04285714402794838
4 0.942380964756012 0.2604762017726898 0.014285714365541935 0.016190476715564728
4 0.9409523606300354 0.24571429193019867 0.024761904031038284 0.013333333656191826
4 0.9552381038665771 0.22857142984867096 0.015238095074892044 0.013333333656191826
4 0.9614285826683044 0.21761904656887054 0.016190476715564728 0.012380952015519142
4 0.9733333587646484 0.19476190209388733 0.024761904031038284 0.012380952015519142
4 0.9942857027053833 0.1852380931377411 0.011428571306169033 0.014285714365541935
4 0.9599999785423279 0.38904762268066406 0.024761904031038284 0.03142857179045677
4 0.9747619032859802 0.369047611951828 0.02380952425301075 0.03333333507180214
