4 0.02875695750117302 0.3641001880168915 0.05751391500234604 0.04730983451008797
5 0.016697587445378304 0.5964749455451965 0.03339517489075661 0.05751391500234604
5 0.19573283195495605 0.30148422718048096 0.055658627301454544 0.055658627301454544
4 0.06632652878761292 0.545918345451355 0.062152132391929626 0.05473098158836365
4 0.30473098158836365 0.23515769839286804 0.04359925910830498 0.036178108304739
5 0.7323747873306274 0.45176252722740173 0.03803339600563049 0.044526901096105576
4 0.7421150207519531 0.031076066195964813 0.025974025949835777 0.019480518996715546
4 0.9888682961463928 0.07467532157897949 0.020408162847161293 0.026901669800281525
4 0.5769944190979004 0.12244898080825806 0.03153988718986511 0.027829313650727272
4 0.5844155550003052 0.09833024442195892 0.022263450548052788 0.0185528751462698
4 0.6470315456390381 0.04220779240131378 0.023191094398498535 0.019480518996715546
4 0.6720778942108154 0.02458256110548973 0.02133580669760704 0.02133580669760704
4 0.5496289134025574 0.141929492354393 0.036178108304739 0.025974025949835777
4 0.6720778942108154 0.04684600979089737 0.02133580669760704 0.02133580669760704
4 0.652133584022522 0.06261595338582993 0.022263450548052788 0.02133580669760704
4 0.6363636255264282 0.07606679201126099 0.0185528751462698 0.024118738248944283
4 0.6131725311279297 0.09230055660009384 0.022263450548052788 0.02504638209939003
4 0.5231910943984985 0.17115028202533722 0.0371057502925396 0.03246753290295601
4 0.4916512072086334 0.19758813083171844 0.03153988718986511 0.025974025949835777
10 0.37615954875946045 0.25927644968032837 0.012059369124472141 0.013914656825363636
2 0.37523192167282104 0.2541744112968445 0.008348793722689152 0.011131725274026394
1 0.44758811593055725 0.09137291461229324 0.006493506487458944 0.01762523129582405
1 0.47773656249046326 0.08024118840694427 0.007421150337904692 0.015769943594932556
1 0.4967532455921173 0.06818182021379471 0.006493506487458944 0.013914656825363636
5 0.4925788640975952 0.055194806307554245 0.0352504625916481 0.036178108304739
4 0.4619666039943695 0.07884972542524338 0.024118738248944283 0.024118738248944283
5 0.5120593905448914 0.041280146688222885 0.016697587445378304 0.019480518996715546
4 0.5296846032142639 0.0347866415977478 0.024118738248944283 0.02133580669760704
4 0.5482375025749207 0.02087198570370674 0.024118738248944283 0.023191094398498535
4 0.5709647536277771 0.006957328412681818 0.023191094398498535 0.013914656825363636
4 0.6734693646430969 0.0728200376033783 0.022263450548052788 0.015769943594932556
4 0.6382189393043518 0.105287566781044 0.020408162847161293 0.013914656825363636
4 0.6948052048683167 0.02875695750117302 0.020408162847161293 0.012987012974917889
10 0.1442486047744751 0.5431354641914368 0.02133580669760704 0.019480518996715546
10 0.12940630316734314 0.5533395409584045 0.019480518996715546 0.019480518996715546
7 0.11781076341867447 0.576066792011261 0.03153988718986511 0.03153988718986511
6 0.11270871758460999 0.5918367505073547 0.034322820603847504 0.03339517489075661
10 0.06029684469103813 0.6340445280075073 0.029684601351618767 0.023191094398498535
10 0.08116883039474487 0.6456400752067566 0.01762523129582405 0.03896103799343109
10 0.04962894320487976 0.6386827230453491 0.023191094398498535 0.026901669800281525
10 0.029684601351618767 0.6447124481201172 0.024118738248944283 0.025974025949835777
10 0.007884971797466278 0.7546381950378418 0.015769943594932556 0.034322820603847504
10 0.0092764375731349 0.7277365326881409 0.016697587445378304 0.030612245202064514
10 0.026901669800281525 0.7003710865974426 0.020408162847161293 0.029684601351618767
10 0.001855287584476173 0.701298713684082 0.003710575168952346 0.027829313650727272
10 0.008812615647912025 0.6887755393981934 0.01762523129582405 0.03988868370652199
10 0.012523191049695015 0.6799628734588623 0.02504638209939003 0.020408162847161293
7 0.001855287584476173 0.7170686721801758 0.003710575168952346 0.03896103799343109
7 0.09693877398967743 0.6085343360900879 0.03988868370652199 0.03153988718986511
