9 0.7011421322822571 0.8451776504516602 0.0850253775715828 0.1421319842338562
4 0.6300761699676514 0.45304569602012634 0.04695431515574455 0.06598984450101852
4 0.5228426456451416 0.4118020236492157 0.04060913622379303 0.0596446692943573
4 0.625 0.30203044414520264 0.03172588720917702 0.0482233501970768
4 0.6459391117095947 0.21256345510482788 0.03299492225050926 0.034263961017131805
4 0.5545685291290283 0.06472080945968628 0.022842640057206154 0.017766498029232025
4 0.5361675024032593 0.05456852912902832 0.01903553307056427 0.010152284055948257
4 0.6332487463951111 0.034263961017131805 0.020304568111896515 0.015228426083922386
5 0.6763959527015686 0.011421320028603077 0.015228426083922386 0.015228426083922386
4 0.7411167621612549 0.01649746112525463 0.012690355069935322 0.007614213041961193
6 0.7709391117095947 0.052664972841739655 0.01903553307056427 0.029187817126512527
4 0.7373096346855164 0.07741116732358932 0.012690355069935322 0.010152284055948257
4 0.8401015400886536 0.011421320028603077 0.017766498029232025 0.010152284055948257
4 0.8553299307823181 0.02474619261920452 0.012690355069935322 0.008883249014616013
4 0.8629441857337952 0.036802031099796295 0.017766498029232025 0.010152284055948257
2 0.7322335243225098 0.11611675471067429 0.005076142027974129 0.008883249014616013
10 0.731598973274231 0.11865482479333878 0.008883249014616013 0.013959391042590141
