9 0.5888324975967407 0.1078680232167244 0.18527919054031372 0.1421319842338562
4 0.31916242837905884 0.2563451826572418 0.06979695707559586 0.0482233501970768
4 0.033629439771175385 0.403553307056427 0.06725887954235077 0.060913704335689545
5 0.10723350197076797 0.3578680157661438 0.08756345510482788 0.060913704335689545
6 0.8610405921936035 0.21129441261291504 0.08756345510482788 0.11294416338205338
6 0.8121827244758606 0.22906091809272766 0.08375634253025055 0.11040609329938889
6 0.7728426456451416 0.2506345212459564 0.08121827244758606 0.1078680232167244
6 0.7335025668144226 0.27093908190727234 0.08883249014616013 0.11040609329938889
6 0.6180202960968018 0.34517765045166016 0.10659898817539215 0.13705584406852722
6 0.5729695558547974 0.380076140165329 0.09771573543548584 0.12563452124595642
6 0.9835025668144226 0.403553307056427 0.03299492225050926 0.1192893385887146
6 0.9689086079597473 0.44162437319755554 0.06218273937702179 0.10913705825805664
6 0.914340078830719 0.4746192991733551 0.12309644371271133 0.12182740867137909
6 0.8661167621612549 0.500634491443634 0.1307106614112854 0.1307106614112854
6 0.7804568409919739 0.557106614112854 0.1421319842338562 0.1421319842338562
6 0.7328680157661438 0.5875634551048279 0.11548223346471786 0.12436547875404358
5 0.8534263968467712 0.671954333782196 0.09263959527015686 0.11040609329938889
5 0.8166243433952332 0.6947969794273376 0.07741116732358932 0.09263959527015686
5 0.36167511343955994 0.476522833108902 0.07614213228225708 0.0850253775715828
5 0.32296955585479736 0.4936548173427582 0.06979695707559586 0.09137056022882462
4 0.2848984897136688 0.5241116881370544 0.04949238523840904 0.06345177441835403
5 0.16687817871570587 0.5901015400886536 0.07233502715826035 0.10152284055948257
4 0.12690354883670807 0.6104061007499695 0.060913704335689545 0.08629441261291504
9 0.2131979763507843 0.4346446692943573 0.22335025668144226 0.17385786771774292
9 0.05139593780040741 0.5456852912902832 0.10279187560081482 0.1700507551431656
4 0.015228426083922386 0.9727157354354858 0.030456852167844772 0.05203045532107353
4 0.11484771221876144 0.9397208094596863 0.07487309724092484 0.11040609329938889
4 0.19987308979034424 0.8838832378387451 0.06725887954235077 0.09517766535282135
5 0.19987308979034424 0.7658629417419434 0.07741116732358932 0.10279187560081482
4 0.2925126850605011 0.8299492597579956 0.07741116732358932 0.09898477047681808
4 0.3318527936935425 0.7931472063064575 0.07233502715826035 0.10659898817539215
4 0.2874365448951721 0.7087563276290894 0.06472080945968628 0.0850253775715828
4 0.3350253701210022 0.6871827244758606 0.060913704335689545 0.0824873074889183
4 0.3781725764274597 0.7696700692176819 0.06852792203426361 0.10025380551815033
5 0.4225888252258301 0.750634491443634 0.07614213228225708 0.11802030354738235
4 0.37690356373786926 0.6573604345321655 0.06598984450101852 0.08121827244758606
5 0.46446701884269714 0.7176395654678345 0.0710659921169281 0.10279187560081482
4 0.5082487463951111 0.6833756566047668 0.06979695707559586 0.09010152518749237
5 0.6262690424919128 0.8667512536048889 0.0850253775715828 0.1192893385887146
4 0.578045666217804 0.8921319842338562 0.0824873074889183 0.10913705825805664
4 0.4917512834072113 0.9467005133628845 0.0850253775715828 0.10406091064214706
4 0.4435279071331024 0.9619289636611938 0.07741116732358932 0.07360406219959259
5 0.950507640838623 0.9651015400886536 0.09898477047681808 0.06725887954235077
