1 0.10659898817539215 0.408629447221756 0.010152284055948257 0.022842640057206154
1 0.0824873074889183 0.40736040472984314 0.007614213041961193 0.020304568111896515
1 0.0907360389828682 0.4098984897136688 0.008883249014616013 0.022842640057206154
1 0.12309644371271133 0.36484771966934204 0.010152284055948257 0.0241116750985384
1 0.11104060709476471 0.3642131984233856 0.011421320028603077 0.022842640057206154
1 0.10850253701210022 0.3470812141895294 0.006345177534967661 0.01903553307056427
1 0.11294416338205338 0.346446692943573 0.005076142027974129 0.017766498029232025
1 0.11230964213609695 0.3375634551048279 0.006345177534967661 0.017766498029232025
1 0.09454314410686493 0.32233503460884094 0.008883249014616013 0.020304568111896515
9 0.20875634253025055 0.3096446692943573 0.06979695707559586 0.1421319842338562
1 0.18591371178627014 0.009517766535282135 0.006345177534967661 0.01903553307056427
1 0.17766498029232025 0.01078680157661438 0.007614213041961193 0.01903553307056427
1 0.6205583810806274 0.04124365374445915 0.007614213041961193 0.02157360315322876
1 0.614847719669342 0.06027918681502342 0.006345177534967661 0.02157360315322876
1 0.6332487463951111 0.08312182873487473 0.005076142027974129 0.02157360315322876
1 0.625634491443634 0.06662436574697495 0.005076142027974129 0.01649746112525463
1 0.6288071274757385 0.07360406219959259 0.006345177534967661 0.020304568111896515
1 0.6300761699676514 0.0653553307056427 0.006345177534967661 0.01649746112525463
1 0.6237309575080872 0.08692893385887146 0.006345177534967661 0.02157360315322876
1 0.8508883118629456 0.403553307056427 0.008883249014616013 0.027918782085180283
1 0.8394669890403748 0.3978426456451416 0.011421320028603077 0.026649747043848038
1 0.7201776504516602 0.2925126850605011 0.013959391042590141 0.0241116750985384
1 0.8197969794273376 0.3299492299556732 0.010152284055948257 0.022842640057206154
1 0.8394669890403748 0.35088831186294556 0.008883249014616013 0.0241116750985384
1 0.7519035339355469 0.20621827244758606 0.008883249014616013 0.026649747043848038
1 0.7614213228225708 0.20685279369354248 0.007614213041961193 0.025380710139870644
1 0.6871827244758606 0.2246192842721939 0.008883249014616013 0.022842640057206154
1 0.6871827244758606 0.21065989136695862 0.006345177534967661 0.017766498029232025
1 0.7322335243225098 0.19479694962501526 0.005076142027974129 0.01649746112525463
1 0.6795685291290283 0.21256345510482788 0.006345177534967661 0.026649747043848038
1 0.6833756566047668 0.18845178186893463 0.006345177534967661 0.01903553307056427
1 0.6960659623146057 0.11802030354738235 0.008883249014616013 0.022842640057206154
1 0.7024111747741699 0.12626904249191284 0.006345177534967661 0.01649746112525463
1 0.6859136819839478 0.13007614016532898 0.008883249014616013 0.01903553307056427
1 0.6529187560081482 0.1307106614112854 0.006345177534967661 0.017766498029232025
1 0.6446700692176819 0.12944161891937256 0.007614213041961193 0.020304568111896515
1 0.6700507402420044 0.12944161891937256 0.007614213041961193 0.022842640057206154
1 0.6795685291290283 0.12880711257457733 0.006345177534967661 0.02157360315322876
1 0.836294412612915 0.1503807157278061 0.007614213041961193 0.029187817126512527
1 0.8045685291290283 0.13451775908470154 0.007614213041961193 0.030456852167844772
1 0.8001269102096558 0.12626904249191284 0.008883249014616013 0.02157360315322876
2 0.8616751432418823 0.21827411651611328 0.007614213041961193 0.020304568111896515
2 0.9467005133628845 0.28807106614112854 0.007614213041961193 0.020304568111896515
2 0.9276649951934814 0.283629447221756 0.010152284055948257 0.01903553307056427
2 0.9543147087097168 0.2950507700443268 0.007614213041961193 0.01649746112525463
