4 0.06725887954235077 0.3870558440685272 0.04060913622379303 0.053299494087696075
4 0.32550761103630066 0.6960659623146057 0.04695431515574455 0.09010152518749237
4 0.2728426456451416 0.4403553307056427 0.03807106614112854 0.053299494087696075
4 0.23096446692943573 0.39911168813705444 0.027918782085180283 0.05203045532107353
4 0.35406091809272766 0.28870558738708496 0.03553299605846405 0.03172588720917702
4 0.41941624879837036 0.12626904249191284 0.0241116750985384 0.029187817126512527
9 0.4003807008266449 0.08946700394153595 0.05203045532107353 0.07233502715826035
4 0.36802029609680176 0.09200507402420044 0.020304568111896515 0.02157360315322876
4 0.3953045606613159 0.06916243582963943 0.02157360315322876 0.01649746112525463
4 0.5615482330322266 0.04631979763507843 0.0241116750985384 0.011421320028603077
5 0.8407360315322876 0.1389593929052353 0.034263961017131805 0.01903553307056427
4 0.9156091213226318 0.17258882522583008 0.03172588720917702 0.020304568111896515
4 0.9536802172660828 0.1364213228225708 0.039340101182460785 0.0241116750985384
