4 0.05666666850447655 0.7223809361457825 0.019999999552965164 0.05238095298409462
4 0.11952380836009979 0.7247619032859802 0.02190476283431053 0.04952380806207657
4 0.1719047576189041 0.7295238375663757 0.019999999552965164 0.0476190485060215
4 0.2014285773038864 0.7176190614700317 0.019999999552965164 0.046666666865348816
4 0.23000000417232513 0.7200000286102295 0.018095238134264946 0.0476190485060215
4 0.2609523832798004 0.7223809361457825 0.022857142612338066 0.04857143014669418
4 0.34142857789993286 0.7252380847930908 0.019999999552965164 0.046666666865348816
4 0.3795238137245178 0.7171428799629211 0.019999999552965164 0.0476190485060215
4 0.02428571507334709 0.930476188659668 0.02190476283431053 0.0476190485060215
4 0.06904762238264084 0.9376190304756165 0.019999999552965164 0.05238095298409462
4 0.09761904925107956 0.9333333373069763 0.02380952425301075 0.051428571343421936
4 0.14523810148239136 0.9319047331809998 0.019999999552965164 0.04857143014669418
4 0.1728571355342865 0.9366666674613953 0.02190476283431053 0.04095238074660301
4 0.20428571105003357 0.9309523701667786 0.019999999552965164 0.046666666865348816
0 0.24047619104385376 0.9466666579246521 0.046666666865348816 0.01904761977493763
4 0.4166666567325592 0.7209523916244507 0.02190476283431053 0.04571428522467613
4 0.4461904764175415 0.7247619032859802 0.019999999552965164 0.0476190485060215
4 0.5152381062507629 0.738095223903656 0.01904761977493763 0.04952380806207657
4 0.6700000166893005 0.7504761815071106 0.02190476283431053 0.04571428522467613
4 0.7014285922050476 0.753333330154419 0.02190476283431053 0.0476190485060215
4 0.40857142210006714 0.9442856907844543 0.01904761977493763 0.037142857909202576
4 0.4757142961025238 0.9338095188140869 0.019999999552965164 0.04476190358400345
4 0.510952353477478 0.9342857003211975 0.02190476283431053 0.04952380806207657
4 0.5600000023841858 0.939047634601593 0.020952381193637848 0.051428571343421936
4 0.6142857074737549 0.9404761791229248 0.024761904031038284 0.05238095298409462
4 0.6447619199752808 0.9352381229400635 0.020952381193637848 0.04380952566862106
4 0.6714285612106323 0.941428542137146 0.020952381193637848 0.04857143014669418
4 0.6947619318962097 0.9252380728721619 0.02380952425301075 0.05047618970274925
3 0.5400000214576721 0.711904764175415 0.009523809887468815 0.018095238134264946
10 0.5714285969734192 0.7038094997406006 0.0057142856530845165 0.015238095074892044
10 0.5823809504508972 0.704285740852356 0.008571428246796131 0.016190476715564728
10 0.5919047594070435 0.7057142853736877 0.010476190596818924 0.01904761977493763
10 0.604285717010498 0.7061904668807983 0.012380952015519142 0.02190476283431053
10 0.6152380704879761 0.723809540271759 0.007619047537446022 0.01904761977493763
10 0.6190476417541504 0.7061904668807983 0.009523809887468815 0.02190476283431053
10 0.6328571438789368 0.7038094997406006 0.012380952015519142 0.020952381193637848
10 0.6452381014823914 0.7095237970352173 0.010476190596818924 0.01904761977493763
10 0.6557142734527588 0.7038094997406006 0.006666666828095913 0.01904761977493763
10 0.6638095378875732 0.7038094997406006 0.007619047537446022 0.020952381193637848
3 0.5628571510314941 0.70333331823349 0.007619047537446022 0.016190476715564728
3 0.6876190304756165 0.7057142853736877 0.009523809887468815 0.017142856493592262
4 0.704285740852356 0.058571428060531616 0.039047617465257645 0.016190476715564728
10 0.7076190710067749 0.08095238357782364 0.015238095074892044 0.009523809887468815
1 0.8514285683631897 0.015714285895228386 0.007619047537446022 0.008571428246796131
1 0.8480952382087708 0.01666666753590107 0.010476190596818924 0.014285714365541935
4 0.07047618925571442 0.10999999940395355 0.017142856493592262 0.008571428246796131
1 0.7090476155281067 0.08095238357782364 0.006666666828095913 0.007619047537446022
0 0.834761917591095 0.831428587436676 0.16285714507102966 0.2666666805744171
0 0.7295238375663757 0.9461904764175415 0.03809523954987526 0.03142857179045677
2 0.0652380958199501 0.11047618836164474 0.006666666828095913 0.0057142856530845165
0 0.43047618865966797 0.06857142597436905 0.15238095819950104 0.04380952566862106
8 0.4523809552192688 0.9257143139839172 0.015238095074892044 0.03999999910593033
3 0.43238094449043274 0.9190475940704346 0.0057142856530845165 0.017142856493592262
