4 0.13578680157661438 0.14340101182460785 0.03299492225050926 0.03299492225050926
4 0.2411167472600937 0.10913705825805664 0.027918782085180283 0.030456852167844772
4 0.2703045606613159 0.14847715198993683 0.027918782085180283 0.030456852167844772
4 0.2918781638145447 0.2328680157661438 0.025380710139870644 0.06218273937702179
4 0.36738577485084534 0.23477157950401306 0.0241116750985384 0.053299494087696075
4 0.3159898519515991 0.34771573543548584 0.022842640057206154 0.06345177441835403
4 0.16624365746974945 0.009517766535282135 0.03299492225050926 0.01903553307056427
4 0.006979695521295071 0.5812183022499084 0.013959391042590141 0.053299494087696075
4 0.06218273937702179 0.5526649951934814 0.0482233501970768 0.1332487314939499
4 0.1700507551431656 0.45558375120162964 0.03299492225050926 0.06852792203426361
4 0.2696700394153595 0.43337562680244446 0.026649747043848038 0.06725887954235077
4 0.33375635743141174 0.7747461795806885 0.027918782085180283 0.09263959527015686
9 0.17258882522583008 0.8540608882904053 0.04568528011441231 0.18274112045764923
4 0.0939086303114891 0.7855330109596252 0.027918782085180283 0.06852792203426361
4 0.045050762593746185 0.760152280330658 0.029187817126512527 0.06345177441835403
5 0.7963197827339172 0.8470812439918518 0.09263959527015686 0.04949238523840904
