5 0.1909523755311966 0.3623809516429901 0.012380952015519142 0.010476190596818924
4 0.18238095939159393 0.36571428179740906 0.004761904943734407 0.003809523768723011
0 0.1723809540271759 0.36476191878318787 0.007619047537446022 0.003809523768723011
9 0.23619048297405243 0.3633333444595337 0.013333333656191826 0.010476190596818924
0 0.22523809969425201 0.36761903762817383 0.014285714365541935 0.0057142856530845165
4 0.24809524416923523 0.369047611951828 0.008571428246796131 0.006666666828095913
4 0.2780952453613281 0.3709523677825928 0.015238095074892044 0.008571428246796131
4 0.3214285671710968 0.3766666650772095 0.014285714365541935 0.008571428246796131
4 0.36714285612106323 0.3795238137245178 0.016190476715564728 0.010476190596818924
4 0.40190476179122925 0.3880952298641205 0.01904761977493763 0.010476190596818924
0 0.25952380895614624 0.37190476059913635 0.004761904943734407 0.004761904943734407
0 0.2914285659790039 0.3766666650772095 0.003809523768723011 0.006666666828095913
4 0.3385714292526245 0.3709523677825928 0.012380952015519142 0.004761904943734407
0 0.2990476191043854 0.36666667461395264 0.003809523768723011 0.003809523768723011
0 0.3338095247745514 0.3819047510623932 0.004761904943734407 0.009523809887468815
0 0.3523809611797333 0.38476189970970154 0.0057142856530845165 0.009523809887468815
0 0.3866666555404663 0.38904762268066406 0.003809523768723011 0.006666666828095913
0 0.3795238137245178 0.38952380418777466 0.004761904943734407 0.0057142856530845165
4 0.45047619938850403 0.39095237851142883 0.020952381193637848 0.012380952015519142
0 0.45476189255714417 0.40190476179122925 0.018095238134264946 0.009523809887468815
2 0.5280952453613281 0.4095238149166107 0.006666666828095913 0.007619047537446022
10 0.5290476083755493 0.4161904752254486 0.008571428246796131 0.0057142856530845165
2 0.5628571510314941 0.41238096356391907 0.007619047537446022 0.009523809887468815
0 0.4342857003211975 0.37761905789375305 0.0057142856530845165 0.008571428246796131
0 0.44999998807907104 0.3795238137245178 0.004761904943734407 0.006666666828095913
0 0.453809529542923 0.3795238137245178 0.006666666828095913 0.008571428246796131
1 0.48428571224212646 0.3799999952316284 0.0028571428265422583 0.0057142856530845165
10 0.48428571224212646 0.38285714387893677 0.006666666828095913 0.0057142856530845165
4 0.5614285469055176 0.3933333456516266 0.027619047090411186 0.011428571306169033
1 0.689047634601593 0.43190476298332214 0.006666666828095913 0.012380952015519142
10 0.691428542137146 0.4404761791229248 0.01904761977493763 0.012380952015519142
5 0.7680952548980713 0.427142858505249 0.10000000149011612 0.05999999865889549
1 0.8319047689437866 0.4571428596973419 0.008571428246796131 0.015238095074892044
10 0.8342857360839844 0.46619048714637756 0.024761904031038284 0.02190476283431053
4 0.9514285922050476 0.43809524178504944 0.05904762074351311 0.01904761977493763
