4 0.9974619150161743 0.17766498029232025 0.005076142027974129 0.010152284055948257
4 0.9892131686210632 0.26269036531448364 0.02157360315322876 0.010152284055948257
4 0.9549492597579956 0.26332488656044006 0.0241116750985384 0.008883249014616013
4 0.9187816977500916 0.2639593780040741 0.022842640057206154 0.010152284055948257
4 0.8521573543548584 0.26522842049598694 0.029187817126512527 0.012690355069935322
4 0.8876903653144836 0.26332488656044006 0.029187817126512527 0.011421320028603077
4 0.8007614016532898 0.26522842049598694 0.03553299605846405 0.012690355069935322
4 0.8730964660644531 0.2614213228225708 0.020304568111896515 0.010152284055948257
4 0.9213197827339172 0.2614213228225708 0.022842640057206154 0.012690355069935322
4 0.9536802172660828 0.26269036531448364 0.0241116750985384 0.007614213041961193
4 0.9885786771774292 0.2620558440685272 0.022842640057206154 0.008883249014616013
4 0.30203044414520264 0.5057106614112854 0.027918782085180283 0.013959391042590141
5 0.5685279369354248 0.34517765045166016 0.020304568111896515 0.022842640057206154
6 0.635152280330658 0.35342639684677124 0.039340101182460785 0.05456852912902832
1 0.5190355181694031 0.3946700394153595 0.005076142027974129 0.015228426083922386
1 0.5837563276290894 0.3242385685443878 0.005076142027974129 0.013959391042590141
1 0.24048224091529846 0.6186548471450806 0.008883249014616013 0.01903553307056427
1 0.1960659921169281 0.6446700692176819 0.011421320028603077 0.027918782085180283
1 0.1453045755624771 0.6630710363388062 0.011421320028603077 0.02157360315322876
1 0.12373096495866776 0.663705587387085 0.008883249014616013 0.017766498029232025
1 0.3090101480484009 0.6008883118629456 0.008883249014616013 0.01903553307056427
1 0.12690354883670807 0.682741105556488 0.007614213041961193 0.015228426083922386
1 0.004441624507308006 0.6694162487983704 0.008883249014616013 0.02157360315322876
1 0.033629439771175385 0.6624365448951721 0.008883249014616013 0.015228426083922386
3 0.09137056022882462 0.7658629417419434 0.03299492225050926 0.02157360315322876
6 0.13451775908470154 0.7690355181694031 0.1675126850605011 0.11167512834072113
9 0.2189086228609085 0.7798223495483398 0.17385786771774292 0.18908628821372986
