4 0.5596446990966797 0.01586294360458851 0.022842640057206154 0.03172588720917702
4 0.5894669890403748 0.04568528011441231 0.01903553307056427 0.04314720630645752
4 0.5520304441452026 0.11802030354738235 0.020304568111896515 0.055837564170360565
5 0.6605330109596252 0.060913704335689545 0.02157360315322876 0.04060913622379303
4 0.6624365448951721 0.19479694962501526 0.020304568111896515 0.05203045532107353
4 0.5831218361854553 0.2303299456834793 0.02157360315322876 0.05710659921169281
4 0.6624365448951721 0.33375635743141174 0.025380710139870644 0.060913704335689545
4 0.5228426456451416 0.4854061007499695 0.025380710139870644 0.06979695707559586
5 0.567893385887146 0.5152284502983093 0.026649747043848038 0.07614213228225708
4 0.5095177888870239 0.6725888252258301 0.029187817126512527 0.07360406219959259
4 0.5558375716209412 0.6687816977500916 0.025380710139870644 0.07868020236492157
4 0.6662436723709106 0.624365508556366 0.030456852167844772 0.07360406219959259
4 0.6706852912902832 0.7449238300323486 0.026649747043848038 0.07868020236492157
