4 0.9695431590080261 0.4803299605846405 0.060913704335689545 0.06218273937702179
4 0.7563451528549194 0.6116751432418823 0.08375634253025055 0.06598984450101852
4 0.932106614112854 0.9263959527015686 0.05710659921169281 0.11675126850605011
4 0.46192893385887146 0.7855330109596252 0.08629441261291504 0.06852792203426361
4 0.6319797039031982 0.6053299307823181 0.0964467003941536 0.07614213228225708
4 0.7189086079597473 0.46763959527015686 0.07994923740625381 0.06979695707559586
4 0.11167512834072113 0.9600253701210022 0.14974619448184967 0.07741116732358932
1 0.278553307056427 0.6763959527015686 0.01649746112525463 0.027918782085180283
1 0.6205583810806274 0.7836294174194336 0.010152284055948257 0.013959391042590141
1 0.789340078830719 0.7385786771774292 0.015228426083922386 0.03553299605846405
1 0.8064720630645752 0.7296954393386841 0.01649746112525463 0.030456852167844772
1 0.7100253701210022 0.7290608882904053 0.008883249014616013 0.01903553307056427
1 0.7658629417419434 0.7138324975967407 0.008883249014616013 0.01903553307056427
4 0.9587563276290894 0.6884517669677734 0.05456852912902832 0.09771573543548584
