4 0.0881979689002037 0.7544416189193726 0.034263961017131805 0.05710659921169281
4 0.04314720630645752 0.7461928725242615 0.03553299605846405 0.053299494087696075
4 0.10596446692943573 0.682106614112854 0.029187817126512527 0.04949238523840904
5 0.20939086377620697 0.6916243433952332 0.03553299605846405 0.060913704335689545
5 0.16878172755241394 0.6046954393386841 0.022842640057206154 0.04441624507308006
4 0.06598984450101852 0.5437816977500916 0.020304568111896515 0.03172588720917702
4 0.0025380710139870644 0.538705587387085 0.005076142027974129 0.039340101182460785
4 0.018401015549898148 0.5063451528549194 0.03172588720917702 0.03299492225050926
4 0.15799492597579956 0.5145938992500305 0.0241116750985384 0.039340101182460785
5 0.17512691020965576 0.43654823303222656 0.03299492225050926 0.03807106614112854
4 0.14847715198993683 0.38515228033065796 0.0482233501970768 0.026649747043848038
9 0.2531725764274597 0.32487308979034424 0.09771573543548584 0.0482233501970768
4 0.017131980508565903 0.9340101480484009 0.03172588720917702 0.0710659921169281
4 0.13832487165927887 0.9340101480484009 0.03807106614112854 0.06598984450101852
4 0.18591371178627014 0.9168781638145447 0.05203045532107353 0.06979695707559586
