4 0.8737309575080872 0.8426395654678345 0.041878171265125275 0.08375634253025055
4 0.6015228629112244 0.778553307056427 0.0482233501970768 0.10279187560081482
4 0.6300761699676514 0.6085025668144226 0.039340101182460785 0.0596446692943573
9 0.3857868015766144 0.5241116881370544 0.053299494087696075 0.1675126850605011
4 0.2360406070947647 0.5774111747741699 0.03807106614112854 0.04060913622379303
4 0.12119289487600327 0.4892131984233856 0.029187817126512527 0.034263961017131805
4 0.19987308979034424 0.3838832378387451 0.034263961017131805 0.01903553307056427
9 0.013324873521924019 0.4828680157661438 0.026649747043848038 0.0596446692943573
5 0.8083756566047668 0.7151015400886536 0.04060913622379303 0.07233502715826035
9 0.8623096346855164 0.557106614112854 0.06979695707559586 0.10659898817539215
4 0.9790608882904053 0.5729695558547974 0.041878171265125275 0.05203045532107353
10 0.9263959527015686 0.2690355181694031 0.025380710139870644 0.015228426083922386
4 0.4409898519515991 0.07487309724092484 0.01903553307056427 0.020304568111896515
6 0.5704314708709717 0.19670051336288452 0.03172588720917702 0.055837564170360565
4 0.539340078830719 0.13007614016532898 0.027918782085180283 0.026649747043848038
5 0.6395938992500305 0.023477157577872276 0.03553299605846405 0.026649747043848038
4 0.6199238300323486 0.006345177534967661 0.0241116750985384 0.012690355069935322
6 0.7182741165161133 0.06979695707559586 0.03553299605846405 0.020304568111896515
6 0.7544416189193726 0.07360406219959259 0.034263961017131805 0.020304568111896515
6 0.8064720630645752 0.08312182873487473 0.034263961017131805 0.029187817126512527
6 0.8299492597579956 0.08439086377620697 0.03553299605846405 0.029187817126512527
6 0.7182741165161133 0.033629439771175385 0.027918782085180283 0.026649747043848038
6 0.7347715497016907 0.03616751357913017 0.027918782085180283 0.026649747043848038
6 0.7525380849838257 0.03870558366179466 0.03299492225050926 0.029187817126512527
6 0.7709391117095947 0.041878171265125275 0.034263961017131805 0.030456852167844772
6 0.8032994866371155 0.04695431515574455 0.03299492225050926 0.03299492225050926
6 0.8217005133628845 0.04949238523840904 0.034263961017131805 0.03299492225050926
6 0.8515228629112244 0.05456852912902832 0.03299492225050926 0.03299492225050926
6 0.875634491443634 0.055837564170360565 0.03299492225050926 0.03299492225050926
5 0.7563451528549194 0.013959391042590141 0.03299492225050926 0.015228426083922386
5 0.8477157354354858 0.02157360315322876 0.03299492225050926 0.017766498029232025
4 0.9257614016532898 0.01903553307056427 0.029187817126512527 0.010152284055948257
4 0.9784263968467712 0.007614213041961193 0.030456852167844772 0.015228426083922386
4 0.9689086079597473 0.013324873521924019 0.034263961017131805 0.013959391042590141
4 0.9549492597579956 0.09200507402420044 0.01903553307056427 0.0241116750985384
4 0.9739847779273987 0.09327410906553268 0.01903553307056427 0.0241116750985384
4 0.9923858046531677 0.0964467003941536 0.015228426083922386 0.022842640057206154
4 0.9930202960968018 0.0653553307056427 0.013959391042590141 0.013959391042590141
