4 0.027619047090411186 0.8176190257072449 0.05523809418082237 0.22190475463867188
4 0.23999999463558197 0.9128571152687073 0.11238095164299011 0.17428570985794067
4 0.23047618567943573 0.6566666960716248 0.08761905133724213 0.19142857193946838
5 0.03523809462785721 0.581428587436676 0.07047618925571442 0.1780952364206314
5 0.22285714745521545 0.4471428692340851 0.06666667014360428 0.14000000059604645
4 0.44380950927734375 0.27095237374305725 0.07047618925571442 0.08285713940858841
4 0.21142856776714325 0.3380952477455139 0.06285714358091354 0.09142857044935226
4 0.35476189851760864 0.07904762029647827 0.04285714402794838 0.0476190485060215
2 0.24285714328289032 0.04238095134496689 0.01904761977493763 0.04476190358400345
10 0.2433333396911621 0.04857143014669418 0.010476190596818924 0.034285712987184525
3 0.3471428453922272 0.014285714365541935 0.016190476715564728 0.02857142873108387
2 0.346190482378006 0.009047619067132473 0.010476190596818924 0.018095238134264946
1 0.5842857360839844 0.19761905074119568 0.02190476283431053 0.04285714402794838
4 0.569523811340332 0.3161904811859131 0.08571428805589676 0.0895238071680069
1 0.5699999928474426 0.1552380919456482 0.016190476715564728 0.032380953431129456
5 0.47904762625694275 0.12095238268375397 0.07047618925571442 0.08761905133724213
5 0.4395238161087036 0.0714285746216774 0.04476190358400345 0.05904762074351311
1 0.704285740852356 0.1480952352285385 0.02190476283431053 0.04095238074660301
1 0.6580952405929565 0.1071428582072258 0.022857142612338066 0.039047617465257645
1 0.6690475940704346 0.19857142865657806 0.016190476715564728 0.046666666865348816
1 0.6828571557998657 0.19142857193946838 0.020952381193637848 0.04571428522467613
1 0.6742857098579407 0.17476190626621246 0.017142856493592262 0.03523809462785721
1 0.7471428513526917 0.25380951166152954 0.027619047090411186 0.04857143014669418
5 0.6738095283508301 0.3019047677516937 0.1133333370089531 0.13333334028720856
4 0.677142858505249 0.503333330154419 0.12952381372451782 0.1361904740333557
1 0.6047618985176086 0.06904762238264084 0.013333333656191826 0.03333333507180214
1 0.5799999833106995 0.06285714358091354 0.015238095074892044 0.03999999910593033
1 0.5438095331192017 0.05476190522313118 0.015238095074892044 0.03523809462785721
1 0.5547618865966797 0.019523808732628822 0.018095238134264946 0.039047617465257645
1 0.526190459728241 0.014761905185878277 0.014285714365541935 0.029523810371756554
1 0.511904776096344 0.06142857298254967 0.012380952015519142 0.03523809462785721
7 0.5233333110809326 0.08285713940858841 0.02380952425301075 0.03809523954987526
1 0.4995238184928894 0.03285714238882065 0.012380952015519142 0.03523809462785721
1 0.488095223903656 0.03523809462785721 0.010476190596818924 0.041904762387275696
2 0.6057142615318298 0.15571428835391998 0.020952381193637848 0.037142857909202576
3 0.6080952286720276 0.15857142210006714 0.03142857179045677 0.027619047090411186
3 0.6299999952316284 0.15619046986103058 0.03333333507180214 0.04380952566862106
2 0.7547619342803955 0.19857142865657806 0.029523810371756554 0.03523809462785721
5 0.8733333349227905 0.8390476107597351 0.201904758810997 0.20380952954292297
4 0.800000011920929 0.9014285802841187 0.17714285850524902 0.1971428543329239
4 0.3766666650772095 0.8133333325386047 0.12095238268375397 0.2571428716182709
