4 0.05714285746216774 0.6190476417541504 0.11428571492433548 0.06285714358091354
4 0.0947619080543518 0.7704761624336243 0.1895238161087036 0.11999999731779099
1 0.034761905670166016 0.5361904501914978 0.037142857909202576 0.034285712987184525
5 0.27666667103767395 0.6333333253860474 0.15333333611488342 0.190476194024086
3 0.38999998569488525 0.47809523344039917 0.029523810371756554 0.04571428522467613
2 0.38904762268066406 0.4642857015132904 0.018095238134264946 0.03333333507180214
1 0.3338095247745514 0.3947618901729584 0.029523810371756554 0.03333333507180214
4 0.23476190865039825 0.027619047090411186 0.10190476477146149 0.05523809418082237
4 0.3509523868560791 0.019523808732628822 0.05238095298409462 0.039047617465257645
4 0.5895237922668457 0.017619047313928604 0.05904762074351311 0.03523809462785721
1 0.6528571248054504 0.04523809626698494 0.006666666828095913 0.029523810371756554
1 0.6438094973564148 0.034285712987184525 0.007619047537446022 0.03999999910593033
1 0.6495237946510315 0.2861904799938202 0.020952381193637848 0.04095238074660301
4 0.6152380704879761 0.11476190388202667 0.10476190596818924 0.09238095581531525
4 0.6719047427177429 0.1599999964237213 0.0771428570151329 0.095238097012043
4 0.746666669845581 0.17047618329524994 0.06857142597436905 0.09142857044935226
4 0.8104761838912964 0.19476190209388733 0.05904762074351311 0.09428571164608002
4 0.8723809719085693 0.19761905074119568 0.0533333346247673 0.09428571164608002
4 0.9519047737121582 0.18142856657505035 0.07523809373378754 0.10571428388357162
4 0.9766666889190674 0.13333334028720856 0.046666666865348816 0.1066666692495346
4 0.895714282989502 0.346190482378006 0.1133333370089531 0.08095238357782364
4 0.9209523797035217 0.4228571355342865 0.1257142871618271 0.08190476149320602
1 0.7461904883384705 0.4238095283508301 0.019999999552965164 0.02857142873108387
