5 0.09461966902017593 0.530148446559906 0.040816325694322586 0.06400742381811142
6 0.0092764375731349 0.36920222640037537 0.0185528751462698 0.040816325694322586
6 0.019016698002815247 0.3107606768608093 0.03803339600563049 0.0705009251832962
4 0.1799628883600235 0.463358074426651 0.03896103799343109 0.06400742381811142
4 0.3617810904979706 0.22495362162590027 0.03153988718986511 0.026901669800281525
4 0.3246753215789795 0.1785714328289032 0.048237476497888565 0.023191094398498535
1 0.3228200376033783 0.15584415197372437 0.007421150337904692 0.011131725274026394
1 0.213358074426651 0.10018552839756012 0.005565862637013197 0.012987012974917889
1 0.3863636255264282 0.12430426478385925 0.00463821878656745 0.007421150337904692
7 0.5765306353569031 0.9067717790603638 0.09183673560619354 0.03803339600563049
1 0.4893321096897125 0.6205936670303345 0.015769943594932556 0.0185528751462698
1 0.5422077775001526 0.6669758558273315 0.012059369124472141 0.0371057502925396
10 0.4582560360431671 0.5598330497741699 0.011131725274026394 0.023191094398498535
10 0.26298701763153076 0.6878478527069092 0.03988868370652199 0.026901669800281525
5 0.2458256036043167 0.6614100337028503 0.07606679201126099 0.048237476497888565
10 0.252782940864563 0.6141001582145691 0.03246753290295601 0.020408162847161293
10 0.23840445280075073 0.508348822593689 0.029684601351618767 0.020408162847161293
7 0.23005566000938416 0.5612244606018066 0.06493506580591202 0.029684601351618767
10 0.2782931327819824 0.47727271914482117 0.03339517489075661 0.01762523129582405
7 0.286641925573349 0.45176252722740173 0.05009276419878006 0.024118738248944283
10 0.23051947355270386 0.4243970215320587 0.02875695750117302 0.019480518996715546
7 0.27179962396621704 0.41187384724617004 0.051948051899671555 0.025974025949835777
4 0.16001854836940765 0.9712430238723755 0.13636364042758942 0.055658627301454544
4 0.2110389620065689 0.8571428656578064 0.11038961261510849 0.055658627301454544
3 0.2810760736465454 0.8265306353569031 0.044526901096105576 0.022263450548052788
1 0.13079777359962463 0.09554731100797653 0.007421150337904692 0.014842300675809383
1 0.10435992479324341 0.03803339600563049 0.00463821878656745 0.014842300675809383
1 0.07884972542524338 0.1062152162194252 0.0092764375731349 0.015769943594932556
10 0.2806122303009033 0.9522263407707214 0.05473098158836365 0.036178108304739
10 0.34833022952079773 0.8789424896240234 0.04545454680919647 0.023191094398498535
10 0.33905380964279175 0.9109461903572083 0.026901669800281525 0.03153988718986511
10 0.3316326439380646 0.7982375025749207 0.03988868370652199 0.02504638209939003
10 0.13450834155082703 0.16697588562965393 0.016697587445378304 0.0092764375731349
2 0.13543599843978882 0.16604824364185333 0.003710575168952346 0.007421150337904692
10 0.22077922523021698 0.1771799623966217 0.012987012974917889 0.024118738248944283
5 0.3863636255264282 0.1804267168045044 0.01762523129582405 0.023191094398498535
7 0.31029683351516724 0.6071428656578064 0.07699443399906158 0.034322820603847504
7 0.30519479513168335 0.5871984958648682 0.06679034978151321 0.025974025949835777
10 0.30102041363716125 0.5635436177253723 0.02875695750117302 0.019480518996715546
2 0.30380332469940186 0.29406309127807617 0.010204081423580647 0.016697587445378304
10 0.30473098158836365 0.30148422718048096 0.010204081423580647 0.020408162847161293
7 0.30519479513168335 0.6474953889846802 0.029684601351618767 0.040816325694322586
10 0.3209647536277771 0.7291280031204224 0.055658627301454544 0.03153988718986511
7 0.3970315456390381 0.9536178112030029 0.048237476497888565 0.09090909361839294
