4 0.23571428656578064 0.2328571379184723 0.039047617465257645 0.02380952425301075
4 0.12714286148548126 0.1719047576189041 0.019999999552965164 0.019999999552965164
4 0.1661904752254486 0.14523810148239136 0.03523809462785721 0.018095238134264946
4 0.20000000298023224 0.27190476655960083 0.024761904031038284 0.029523810371756554
4 0.2204761952161789 0.30047619342803955 0.027619047090411186 0.037142857909202576
4 0.07952380925416946 0.009523809887468815 0.019999999552965164 0.01904761977493763
4 0.08190476149320602 0.11238095164299011 0.032380953431129456 0.015238095074892044
4 0.07809523493051529 0.1009523794054985 0.02666666731238365 0.013333333656191826
4 0.06761904805898666 0.08047618716955185 0.030476190149784088 0.014285714365541935
4 0.07190476357936859 0.09285714477300644 0.03142857179045677 0.018095238134264946
10 0.1723809540271759 0.41904762387275696 0.009523809887468815 0.022857142612338066
8 0.21904762089252472 0.46761906147003174 0.011428571306169033 0.024761904031038284
8 0.2314285784959793 0.4457142949104309 0.013333333656191826 0.032380953431129456
4 0.22190475463867188 0.40666666626930237 0.032380953431129456 0.03619047626852989
4 0.24571429193019867 0.6819047331809998 0.04952380806207657 0.02666666731238365
5 0.13904762268066406 0.7357142567634583 0.01904761977493763 0.03523809462785721
4 0.09285714477300644 0.5547618865966797 0.05238095298409462 0.02380952425301075
10 0.2261904776096344 0.49714285135269165 0.006666666828095913 0.017142856493592262
10 0.24523809552192688 0.5142857432365417 0.02190476283431053 0.0057142856530845165
10 0.24571429193019867 0.5080952644348145 0.022857142612338066 0.008571428246796131
10 0.23999999463558197 0.49714285135269165 0.007619047537446022 0.015238095074892044
10 0.2504761815071106 0.6399999856948853 0.030476190149784088 0.011428571306169033
10 0.25 0.6171428561210632 0.02190476283431053 0.007619047537446022
10 0.2514285743236542 0.6257143020629883 0.022857142612338066 0.009523809887468815
10 0.17428570985794067 0.5204761624336243 0.01904761977493763 0.010476190596818924
2 0.1723809540271759 0.5166666507720947 0.007619047537446022 0.014285714365541935
1 0.1604761928319931 0.5733333230018616 0.008571428246796131 0.009523809887468815
10 0.11047618836164474 0.8766666650772095 0.015238095074892044 0.02190476283431053
10 0.10857142508029938 0.8638095259666443 0.020952381193637848 0.017142856493592262
10 0.11095237731933594 0.8914285898208618 0.019999999552965164 0.020952381193637848
4 0.2138095200061798 0.8909524083137512 0.027619047090411186 0.06952381134033203
10 0.1071428582072258 0.9747619032859802 0.019999999552965164 0.014285714365541935
10 0.10857142508029938 0.9647619128227234 0.024761904031038284 0.011428571306169033
10 0.10619047284126282 0.9547619223594666 0.019999999552965164 0.012380952015519142
10 0.10952381044626236 0.9442856907844543 0.020952381193637848 0.010476190596818924
10 0.06285714358091354 0.9014285802841187 0.01904761977493763 0.02190476283431053
8 0.053809523582458496 0.8590475916862488 0.04285714402794838 0.017142856493592262
