1 0.09322819858789444 0.19387754797935486 0.008348793722689152 0.014842300675809383
1 0.1391465663909912 0.2922077775001526 0.007421150337904692 0.0185528751462698
4 0.2170686423778534 0.3868274688720703 0.029684601351618767 0.03153988718986511
4 0.34137290716171265 0.6076066493988037 0.08348794281482697 0.03896103799343109
4 0.3529684543609619 0.5797773599624634 0.08256029337644577 0.040816325694322586
4 0.34183672070503235 0.5575138926506042 0.07884972542524338 0.03896103799343109
4 0.34044528007507324 0.5347866415977478 0.055658627301454544 0.036178108304739
4 0.3163265287876129 0.4948979616165161 0.0705009251832962 0.03988868370652199
4 0.8395176529884338 0.9466604590415955 0.06493506580591202 0.10482374578714371
4 0.9990723729133606 0.9531539678573608 0.001855287468060851 0.09183673560619354
4 0.948515772819519 0.7643784880638123 0.05658626928925514 0.06864564120769501
10 0.8956400752067566 0.728200376033783 0.02133580669760704 0.025974025949835777
4 0.994434118270874 0.48237475752830505 0.011131725274026394 0.0371057502925396
4 0.9100185632705688 0.4967532455921173 0.05009276419878006 0.04916512221097946
7 0.9865491390228271 0.44851577281951904 0.026901669800281525 0.023191094398498535
4 0.9666048288345337 0.4332096576690674 0.05751391500234604 0.0352504625916481
4 0.801484227180481 0.4271799623966217 0.04638218879699707 0.03803339600563049
5 0.8636363744735718 0.3580704927444458 0.051948051899671555 0.03339517489075661
10 0.7866419553756714 0.30473098158836365 0.0092764375731349 0.01762523129582405
10 0.7949907183647156 0.2912801504135132 0.0092764375731349 0.014842300675809383
10 0.8427643775939941 0.3218923807144165 0.013914656825363636 0.014842300675809383
10 0.7592764496803284 0.2810760736465454 0.015769943594932556 0.0185528751462698
10 0.6289424896240234 0.2564935088157654 0.011131725274026394 0.008348793722689152
2 0.6289424896240234 0.25 0.005565862637013197 0.012059369124472141
4 0.6539888978004456 0.22541743516921997 0.027829313650727272 0.025974025949835777
4 0.6971243023872375 0.2156771868467331 0.02875695750117302 0.02504638209939003
4 0.7258812785148621 0.20269016921520233 0.02504638209939003 0.02133580669760704
6 0.5992578864097595 0.15909090638160706 0.0705009251832962 0.03246753290295601
4 0.8390538096427917 0.7388682961463928 0.05287569388747215 0.07513915002346039
5 0.5895176529884338 0.7430426478385925 0.05287569388747215 0.05009276419878006
