1 0.3204762041568756 0.8676190376281738 0.04095238074660301 0.06476190686225891
1 0.8080952167510986 0.38523808121681213 0.02380952425301075 0.039047617465257645
5 0.06476190686225891 0.758571445941925 0.12952381372451782 0.13809524476528168
6 0.9190475940704346 0.3561904728412628 0.16190476715564728 0.12761904299259186
6 0.7090476155281067 0.34904763102531433 0.06380952149629593 0.058095239102840424
7 0.4947619140148163 0.4933333396911621 0.05999999865889549 0.05714285746216774
1 0.4690476059913635 0.5133333206176758 0.014285714365541935 0.041904762387275696
1 0.46619048714637756 0.48523810505867004 0.010476190596818924 0.03523809462785721
1 0.47857141494750977 0.45571428537368774 0.012380952015519142 0.04285714402794838
1 0.42523810267448425 0.5004761815071106 0.012380952015519142 0.039047617465257645
1 0.40761905908584595 0.5099999904632568 0.015238095074892044 0.04095238074660301
1 0.41428571939468384 0.47904762625694275 0.011428571306169033 0.034285712987184525
1 0.4338095188140869 0.5395237803459167 0.010476190596818924 0.03333333507180214
