4 0.33692893385887146 0.23667512834072113 0.006345177534967661 0.006345177534967661
5 0.3610406219959259 0.2779187858104706 0.006345177534967661 0.007614213041961193
4 0.3667512834072113 0.2848984897136688 0.007614213041961193 0.0038071065209805965
4 0.37373095750808716 0.30583757162094116 0.008883249014616013 0.005076142027974129
4 0.39911168813705444 0.30203044414520264 0.006345177534967661 0.005076142027974129
4 0.37880709767341614 0.29631978273391724 0.006345177534967661 0.006345177534967661
4 0.38197970390319824 0.2893401086330414 0.005076142027974129 0.005076142027974129
4 0.3832487165927887 0.273477166891098 0.005076142027974129 0.006345177534967661
0 0.3401015102863312 0.2303299456834793 0.022842640057206154 0.011421320028603077
5 0.5038071274757385 0.4854061007499695 0.010152284055948257 0.013959391042590141
5 0.40736040472984314 0.5348984599113464 0.012690355069935322 0.01649746112525463
5 0.4232233464717865 0.5793147087097168 0.011421320028603077 0.013959391042590141
4 0.4777918756008148 0.45558375120162964 0.01649746112525463 0.010152284055948257
4 0.41941624879837036 0.5602791905403137 0.008883249014616013 0.013959391042590141
9 0.4524111747741699 0.43654823303222656 0.05456852912902832 0.022842640057206154
9 0.43274110555648804 0.48477157950401306 0.012690355069935322 0.020304568111896515
6 0.44225889444351196 0.6110405921936035 0.029187817126512527 0.029187817126512527
4 0.39340102672576904 0.5196700692176819 0.017766498029232025 0.013959391042590141
4 0.408629447221756 0.4467005133628845 0.015228426083922386 0.010152284055948257
1 0.4206852912902832 0.4746192991733551 0.0038071065209805965 0.007614213041961193
1 0.4435279071331024 0.4708121716976166 0.0038071065209805965 0.005076142027974129
1 0.44796955585479736 0.46192893385887146 0.0025380710139870644 0.005076142027974129
1 0.4295685291290283 0.47017765045166016 0.0038071065209805965 0.006345177534967661
4 0.9365482330322266 0.4771573543548584 0.007614213041961193 0.007614213041961193
1 0.1986040621995926 0.8331218361854553 0.006345177534967661 0.013959391042590141
2 0.4492385685443878 0.924492359161377 0.010152284055948257 0.011421320028603077
