4 0.26586294174194336 0.15799492597579956 0.02157360315322876 0.0241116750985384
5 0.2950507700443268 0.28236040472984314 0.029187817126512527 0.03172588720917702
4 0.37309643626213074 0.3546954393386841 0.030456852167844772 0.03172588720917702
4 0.4574873149394989 0.3381979763507843 0.034263961017131805 0.039340101182460785
5 0.6173858046531677 0.25951775908470154 0.05203045532107353 0.034263961017131805
11 0.4854061007499695 0.11865482479333878 0.026649747043848038 0.03172588720917702
11 0.6859136819839478 0.22208121418952942 0.07233502715826035 0.04568528011441231
11 0.7906091213226318 0.2620558440685272 0.060913704335689545 0.039340101182460785
9 0.4689086377620697 0.6586294174194336 0.06725887954235077 0.17258882522583008
6 0.5659898519515991 0.6053299307823181 0.06345177441835403 0.0939086303114891
4 0.5317258834838867 0.9308375716209412 0.03553299605846405 0.07741116732358932
