4 0.9651015400886536 0.7265228629112244 0.036802031099796295 0.10025380551815033
4 0.7798223495483398 0.7049492597579956 0.04441624507308006 0.09010152518749237
4 0.7690355181694031 0.30266496539115906 0.04060913622379303 0.06472080945968628
4 0.9631979465484619 0.2868020236492157 0.03807106614112854 0.06598984450101852
4 0.9441624283790588 0.03172588720917702 0.04314720630645752 0.055837564170360565
1 0.5602791905403137 0.4593908488750458 0.013959391042590141 0.025380710139870644
1 0.5736040472984314 0.32868021726608276 0.010152284055948257 0.022842640057206154
1 0.17703045904636383 0.4574873149394989 0.0241116750985384 0.01649746112525463
1 0.23730964958667755 0.030456852167844772 0.010152284055948257 0.022842640057206154
1 0.23223350942134857 0.02157360315322876 0.007614213041961193 0.020304568111896515
1 0.22208121418952942 0.027918782085180283 0.010152284055948257 0.017766498029232025
1 0.053299494087696075 0.710659921169281 0.027918782085180283 0.020304568111896515
1 0.025380710139870644 0.7626903653144836 0.025380710139870644 0.027918782085180283
1 0.1192893385887146 0.778553307056427 0.030456852167844772 0.01649746112525463
2 0.11992385983467102 0.466370552778244 0.011421320028603077 0.013959391042590141
2 0.13007614016532898 0.4689086377620697 0.011421320028603077 0.01903553307056427
2 0.14149746298789978 0.4695431590080261 0.01649746112525463 0.012690355069935322
2 0.1535532921552658 0.47017765045166016 0.010152284055948257 0.013959391042590141
2 0.1675126850605011 0.4695431590080261 0.015228426083922386 0.017766498029232025
2 0.17258882522583008 0.4777918756008148 0.015228426083922386 0.011421320028603077
2 0.17956852912902832 0.48477157950401306 0.008883249014616013 0.012690355069935322
2 0.1871827393770218 0.4752538204193115 0.013959391042590141 0.01649746112525463
2 0.19987308979034424 0.4746192991733551 0.008883249014616013 0.015228426083922386
2 0.12563452124595642 0.49302029609680176 0.012690355069935322 0.013959391042590141
2 0.1364213228225708 0.49238577485084534 0.013959391042590141 0.012690355069935322
2 0.14340101182460785 0.4860406219959259 0.010152284055948257 0.012690355069935322
2 0.15482233464717865 0.4828680157661438 0.017766498029232025 0.013959391042590141
2 0.14593908190727234 0.49555838108062744 0.012690355069935322 0.013959391042590141
2 0.15545685589313507 0.49302029609680176 0.011421320028603077 0.013959391042590141
2 0.16370558738708496 0.500634491443634 0.010152284055948257 0.01649746112525463
2 0.1700507551431656 0.4942893385887146 0.010152284055948257 0.013959391042590141
2 0.17829948663711548 0.49619290232658386 0.008883249014616013 0.012690355069935322
2 0.18591371178627014 0.4968274235725403 0.011421320028603077 0.01649746112525463
2 0.19796954095363617 0.494923859834671 0.015228426083922386 0.017766498029232025
