6 0.0019035532604902983 0.033629439771175385 0.0038071065209805965 0.008883249014616013
4 0.0057106600143015385 0.04631979763507843 0.006345177534967661 0.006345177534967661
4 0.0031725887674838305 0.05520304664969444 0.006345177534967661 0.0038071065209805965
4 0.0006345177534967661 0.060913704335689545 0.0012690355069935322 0.005076142027974129
4 0.010152284055948257 0.0653553307056427 0.007614213041961193 0.006345177534967661
4 0.0031725887674838305 0.0824873074889183 0.006345177534967661 0.005076142027974129
4 0.004441624507308006 0.09137056022882462 0.008883249014616013 0.007614213041961193
4 0.010152284055948257 0.10659898817539215 0.007614213041961193 0.007614213041961193
4 0.0 0.1078680232167244 0.0 0.007614213041961193
4 0.0 0.11865482479333878 0.0 0.006345177534967661
5 0.0012690355069935322 0.13007614016532898 0.0025380710139870644 0.011421320028603077
10 0.02157360315322876 0.16560913622379303 0.005076142027974129 0.008883249014616013
4 0.01649746112525463 0.22525380551815033 0.010152284055948257 0.011421320028603077
4 0.03553299605846405 0.23984771966934204 0.012690355069935322 0.017766498029232025
4 0.06598984450101852 0.2893401086330414 0.015228426083922386 0.017766498029232025
5 0.03997461870312691 0.35659897327423096 0.013959391042590141 0.022842640057206154
9 0.005076142027974129 0.4175126850605011 0.010152284055948257 0.025380710139870644
4 0.0 0.48413705825805664 0.0 0.03172588720917702
4 0.028553299605846405 0.49238577485084534 0.02157360315322876 0.030456852167844772
4 0.0710659921169281 0.5152284502983093 0.022842640057206154 0.03553299605846405
4 0.02728426456451416 0.614847719669342 0.026649747043848038 0.04695431515574455
4 0.0025380710139870644 0.8737309575080872 0.005076142027974129 0.07994923740625381
9 0.06916243582963943 0.799492359161377 0.04949238523840904 0.18020305037498474
9 0.5532994866371155 0.8381979465484619 0.060913704335689545 0.09517766535282135
1 0.49238577485084534 0.6294416189193726 0.007614213041961193 0.022842640057206154
6 0.4549492299556732 0.6142131686210632 0.04949238523840904 0.08121827244758606
6 0.4257614314556122 0.557106614112854 0.05456852912902832 0.060913704335689545
6 0.4010152220726013 0.5031725764274597 0.03553299605846405 0.05710659921169281
6 0.3546954393386841 0.476522833108902 0.041878171265125275 0.07233502715826035
6 0.3743654787540436 0.45558375120162964 0.027918782085180283 0.0482233501970768
4 0.341370552778244 0.3629441559314728 0.017766498029232025 0.017766498029232025
4 0.283629447221756 0.26840102672576904 0.013959391042590141 0.013959391042590141
4 0.2722081243991852 0.25951775908470154 0.013959391042590141 0.011421320028603077
5 0.2607868015766144 0.2525380849838257 0.011421320028603077 0.012690355069935322
4 0.24048224091529846 0.23159898817539215 0.011421320028603077 0.011421320028603077
6 0.22525380551815033 0.22779187560081482 0.013959391042590141 0.0241116750985384
6 0.21065989136695862 0.21129441261291504 0.020304568111896515 0.01903553307056427
5 0.20114213228225708 0.19796954095363617 0.011421320028603077 0.010152284055948257
4 0.1903553307056427 0.19098985195159912 0.010152284055948257 0.008883249014616013
4 0.1821065992116928 0.18527919054031372 0.008883249014616013 0.007614213041961193
4 0.16814720630645752 0.17258882522583008 0.008883249014616013 0.007614213041961193
4 0.16243654489517212 0.1675126850605011 0.007614213041961193 0.007614213041961193
4 0.1560913771390915 0.16370558738708496 0.007614213041961193 0.007614213041961193
4 0.102157361805439 0.1421319842338562 0.008883249014616013 0.007614213041961193
0 0.10532994568347931 0.1275380700826645 0.058375634253025055 0.026649747043848038
4 0.09137056022882462 0.10913705825805664 0.007614213041961193 0.005076142027974129
9 0.0939086303114891 0.09581217914819717 0.025380710139870644 0.011421320028603077
9 0.07550761103630066 0.08375634253025055 0.006345177534967661 0.010152284055948257
4 0.0710659921169281 0.0939086303114891 0.007614213041961193 0.005076142027974129
4 0.06472080945968628 0.08565989881753922 0.007614213041961193 0.006345177534967661
0 0.04441624507308006 0.03553299605846405 0.06598984450101852 0.0710659921169281
