4 0.2918781638145447 0.026015227660536766 0.025380710139870644 0.029187817126512527
4 0.18972080945968628 0.2157360464334488 0.026649747043848038 0.03807106614112854
4 0.34835025668144226 0.1192893385887146 0.0241116750985384 0.03299492225050926
4 0.2848984897136688 0.21637055277824402 0.0241116750985384 0.034263961017131805
4 0.3972081243991852 0.2848984897136688 0.027918782085180283 0.039340101182460785
4 0.37309643626213074 0.35088831186294556 0.027918782085180283 0.04441624507308006
4 0.1763959378004074 0.3604061007499695 0.025380710139870644 0.04314720630645752
4 0.22652284801006317 0.44733503460884094 0.029187817126512527 0.04695431515574455
9 0.3039340078830719 0.5088832378387451 0.06472080945968628 0.1421319842338562
4 0.24873095750808716 0.5653553009033203 0.027918782085180283 0.05203045532107353
5 0.27411168813705444 0.7284263968467712 0.03553299605846405 0.06598984450101852
4 0.3692893385887146 0.7982233762741089 0.03807106614112854 0.06598984450101852
4 0.31408628821372986 0.8895938992500305 0.036802031099796295 0.06852792203426361
4 0.4777918756008148 0.7455583810806274 0.039340101182460785 0.07233502715826035
5 0.9562183022499084 0.624365508556366 0.04441624507308006 0.058375634253025055
5 0.9860405921936035 0.6421319842338562 0.027918782085180283 0.060913704335689545
6 0.7823604345321655 0.19733501970767975 0.04441624507308006 0.04695431515574455
9 0.7074872851371765 0.16624365746974945 0.026649747043848038 0.04568528011441231
9 0.7588832378387451 0.1814720779657364 0.03807106614112854 0.04314720630645752
