4 0.654187798500061 0.28299492597579956 0.02157360315322876 0.007614213041961193
4 0.6668781638145447 0.3007614314556122 0.026649747043848038 0.010152284055948257
9 0.7677664756774902 0.283629447221756 0.06598984450101852 0.0241116750985384
5 0.8629441857337952 0.312817245721817 0.03299492225050926 0.01649746112525463
5 0.7829949259757996 0.6211928725242615 0.06345177441835403 0.03172588720917702
4 0.7550761699676514 0.6135786771774292 0.055837564170360565 0.029187817126512527
4 0.7411167621612549 0.6408629417419434 0.04060913622379303 0.030456852167844772
4 0.7024111747741699 0.6123096346855164 0.036802031099796295 0.03172588720917702
5 0.6757614016532898 0.5983502268791199 0.04949238523840904 0.03172588720917702
4 0.6427664756774902 0.5932741165161133 0.036802031099796295 0.029187817126512527
4 0.4295685291290283 0.5932741165161133 0.03172588720917702 0.03172588720917702
9 0.5266497731208801 0.5431472063064575 0.06852792203426361 0.022842640057206154
9 0.3502538204193115 0.6548223495483398 0.07868020236492157 0.03807106614112854
9 0.4397208094596863 0.6649746298789978 0.09010152518749237 0.04568528011441231
9 0.5247461795806885 0.7017766237258911 0.06218273937702179 0.06852792203426361
9 0.3921319842338562 0.750634491443634 0.07614213228225708 0.0824873074889183
9 0.5647208094596863 0.7588832378387451 0.053299494087696075 0.08121827244758606
4 0.5920050740242004 0.807106614112854 0.029187817126512527 0.03299492225050926
6 0.7544416189193726 0.8692893385887146 0.09010152518749237 0.12690354883670807
9 0.2360406070947647 0.8121827244758606 0.12690354883670807 0.07360406219959259
9 0.30583757162094116 0.8496192693710327 0.12182740867137909 0.07741116732358932
9 0.15736040472984314 0.8826141953468323 0.1395939141511917 0.0824873074889183
9 0.19098985195159912 0.9574872851371765 0.18401014804840088 0.0824873074889183
9 0.036802031099796295 0.9118020534515381 0.07360406219959259 0.07233502715826035
5 0.09137056022882462 0.8477157354354858 0.09898477047681808 0.060913704335689545
6 0.052664972841739655 0.9771573543548584 0.10532994568347931 0.04314720630645752
9 0.5539340376853943 0.9676395654678345 0.23984771966934204 0.06218273937702179
