4 0.02428571507334709 0.42571428418159485 0.04857143014669418 0.16571427881717682
5 0.10904762148857117 0.2209523767232895 0.08095238357782364 0.11619047820568085
4 0.18809524178504944 0.20999999344348907 0.08857142925262451 0.08666666597127914
5 0.16857142746448517 0.1366666704416275 0.07809523493051529 0.08666666597127914
1 0.1071428582072258 0.12238094955682755 0.03142857179045677 0.056190475821495056
5 0.21761904656887054 0.09285714477300644 0.0657142847776413 0.0657142847776413
5 0.23000000417232513 0.03333333507180214 0.06190476194024086 0.060952380299568176
5 0.273333340883255 0.04857143014669418 0.05714285746216774 0.07428571581840515
4 0.27047619223594666 0.007619047537446022 0.04380952566862106 0.015238095074892044
4 0.38428571820259094 0.2800000011920929 0.07523809373378754 0.1066666692495346
1 0.6761904954910278 0.13380952179431915 0.020952381193637848 0.05047618970274925
1 0.7357142567634583 0.15952381491661072 0.02190476283431053 0.046666666865348816
1 0.7742857336997986 0.6966666579246521 0.03619047626852989 0.058095239102840424
1 0.9095237851142883 0.45476189255714417 0.034285712987184525 0.05047618970274925
3 0.7871428728103638 0.14142857491970062 0.04285714402794838 0.04285714402794838
10 0.8095238208770752 0.22285714745521545 0.034285712987184525 0.051428571343421936
4 0.6200000047683716 0.2971428632736206 0.07238095253705978 0.11809524148702621
5 0.700952410697937 0.03095238097012043 0.05714285746216774 0.06190476194024086
10 0.8304761648178101 0.3638095259666443 0.02857142873108387 0.04952380806207657
10 0.8557142615318298 0.43142858147621155 0.06952381134033203 0.03809523954987526
4 0.47999998927116394 0.23952381312847137 0.06476190686225891 0.09619047492742538
4 0.4933333396911621 0.15190476179122925 0.0476190485060215 0.06380952149629593
4 0.4985714256763458 0.0890476182103157 0.04476190358400345 0.06761904805898666
5 0.5090476274490356 0.02190476283431053 0.04285714402794838 0.041904762387275696
5 0.6190476417541504 0.43857142329216003 0.07619047909975052 0.1247619017958641
4 0.3871428668498993 0.7799999713897705 0.10952381044626236 0.18857142329216003
10 0.9823809266090393 0.7309523820877075 0.03523809462785721 0.037142857909202576
10 0.9895238280296326 0.7623809576034546 0.020952381193637848 0.05428571254014969
4 0.45571428537368774 0.38904762268066406 0.10761904716491699 0.1552380919456482
5 0.4214285612106323 0.5509523749351501 0.10952381044626236 0.18000000715255737
