4 0.026437846943736076 0.2820037007331848 0.05287569388747215 0.03339517489075661
10 0.0742115005850792 0.3256029784679413 0.027829313650727272 0.0185528751462698
1 0.0718923956155777 0.3520408272743225 0.010204081423580647 0.02133580669760704
10 0.1391465663909912 0.3548237383365631 0.020408162847161293 0.015769943594932556
4 0.6076066493988037 0.27365490794181824 0.04267161339521408 0.0352504625916481
6 0.6943413615226746 0.20176252722740173 0.062152132391929626 0.062152132391929626
5 0.7388682961463928 0.1776437908411026 0.034322820603847504 0.02875695750117302
4 0.9526901841163635 0.19897958636283875 0.03153988718986511 0.030612245202064514
4 0.9902597665786743 0.051484230905771255 0.019480518996715546 0.019480518996715546
4 0.8334879279136658 0.11085343360900879 0.02504638209939003 0.019480518996715546
4 0.8970315456390381 0.062152132391929626 0.027829313650727272 0.020408162847161293
4 0.8947124481201172 0.19666048884391785 0.030612245202064514 0.03153988718986511
4 0.8766233921051025 0.2175324708223343 0.027829313650727272 0.026901669800281525
4 0.8010203838348389 0.2880333960056305 0.04174397140741348 0.030612245202064514
4 0.7708719968795776 0.3209647536277771 0.04267161339521408 0.0352504625916481
5 0.7360853552818298 0.30844154953956604 0.05473098158836365 0.05473098158836365
5 0.701298713684082 0.3492578864097595 0.03896103799343109 0.03988868370652199
5 0.7128942608833313 0.36781075596809387 0.04730983451008797 0.04545454680919647
5 0.9132652878761292 0.048237476497888565 0.02133580669760704 0.024118738248944283
5 0.9285714030265808 0.037569575011730194 0.022263450548052788 0.01762523129582405
5 0.9415584206581116 0.024118738248944283 0.024118738248944283 0.024118738248944283
4 0.6470315456390381 0.435992568731308 0.04359925910830498 0.048237476497888565
4 0.6567717790603638 0.5199443697929382 0.055658627301454544 0.04916512221097946
5 0.5306122303009033 0.5102040767669678 0.05751391500234604 0.048237476497888565
5 0.5756029486656189 0.5097402334213257 0.04916512221097946 0.04730983451008797
4 0.5621521472930908 0.30890539288520813 0.044526901096105576 0.0352504625916481
4 0.5227272510528564 0.33719852566719055 0.04545454680919647 0.036178108304739
4 0.48515769839286804 0.3659554719924927 0.044526901096105576 0.03988868370652199
6 0.4243970215320587 0.3961038887500763 0.07699443399906158 0.07792207598686218
5 0.3650278151035309 0.45037105679512024 0.05658626928925514 0.05287569388747215
4 0.29638218879699707 0.5060296654701233 0.05844155699014664 0.05287569388747215
4 0.45222634077072144 0.5765306353569031 0.062152132391929626 0.05473098158836365
4 0.4958255887031555 0.5867347121238708 0.06400742381811142 0.06029684469103813
10 0.603432297706604 0.5296846032142639 0.02875695750117302 0.020408162847161293
10 0.5602968335151672 0.6071428656578064 0.0352504625916481 0.030612245202064514
10 0.5222634673118591 0.7356215119361877 0.040816325694322586 0.029684601351618767
10 0.5231910943984985 0.6289424896240234 0.03153988718986511 0.022263450548052788
10 0.5120593905448914 0.6470315456390381 0.03153988718986511 0.015769943594932556
10 0.5143784880638123 0.6702226400375366 0.03803339600563049 0.019480518996715546
10 0.5013914704322815 0.6637291312217712 0.030612245202064514 0.013914656825363636
10 0.4703153967857361 0.6785714030265808 0.03153988718986511 0.023191094398498535
10 0.43877550959587097 0.7119666337966919 0.040816325694322586 0.02133580669760704
4 0.4308905303478241 0.6507421135902405 0.0695732831954956 0.062152132391929626
4 0.34508347511291504 0.7291280031204224 0.08348794281482697 0.0742115005850792
6 0.26252320408821106 0.8102968335151672 0.10204081982374191 0.09554731100797653
4 0.09879406541585922 0.9559369087219238 0.11966604739427567 0.08627086877822876
10 0.22727273404598236 0.5180890560150146 0.0185528751462698 0.015769943594932556
4 0.22866418957710266 0.554267168045044 0.06771799921989441 0.05658626928925514
4 0.004174396861344576 0.7597402334213257 0.008348793722689152 0.07977736741304398
5 0.08256029337644577 0.6563079953193665 0.10389610379934311 0.09554731100797653
5 0.16141001880168915 0.5992578864097595 0.06122449040412903 0.059369202703237534
10 0.16280148923397064 0.5649350881576538 0.01762523129582405 0.014842300675809383
