1 0.5290476083755493 0.44857141375541687 0.008571428246796131 0.017142856493592262
1 0.5919047594070435 0.43714284896850586 0.010476190596818924 0.017142856493592262
1 0.607619047164917 0.4266666769981384 0.007619047537446022 0.017142856493592262
1 0.45047619938850403 0.5266666412353516 0.007619047537446022 0.020952381193637848
1 0.4709523916244507 0.5361904501914978 0.008571428246796131 0.020952381193637848
1 0.5509523749351501 0.6366666555404663 0.008571428246796131 0.02380952425301075
1 0.4690476059913635 0.5709523558616638 0.006666666828095913 0.02380952425301075
1 0.46238094568252563 0.5519047379493713 0.004761904943734407 0.02380952425301075
1 0.41285714507102966 0.657619059085846 0.012380952015519142 0.02380952425301075
1 0.4709523916244507 0.6242856979370117 0.012380952015519142 0.02190476283431053
1 0.5071428418159485 0.6647619009017944 0.010476190596818924 0.02666666731238365
1 0.5285714268684387 0.6471428275108337 0.009523809887468815 0.025714285671710968
1 0.5142857432365417 0.6538095474243164 0.011428571306169033 0.025714285671710968
1 0.49714285135269165 0.7719047665596008 0.013333333656191826 0.02380952425301075
1 0.488571435213089 0.772857129573822 0.013333333656191826 0.025714285671710968
1 0.4823809564113617 0.7604761719703674 0.010476190596818924 0.018095238134264946
9 0.3700000047683716 0.8128571510314941 0.25999999046325684 0.21809524297714233
4 0.4328571557998657 0.7004761695861816 0.08476190268993378 0.07523809373378754
1 0.2742857038974762 0.7252380847930908 0.015238095074892044 0.02380952425301075
1 0.30142858624458313 0.7642857432365417 0.014285714365541935 0.02380952425301075
1 0.27095237374305725 0.7590476274490356 0.018095238134264946 0.02666666731238365
1 0.26476189494132996 0.7442857027053833 0.011428571306169033 0.02190476283431053
1 0.2971428632736206 0.7576190233230591 0.013333333656191826 0.02190476283431053
1 0.25904762744903564 0.7433333396911621 0.011428571306169033 0.025714285671710968
0 0.5528571605682373 0.44380950927734375 0.016190476715564728 0.030476190149784088
0 0.5095238089561462 0.40809524059295654 0.02666666731238365 0.016190476715564728
1 0.572857141494751 0.43809524178504944 0.006666666828095913 0.01904761977493763
11 0.5785714387893677 0.43904760479927063 0.010476190596818924 0.013333333656191826
10 0.7457143068313599 0.380476176738739 0.01904761977493763 0.012380952015519142
2 0.7457143068313599 0.37857142090797424 0.009523809887468815 0.016190476715564728
6 0.6371428370475769 0.4119047522544861 0.05523809418082237 0.039047617465257645
1 0.15047618746757507 0.8704761862754822 0.032380953431129456 0.02666666731238365
1 0.17047618329524994 0.811904788017273 0.024761904031038284 0.02190476283431053
1 0.1790476143360138 0.7757142782211304 0.02857142873108387 0.02380952425301075
1 0.14571428298950195 0.8390476107597351 0.024761904031038284 0.024761904031038284
1 0.11190476268529892 0.8666666746139526 0.027619047090411186 0.024761904031038284
1 0.11761904507875443 0.8580952286720276 0.02190476283431053 0.020952381193637848
1 0.14761905372142792 0.8295238018035889 0.024761904031038284 0.022857142612338066
1 0.11142857372760773 0.8500000238418579 0.022857142612338066 0.025714285671710968
2 0.9071428775787354 0.346190482378006 0.010476190596818924 0.012380952015519142
2 0.9314285516738892 0.3499999940395355 0.007619047537446022 0.012380952015519142
10 0.9071428775787354 0.3519047498703003 0.012380952015519142 0.016190476715564728
10 0.9309523701667786 0.35476189851760864 0.012380952015519142 0.016190476715564728
