4 0.11095237731933594 0.8133333325386047 0.05238095298409462 0.07428571581840515
10 0.008095238357782364 0.8057143092155457 0.016190476715564728 0.030476190149784088
10 0.1009523794054985 0.7471428513526917 0.030476190149784088 0.014285714365541935
10 0.10380952060222626 0.7233333587646484 0.034285712987184525 0.019999999552965164
4 0.15761904418468475 0.688095211982727 0.037142857909202576 0.056190475821495056
4 0.4576190412044525 0.9628571271896362 0.0657142847776413 0.07428571581840515
4 0.09857142716646194 0.642380952835083 0.03523809462785721 0.04285714402794838
4 0.13904762268066406 0.6404761672019958 0.03999999910593033 0.05428571254014969
4 0.17619048058986664 0.5561904907226562 0.02857142873108387 0.03999999910593033
4 0.12714286148548126 0.5600000023841858 0.03523809462785721 0.034285712987184525
4 0.08619047701358795 0.5647618770599365 0.03142857179045677 0.032380953431129456
4 0.22380952537059784 0.523809552192688 0.02857142873108387 0.04380952566862106
4 0.23380953073501587 0.4942857027053833 0.025714285671710968 0.030476190149784088
4 0.24761904776096344 0.46714285016059875 0.02666666731238365 0.03142857179045677
4 0.30714285373687744 0.4352380931377411 0.025714285671710968 0.032380953431129456
4 0.46809524297714233 0.604285717010498 0.03142857179045677 0.039047617465257645
6 0.5019047856330872 0.5928571224212646 0.02666666731238365 0.046666666865348816
10 0.4828571379184723 0.5323809385299683 0.020952381193637848 0.011428571306169033
7 0.49238094687461853 0.5628571510314941 0.020952381193637848 0.009523809887468815
0 0.4871428608894348 0.5061904788017273 0.02190476283431053 0.037142857909202576
6 0.4823809564113617 0.46857142448425293 0.019999999552965164 0.034285712987184525
10 0.4176190495491028 0.47999998927116394 0.006666666828095913 0.017142856493592262
2 0.4180952310562134 0.476666659116745 0.0057142856530845165 0.012380952015519142
10 0.4095238149166107 0.5600000023841858 0.009523809887468815 0.020952381193637848
2 0.40857142210006714 0.5561904907226562 0.003809523768723011 0.013333333656191826
4 0.40666666626930237 0.4357142746448517 0.022857142612338066 0.02190476283431053
10 0.36714285612106323 0.4090476334095001 0.010476190596818924 0.010476190596818924
2 0.36666667461395264 0.4033333361148834 0.003809523768723011 0.010476190596818924
4 0.3995237946510315 0.403809517621994 0.029523810371756554 0.020952381193637848
5 0.4457142949104309 0.4180952310562134 0.015238095074892044 0.020952381193637848
4 0.4709523916244507 0.4166666567325592 0.03142857179045677 0.02380952425301075
8 0.47857141494750977 0.3919047713279724 0.03142857179045677 0.019999999552965164
4 0.5019047856330872 0.3799999952316284 0.034285712987184525 0.022857142612338066
1 0.5114285945892334 0.39142856001853943 0.003809523768723011 0.013333333656191826
1 0.5195237994194031 0.392380952835083 0.004761904943734407 0.013333333656191826
1 0.5138095021247864 0.4095238149166107 0.0028571428265422583 0.013333333656191826
1 0.4776190519332886 0.36523810029029846 0.006666666828095913 0.014285714365541935
1 0.5061904788017273 0.3638095259666443 0.0028571428265422583 0.011428571306169033
1 0.5 0.4514285624027252 0.0057142856530845165 0.009523809887468815
10 0.49238094687461853 0.5514285564422607 0.022857142612338066 0.011428571306169033
10 0.49238094687461853 0.5433333516120911 0.020952381193637848 0.008571428246796131
4 0.05190476030111313 0.5642856955528259 0.025714285671710968 0.03142857179045677
10 0.06238095089793205 0.5314285755157471 0.02190476283431053 0.013333333656191826
4 0.08761905133724213 0.5138095021247864 0.05714285746216774 0.018095238134264946
10 0.19571428000926971 0.5223809480667114 0.02190476283431053 0.012380952015519142
4 0.23047618567943573 0.3766666650772095 0.02857142873108387 0.016190476715564728
5 0.3223809599876404 0.3466666638851166 0.03333333507180214 0.02666666731238365
4 0.29428571462631226 0.3257142901420593 0.034285712987184525 0.013333333656191826
5 0.22333332896232605 0.3209523856639862 0.03333333507180214 0.017142856493592262
4 0.26428571343421936 0.3204762041568756 0.039047617465257645 0.016190476715564728
4 0.3271428644657135 0.31904762983322144 0.03333333507180214 0.015238095074892044
5 0.357619047164917 0.3214285671710968 0.037142857909202576 0.016190476715564728
4 0.3709523677825928 0.31285715103149414 0.03142857179045677 0.012380952015519142
4 0.4057142734527588 0.3095238208770752 0.032380953431129456 0.013333333656191826
11 0.4633333384990692 0.30047619342803955 0.03523809462785721 0.014285714365541935
1 0.4828571379184723 0.3042857050895691 0.003809523768723011 0.010476190596818924
8 0.3861904740333557 0.334285706281662 0.02190476283431053 0.013333333656191826
2 0.38999998569488525 0.334285706281662 0.004761904943734407 0.009523809887468815
10 0.4719047546386719 0.2804761826992035 0.010476190596818924 0.010476190596818924
4 0.48523810505867004 0.26571428775787354 0.016190476715564728 0.011428571306169033
4 0.5038095116615295 0.2514285743236542 0.011428571306169033 0.015238095074892044
4 0.4942857027053833 0.273333340883255 0.020952381193637848 0.009523809887468815
5 0.5061904788017273 0.2742857038974762 0.02190476283431053 0.011428571306169033
4 0.5004761815071106 0.28142857551574707 0.025714285671710968 0.008571428246796131
4 0.5061904788017273 0.28333333134651184 0.03142857179045677 0.008571428246796131
4 0.5038095116615295 0.2866666615009308 0.032380953431129456 0.013333333656191826
4 0.5042856931686401 0.2923809587955475 0.027619047090411186 0.013333333656191826
4 0.4957142770290375 0.2980952262878418 0.02380952425301075 0.013333333656191826
