4 0.5647208094596863 0.05139593780040741 0.020304568111896515 0.0241116750985384
4 0.5831218361854553 0.08312182873487473 0.02157360315322876 0.026649747043848038
6 0.5983502268791199 0.11294416338205338 0.029187817126512527 0.0482233501970768
4 0.5564720630645752 0.15418781340122223 0.02157360315322876 0.029187817126512527
4 0.5945431590080261 0.20114213228225708 0.02157360315322876 0.026649747043848038
4 0.476522833108902 0.17956852912902832 0.02157360315322876 0.026649747043848038
4 0.6630710363388062 0.17956852912902832 0.0241116750985384 0.039340101182460785
4 0.557741105556488 0.22842639684677124 0.02157360315322876 0.030456852167844772
4 0.5659898519515991 0.278553307056427 0.020304568111896515 0.029187817126512527
5 0.6059644818305969 0.2918781638145447 0.026649747043848038 0.04314720630645752
5 0.5114213228225708 0.2664974629878998 0.022842640057206154 0.030456852167844772
4 0.529187798500061 0.2988578677177429 0.022842640057206154 0.029187817126512527
4 0.6694162487983704 0.38451775908470154 0.026649747043848038 0.04314720630645752
4 0.32868021726608276 0.4651015102863312 0.027918782085180283 0.039340101182460785
4 0.4346446692943573 0.6326141953468323 0.036802031099796295 0.05456852912902832
4 0.3807106614112854 0.7055837512016296 0.022842640057206154 0.05076142027974129
4 0.32804569602012634 0.6288071274757385 0.029187817126512527 0.04695431515574455
4 0.32233503460884094 0.9206852912902832 0.030456852167844772 0.0596446692943573
4 0.4892131984233856 0.9048223495483398 0.03172588720917702 0.058375634253025055
9 0.5881979465484619 0.8661167621612549 0.036802031099796295 0.11548223346471786
4 0.8585025668144226 0.09263959527015686 0.029187817126512527 0.022842640057206154
4 0.75 0.2303299456834793 0.025380710139870644 0.039340101182460785
