4 0.13428571820259094 0.30095237493515015 0.007619047537446022 0.007619047537446022
4 0.130952388048172 0.31380951404571533 0.008571428246796131 0.008571428246796131
4 0.14761905372142792 0.32428571581840515 0.007619047537446022 0.008571428246796131
4 0.12142857164144516 0.3323809504508972 0.006666666828095913 0.007619047537446022
4 0.11857143044471741 0.3438095152378082 0.008571428246796131 0.009523809887468815
4 0.10952381044626236 0.3623809516429901 0.007619047537446022 0.010476190596818924
4 0.12619048357009888 0.3633333444595337 0.008571428246796131 0.012380952015519142
4 0.12190476059913635 0.38238096237182617 0.009523809887468815 0.012380952015519142
4 0.11428571492433548 0.4028571546077728 0.011428571306169033 0.015238095074892044
2 0.010476190596818924 0.8828571438789368 0.011428571306169033 0.011428571306169033
2 0.11619047820568085 0.8114285469055176 0.007619047537446022 0.011428571306169033
2 0.029999999329447746 0.7900000214576721 0.008571428246796131 0.014285714365541935
10 0.010476190596818924 0.8871428370475769 0.009523809887468815 0.029523810371756554
10 0.11476190388202667 0.8142856955528259 0.014285714365541935 0.024761904031038284
10 0.0033333334140479565 0.7833333611488342 0.006666666828095913 0.018095238134264946
10 0.029999999329447746 0.7961905002593994 0.010476190596818924 0.024761904031038284
2 0.18904761970043182 0.704285740852356 0.006666666828095913 0.010476190596818924
2 0.25333333015441895 0.7290475964546204 0.007619047537446022 0.016190476715564728
10 0.1909523755311966 0.7095237970352173 0.012380952015519142 0.017142856493592262
10 0.25333333015441895 0.7338095307350159 0.015238095074892044 0.014285714365541935
2 0.369523823261261 0.8552380800247192 0.009523809887468815 0.013333333656191826
2 0.39047619700431824 0.8995237946510315 0.013333333656191826 0.018095238134264946
10 0.3680952489376068 0.8600000143051147 0.019999999552965164 0.022857142612338066
10 0.39047619700431824 0.904285728931427 0.022857142612338066 0.016190476715564728
9 0.9647619128227234 0.8342857360839844 0.07047618925571442 0.05904762074351311
4 0.8780952095985413 0.6280952095985413 0.03619047626852989 0.019999999552965164
4 0.7233333587646484 0.6800000071525574 0.04285714402794838 0.022857142612338066
2 0.8909524083137512 0.5947619080543518 0.004761904943734407 0.012380952015519142
10 0.8676190376281738 0.5995237827301025 0.013333333656191826 0.008571428246796131
10 0.8023809790611267 0.5980952382087708 0.016190476715564728 0.009523809887468815
10 0.8009523749351501 0.6261904835700989 0.011428571306169033 0.014285714365541935
10 0.7928571701049805 0.6271428465843201 0.010476190596818924 0.014285714365541935
10 0.7557142972946167 0.633809506893158 0.010476190596818924 0.012380952015519142
0 0.7419047355651855 0.6480952501296997 0.034285712987184525 0.018095238134264946
0 0.8071428537368774 0.6461904644966125 0.018095238134264946 0.014285714365541935
1 0.5190476179122925 0.6357142925262451 0.0057142856530845165 0.014285714365541935
1 0.5209524035453796 0.6333333253860474 0.007619047537446022 0.013333333656191826
2 0.6233333349227905 0.6795238256454468 0.006666666828095913 0.010476190596818924
2 0.6114285588264465 0.6680952310562134 0.0057142856530845165 0.014285714365541935
2 0.6000000238418579 0.6614285707473755 0.007619047537446022 0.012380952015519142
2 0.677142858505249 0.6704761981964111 0.0057142856530845165 0.013333333656191826
2 0.668571412563324 0.6642857193946838 0.007619047537446022 0.012380952015519142
2 0.6433333158493042 0.6666666865348816 0.006666666828095913 0.011428571306169033
2 0.6328571438789368 0.653333306312561 0.004761904943734407 0.009523809887468815
10 0.6009523868560791 0.6633333563804626 0.022857142612338066 0.014285714365541935
10 0.6100000143051147 0.6704761981964111 0.018095238134264946 0.011428571306169033
10 0.6214285492897034 0.6823809742927551 0.016190476715564728 0.010476190596818924
10 0.6342856884002686 0.6566666960716248 0.015238095074892044 0.010476190596818924
10 0.6447619199752808 0.6695238351821899 0.013333333656191826 0.009523809887468815
10 0.677142858505249 0.6742857098579407 0.015238095074892044 0.009523809887468815
10 0.6690475940704346 0.6680952310562134 0.019999999552965164 0.014285714365541935
4 0.6700000166893005 0.7480952143669128 0.04095238074660301 0.02380952425301075
4 0.4957142770290375 0.773809552192688 0.046666666865348816 0.027619047090411186
4 0.5095238089561462 0.7971428632736206 0.04571428522467613 0.02857142873108387
6 0.5214285850524902 0.7352380752563477 0.11142857372760773 0.0533333346247673
1 0.4399999976158142 0.630476176738739 0.007619047537446022 0.015238095074892044
4 0.03095238097012043 0.7566666603088379 0.02190476283431053 0.03333333507180214
4 0.04476190358400345 0.6557142734527588 0.01904761977493763 0.03142857179045677
4 0.09333333373069763 0.6980952620506287 0.022857142612338066 0.03619047626852989
4 0.12619048357009888 0.6947619318962097 0.025714285671710968 0.03523809462785721
5 0.010476190596818924 0.7319047451019287 0.020952381193637848 0.046666666865348816
5 0.014761905185878277 0.6666666865348816 0.02190476283431053 0.03619047626852989
5 0.10904762148857117 0.6238095164299011 0.016190476715564728 0.032380953431129456
5 0.0833333358168602 0.5809524059295654 0.018095238134264946 0.034285712987184525
4 0.1066666692495346 0.5823809504508972 0.01904761977493763 0.027619047090411186
4 0.07857143133878708 0.6285714507102966 0.019999999552965164 0.02666666731238365
4 0.007619047537446022 0.604285717010498 0.015238095074892044 0.027619047090411186
4 0.03380952402949333 0.595714271068573 0.018095238134264946 0.025714285671710968
4 0.06380952149629593 0.5709523558616638 0.015238095074892044 0.025714285671710968
4 0.17476190626621246 0.5580952167510986 0.018095238134264946 0.020952381193637848
4 0.01666666753590107 0.5680952668190002 0.018095238134264946 0.025714285671710968
8 0.02857142873108387 0.5409523844718933 0.013333333656191826 0.017142856493592262
2 0.028095237910747528 0.5414285659790039 0.006666666828095913 0.010476190596818924
4 0.03619047626852989 0.5166666507720947 0.017142856493592262 0.02190476283431053
4 0.11619047820568085 0.5338095426559448 0.015238095074892044 0.02190476283431053
4 0.1728571355342865 0.4995238184928894 0.014285714365541935 0.016190476715564728
1 0.19952380657196045 0.49095237255096436 0.004761904943734407 0.012380952015519142
4 0.11619047820568085 0.5104761719703674 0.015238095074892044 0.01904761977493763
4 0.11761904507875443 0.4938095211982727 0.012380952015519142 0.016190476715564728
5 0.04619047790765762 0.5433333516120911 0.016190476715564728 0.02380952425301075
5 0.06666667014360428 0.5452380776405334 0.015238095074892044 0.027619047090411186
5 0.08761905133724213 0.5371428728103638 0.015238095074892044 0.024761904031038284
5 0.051428571343421936 0.5214285850524902 0.015238095074892044 0.02190476283431053
5 0.060952380299568176 0.488095223903656 0.015238095074892044 0.019999999552965164
5 0.07238095253705978 0.5104761719703674 0.01904761977493763 0.03809523954987526
5 0.09333333373069763 0.5099999904632568 0.01904761977493763 0.03523809462785721
5 0.12047619372606277 0.47809523344039917 0.012380952015519142 0.01904761977493763
5 0.10238095372915268 0.4695238173007965 0.012380952015519142 0.020952381193637848
5 0.10380952060222626 0.45476189255714417 0.009523809887468815 0.014285714365541935
4 0.10047619044780731 0.4871428608894348 0.014285714365541935 0.018095238134264946
4 0.08047618716955185 0.4895237982273102 0.014285714365541935 0.01904761977493763
4 0.08428571373224258 0.47238096594810486 0.014285714365541935 0.017142856493592262
4 0.08666666597127914 0.4580952525138855 0.013333333656191826 0.017142856493592262
4 0.0895238071680069 0.4452380836009979 0.011428571306169033 0.012380952015519142
4 0.10904762148857117 0.44380950927734375 0.012380952015519142 0.015238095074892044
4 0.09095238149166107 0.4333333373069763 0.012380952015519142 0.011428571306169033
4 0.1252380907535553 0.4285714328289032 0.010476190596818924 0.013333333656191826
4 0.39095237851142883 0.4166666567325592 0.019999999552965164 0.018095238134264946
5 0.48571428656578064 0.5600000023841858 0.02666666731238365 0.01904761977493763
5 0.5442857146263123 0.6142857074737549 0.02380952425301075 0.02857142873108387
4 0.5242857336997986 0.6166666746139526 0.025714285671710968 0.027619047090411186
1 0.54666668176651 0.6299999952316284 0.003809523768723011 0.010476190596818924
8 0.4276190400123596 0.6419047713279724 0.01904761977493763 0.020952381193637848
