0 0.38515228033065796 0.03616751357913017 0.11040609329938889 0.06725887954235077
0 0.5348984599113464 0.11548223346471786 0.041878171265125275 0.04568528011441231
0 0.5837563276290894 0.17829948663711548 0.06852792203426361 0.0596446692943573
0 0.6478426456451416 0.22906091809272766 0.06218273937702179 0.07233502715826035
2 0.711294412612915 0.25126904249191284 0.01903553307056427 0.027918782085180283
2 0.7233502268791199 0.24809645116329193 0.010152284055948257 0.029187817126512527
2 0.7341370582580566 0.24936547875404358 0.013959391042590141 0.029187817126512527
0 0.7848984599113464 0.2354060858488083 0.06979695707559586 0.07487309724092484
0 0.8800761699676514 0.2017766535282135 0.12309644371271133 0.1395939141511917
4 0.6497461795806885 0.8959391117095947 0.10406091064214706 0.04568528011441231
4 0.9390863180160522 0.8927664756774902 0.0939086303114891 0.036802031099796295
4 0.039340101182460785 0.8343908786773682 0.07614213228225708 0.04441624507308006
1 0.9168781638145447 0.3007614314556122 0.0038071065209805965 0.017766498029232025
