1 0.488571435213089 0.05999999865889549 0.015238095074892044 0.03809523954987526
1 0.48380953073501587 0.06619047373533249 0.013333333656191826 0.03523809462785721
2 0.427142858505249 0.10761904716491699 0.014285714365541935 0.03619047626852989
10 0.4295237958431244 0.11190476268529892 0.032380953431129456 0.03333333507180214
4 0.6733333468437195 0.07809523493051529 0.051428571343421936 0.06857142597436905
2 0.6152380704879761 0.2014285773038864 0.01904761977493763 0.03142857179045677
10 0.6109523773193359 0.2085714340209961 0.04476190358400345 0.032380953431129456
4 0.10809523612260818 0.46000000834465027 0.18571428954601288 0.0895238071680069
4 0.09000000357627869 0.5514285564422607 0.18000000715255737 0.0895238071680069
4 0.4947619140148163 0.4047619104385376 0.15333333611488342 0.0533333346247673
4 0.6838095188140869 0.5428571701049805 0.190476194024086 0.09904761612415314
2 0.9171428680419922 0.6442857384681702 0.05904762074351311 0.04857143014669418
3 0.9133333563804626 0.6409524083137512 0.07999999821186066 0.034285712987184525
2 0.8733333349227905 0.5995237827301025 0.030476190149784088 0.025714285671710968
2 0.8899999856948853 0.5871428847312927 0.04285714402794838 0.037142857909202576
10 0.8871428370475769 0.5904762148857117 0.058095239102840424 0.04380952566862106
2 0.857619047164917 0.5514285564422607 0.039047617465257645 0.03619047626852989
10 0.8461904525756836 0.557619035243988 0.07333333045244217 0.04476190358400345
2 0.7833333611488342 0.6028571724891663 0.03523809462785721 0.03999999910593033
10 0.7804762125015259 0.607619047164917 0.06761904805898666 0.04380952566862106
2 0.7666666507720947 0.6600000262260437 0.03809523954987526 0.03809523954987526
10 0.7580952644348145 0.6614285707473755 0.06857142597436905 0.046666666865348816
10 0.6966666579246521 0.6328571438789368 0.07523809373378754 0.04857143014669418
10 0.5919047594070435 0.6628571152687073 0.06190476194024086 0.04571428522467613
10 0.6633333563804626 0.6952381134033203 0.07523809373378754 0.04952380806207657
10 0.619523823261261 0.7342857122421265 0.07904762029647827 0.04380952566862106
2 0.7061904668807983 0.6366666555404663 0.04095238074660301 0.05047618970274925
2 0.5890476107597351 0.666190505027771 0.046666666865348816 0.05428571254014969
2 0.657619059085846 0.699999988079071 0.029523810371756554 0.03999999910593033
2 0.6785714030265808 0.6942856907844543 0.039047617465257645 0.0476190485060215
2 0.6214285492897034 0.7409523725509644 0.03523809462785721 0.04952380806207657
10 0.4804762005805969 0.6723809242248535 0.0714285746216774 0.04571428522467613
10 0.5080952644348145 0.7223809361457825 0.06952381134033203 0.046666666865348816
10 0.2085714340209961 0.7219047546386719 0.07809523493051529 0.0476190485060215
10 0.30095237493515015 0.7742857336997986 0.07047618925571442 0.04952380806207657
10 0.37142857909202576 0.6952381134033203 0.07999999821186066 0.04571428522467613
3 0.37857142090797424 0.7671428322792053 0.07523809373378754 0.037142857909202576
3 0.3876190483570099 0.7300000190734863 0.06666667014360428 0.04285714402794838
2 0.20476190745830536 0.7190476059913635 0.034285712987184525 0.051428571343421936
2 0.30142858624458313 0.7690476179122925 0.04095238074660301 0.039047617465257645
2 0.3790476322174072 0.7657142877578735 0.034285712987184525 0.03809523954987526
2 0.38380953669548035 0.7257142663002014 0.03619047626852989 0.041904762387275696
2 0.37238094210624695 0.6899999976158142 0.03999999910593033 0.04095238074660301
2 0.4823809564113617 0.6723809242248535 0.03523809462785721 0.04380952566862106
2 0.5123809576034546 0.7233333587646484 0.034285712987184525 0.05238095298409462
