4 0.0890476182103157 0.9399999976158142 0.05238095298409462 0.11999999731779099
6 0.0890476182103157 0.8276190757751465 0.03523809462785721 0.07619047909975052
4 0.20333333313465118 0.7090476155281067 0.03523809462785721 0.09047619253396988
1 0.22476190328598022 0.33571428060531616 0.007619047537446022 0.02380952425301075
4 0.06761904805898666 0.2752380967140198 0.02666666731238365 0.04380952566862106
4 0.27619048953056335 0.09761904925107956 0.022857142612338066 0.029523810371756554
4 0.2914285659790039 0.05238095298409462 0.0533333346247673 0.024761904031038284
4 0.33761903643608093 0.09000000357627869 0.027619047090411186 0.03142857179045677
4 0.4719047546386719 0.04571428522467613 0.029523810371756554 0.02857142873108387
5 0.40857142210006714 0.029047619551420212 0.020952381193637848 0.025714285671710968
5 0.380952388048172 0.022380951792001724 0.01904761977493763 0.029523810371756554
6 0.35333332419395447 0.022380951792001724 0.030476190149784088 0.04285714402794838
5 0.31142857670783997 0.030476190149784088 0.034285712987184525 0.02857142873108387
5 0.3161904811859131 0.014761905185878277 0.02857142873108387 0.029523810371756554
4 0.14142857491970062 0.05999999865889549 0.05428571254014969 0.024761904031038284
4 0.10904762148857117 0.10000000149011612 0.02380952425301075 0.03619047626852989
4 0.14095237851142883 0.09904761612415314 0.020952381193637848 0.032380953431129456
4 0.17428570985794067 0.10333333164453506 0.024761904031038284 0.039047617465257645
4 0.21047618985176086 0.09666666388511658 0.022857142612338066 0.03523809462785721
4 0.2442857176065445 0.09619047492742538 0.025714285671710968 0.032380953431129456
8 0.18904761970043182 0.032380953431129456 0.02380952425301075 0.03809523954987526
8 0.07857143133878708 0.22714285552501678 0.04857143014669418 0.018095238134264946
8 0.08619047701358795 0.24571429193019867 0.03142857179045677 0.017142856493592262
8 0.14380952715873718 0.27047619223594666 0.03999999910593033 0.041904762387275696
8 0.12619048357009888 0.33095237612724304 0.02380952425301075 0.04857143014669418
8 0.0057142856530845165 0.22523809969425201 0.011428571306169033 0.04476190358400345
1 0.007619047537446022 0.1971428543329239 0.007619047537446022 0.01904761977493763
1 0.025238094851374626 0.16571427881717682 0.006666666828095913 0.020952381193637848
1 0.15190476179122925 0.17380952835083008 0.008571428246796131 0.02380952425301075
10 0.10238095372915268 0.15809524059295654 0.014285714365541935 0.024761904031038284
4 0.30761903524398804 0.09380952268838882 0.024761904031038284 0.029523810371756554
4 0.37142857909202576 0.09619047492742538 0.022857142612338066 0.030476190149784088
6 0.404285728931427 0.08714285492897034 0.037142857909202576 0.05238095298409462
4 0.4871428608894348 0.0947619080543518 0.027619047090411186 0.03142857179045677
6 0.4938095211982727 0.12142857164144516 0.02190476283431053 0.046666666865348816
8 0.33476191759109497 0.11666666716337204 0.046666666865348816 0.018095238134264946
6 0.35333332419395447 0.13952380418777466 0.022857142612338066 0.037142857909202576
8 0.3261904716491699 0.1552380919456482 0.037142857909202576 0.01904761977493763
1 0.25333333015441895 0.27190476655960083 0.007619047537446022 0.02380952425301075
1 0.560952365398407 0.13523809611797333 0.0057142856530845165 0.020952381193637848
1 0.0947619080543518 0.38428571820259094 0.008571428246796131 0.02190476283431053
2 0.12761904299259186 0.5080952644348145 0.007619047537446022 0.019999999552965164
10 0.12904761731624603 0.522857129573822 0.012380952015519142 0.02857142873108387
6 0.25285714864730835 0.5942857265472412 0.046666666865348816 0.1314285695552826
8 0.24571429193019867 0.488571435213089 0.05714285746216774 0.07619047909975052
1 0.18142856657505035 0.6666666865348816 0.008571428246796131 0.024761904031038284
1 0.18809524178504944 0.6538095474243164 0.010476190596818924 0.02190476283431053
6 0.261428564786911 0.7985714077949524 0.05999999865889549 0.14000000059604645
