5 0.020939085632562637 0.31916242837905884 0.034263961017131805 0.036802031099796295
5 0.03870558366179466 0.3032994866371155 0.034263961017131805 0.03553299605846405
6 0.053299494087696075 0.2899746298789978 0.03299492225050926 0.036802031099796295
6 0.06979695707559586 0.27728426456451416 0.03553299605846405 0.039340101182460785
5 0.7347715497016907 0.1871827393770218 0.020304568111896515 0.036802031099796295
4 0.8845177888870239 0.0939086303114891 0.025380710139870644 0.04060913622379303
4 0.4397208094596863 0.5513959527015686 0.04695431515574455 0.0241116750985384
4 0.346446692943573 0.5748730897903442 0.0482233501970768 0.020304568111896515
6 0.0881979689002037 0.606598973274231 0.07233502715826035 0.022842640057206154
4 0.11421319842338562 0.6376903653144836 0.04314720630645752 0.01903553307056427
6 0.12690354883670807 0.7874365448951721 0.10913705825805664 0.02157360315322876
4 0.3458121716976166 0.749365508556366 0.04695431515574455 0.01649746112525463
4 0.5063451528549194 0.7544416189193726 0.0482233501970768 0.01903553307056427
4 0.6706852912902832 0.7404822111129761 0.04949238523840904 0.026649747043848038
5 0.7531725764274597 0.799492359161377 0.05456852912902832 0.027918782085180283
4 0.7582487463951111 0.6522842645645142 0.04695431515574455 0.025380710139870644
4 0.8489847779273987 0.7963197827339172 0.04568528011441231 0.029187817126512527
4 0.9149746298789978 0.5799492597579956 0.04568528011441231 0.03553299605846405
