5 0.06281726062297821 0.38515228033065796 0.09517766535282135 0.04695431515574455
4 0.26332488656044006 0.5050761699676514 0.09771573543548584 0.04568528011441231
4 0.14974619448184967 0.6694162487983704 0.08629441261291504 0.04695431515574455
4 0.7157360315322876 0.3997461795806885 0.06852792203426361 0.03553299605846405
5 0.12563452124595642 0.8781725764274597 0.0964467003941536 0.058375634253025055
9 0.3635786771774292 0.932741105556488 0.204314723610878 0.0939086303114891
5 0.39593908190727234 0.7512690424919128 0.07868020236492157 0.05076142027974129
5 0.4625634551048279 0.6795685291290283 0.07994923740625381 0.05203045532107353
5 0.5475888252258301 0.7119289636611938 0.0850253775715828 0.055837564170360565
5 0.6345177888870239 0.7366751432418823 0.08375634253025055 0.04949238523840904
4 0.7379441857337952 0.7620558142662048 0.07233502715826035 0.04695431515574455
9 0.6440355181694031 0.864847719669342 0.12309644371271133 0.07487309724092484
4 0.7975888252258301 0.8375634551048279 0.09010152518749237 0.04568528011441231
4 0.8426395654678345 0.7855330109596252 0.07868020236492157 0.04060913622379303
5 0.9631979465484619 0.6859136819839478 0.07360406219959259 0.04441624507308006
4 0.9568527936935425 0.8045685291290283 0.08629441261291504 0.04314720630645752
4 0.9225888252258301 0.8521573543548584 0.07868020236492157 0.04949238523840904
9 0.9923858046531677 0.494923859834671 0.015228426083922386 0.10659898817539215
5 0.8807106614112854 0.31345176696777344 0.04314720630645752 0.03299492225050926
5 0.8921319842338562 0.2588832378387451 0.03807106614112854 0.025380710139870644
4 0.942893385887146 0.3185279071331024 0.053299494087696075 0.027918782085180283
4 0.942893385887146 0.2982233464717865 0.053299494087696075 0.027918782085180283
4 0.9435279369354248 0.2817258834838867 0.05456852912902832 0.027918782085180283
4 0.9441624283790588 0.2614213228225708 0.053299494087696075 0.027918782085180283
4 0.9454314708709717 0.22398477792739868 0.058375634253025055 0.06979695707559586
5 0.9854061007499695 0.17131979763507843 0.026649747043848038 0.0482233501970768
4 0.8350253701210022 0.05901015177369118 0.0482233501970768 0.02157360315322876
4 0.8369289636611938 0.030456852167844772 0.04949238523840904 0.022842640057206154
6 0.845812201499939 0.008883249014616013 0.05710659921169281 0.017766498029232025
0 0.9200507402420044 0.14657360315322876 0.11675126850605011 0.08756345510482788
