4 0.060913704335689545 0.3432741165161133 0.025380710139870644 0.039340101182460785
4 0.09771573543548584 0.1192893385887146 0.022842640057206154 0.04060913622379303
4 0.9086294174194336 0.5691624283790588 0.06852792203426361 0.0241116750985384
4 0.3324873149394989 0.8026649951934814 0.04314720630645752 0.0596446692943573
4 0.37119290232658386 0.8940355181694031 0.04949238523840904 0.07233502715826035
4 0.4168781638145447 0.9822335243225098 0.039340101182460785 0.03299492225050926
5 0.15672588348388672 0.6795685291290283 0.07741116732358932 0.05203045532107353
4 0.29949238896369934 0.7284263968467712 0.04314720630645752 0.060913704335689545
1 0.8153553009033203 0.7290608882904053 0.008883249014616013 0.01649746112525463
1 0.8439086079597473 0.7449238300323486 0.007614213041961193 0.017766498029232025
1 0.8534263968467712 0.739847719669342 0.008883249014616013 0.017766498029232025
1 0.8388324975967407 0.8032994866371155 0.007614213041961193 0.020304568111896515
1 0.8578680157661438 0.7944162487983704 0.012690355069935322 0.025380710139870644
1 0.8540608882904053 0.9118020534515381 0.007614213041961193 0.013959391042590141
1 0.8312183022499084 0.8876903653144836 0.010152284055948257 0.01649746112525463
1 0.4340101480484009 0.43908628821372986 0.010152284055948257 0.015228426083922386
1 0.466370552778244 0.49809643626213074 0.008883249014616013 0.01649746112525463
1 0.43591371178627014 0.37119290232658386 0.006345177534967661 0.013959391042590141
1 0.2671319842338562 0.20939086377620697 0.006345177534967661 0.022842640057206154
1 0.27664974331855774 0.2049492448568344 0.012690355069935322 0.02157360315322876
4 0.3610406219959259 0.19162435829639435 0.02157360315322876 0.05076142027974129
9 0.3895938992500305 0.18274112045764923 0.027918782085180283 0.0710659921169281
