4 0.04695431515574455 0.034263961017131805 0.017766498029232025 0.022842640057206154
4 0.03997461870312691 0.007614213041961193 0.02157360315322876 0.015228426083922386
4 0.0 0.15418781340122223 0.0 0.029187817126512527
4 0.041878171265125275 0.1871827393770218 0.025380710139870644 0.034263961017131805
2 0.11484771221876144 0.4282994866371155 0.0038071065209805965 0.006345177534967661
2 0.11992385983467102 0.43020305037498474 0.0038071065209805965 0.005076142027974129
1 0.053299494087696075 0.466370552778244 0.005076142027974129 0.011421320028603077
1 0.009517766535282135 0.6008883118629456 0.006345177534967661 0.013959391042590141
0 0.1814720779657364 0.6186548471450806 0.0482233501970768 0.07233502715826035
2 0.3781725764274597 0.606598973274231 0.007614213041961193 0.010152284055948257
2 0.38515228033065796 0.6072335243225098 0.006345177534967661 0.008883249014616013
2 0.3318527936935425 0.5463197827339172 0.011421320028603077 0.008883249014616013
2 0.3210659921169281 0.549492359161377 0.007614213041961193 0.007614213041961193
2 0.32868021726608276 0.5590101480484009 0.010152284055948257 0.008883249014616013
2 0.3356598913669586 0.5133248567581177 0.006345177534967661 0.006345177534967661
2 0.33375635743141174 0.48984771966934204 0.005076142027974129 0.007614213041961193
2 0.3343908488750458 0.5044416189193726 0.006345177534967661 0.006345177534967661
2 0.3439086377620697 0.5164974331855774 0.007614213041961193 0.007614213041961193
2 0.34200507402420044 0.5025380849838257 0.0038071065209805965 0.010152284055948257
2 0.3489847779273987 0.5057106614112854 0.005076142027974129 0.006345177534967661
2 0.3375634551048279 0.46446701884269714 0.010152284055948257 0.007614213041961193
2 0.3381979763507843 0.4720812141895294 0.006345177534967661 0.007614213041961193
1 0.3458121716976166 0.6078680157661438 0.006345177534967661 0.015228426083922386
1 0.3331218361854553 0.4397208094596863 0.0038071065209805965 0.011421320028603077
1 0.3432741165161133 0.43654823303222656 0.006345177534967661 0.012690355069935322
1 0.3470812141895294 0.4403553307056427 0.0038071065209805965 0.010152284055948257
2 0.33692893385887146 0.4467005133628845 0.006345177534967661 0.005076142027974129
2 0.3585025370121002 0.44479694962501526 0.0038071065209805965 0.006345177534967661
2 0.351522833108902 0.4435279071331024 0.005076142027974129 0.006345177534967661
2 0.4581218361854553 0.43083757162094116 0.005076142027974129 0.011421320028603077
2 0.4492385685443878 0.4295685291290283 0.007614213041961193 0.011421320028603077
2 0.3756345212459564 0.41624364256858826 0.007614213041961193 0.007614213041961193
2 0.3692893385887146 0.4111675024032593 0.007614213041961193 0.010152284055948257
1 0.518401026725769 0.4098984897136688 0.006345177534967661 0.015228426083922386
1 0.3895938992500305 0.32868021726608276 0.005076142027974129 0.012690355069935322
1 0.36548224091529846 0.33058375120162964 0.005076142027974129 0.011421320028603077
0 0.31154823303222656 0.36167511343955994 0.01649746112525463 0.015228426083922386
2 0.528553307056427 0.37880709767341614 0.0038071065209805965 0.008883249014616013
2 0.5222080945968628 0.37373095750808716 0.006345177534967661 0.006345177534967661
2 0.510152280330658 0.36167511343955994 0.005076142027974129 0.010152284055948257
2 0.5171319842338562 0.3661167621612549 0.006345177534967661 0.006345177534967661
2 0.5412436723709106 0.3807106614112854 0.0038071065209805965 0.007614213041961193
2 0.5418781638145447 0.36548224091529846 0.005076142027974129 0.007614213041961193
2 0.5031725764274597 0.351522833108902 0.006345177534967661 0.007614213041961193
2 0.3185279071331024 0.2956852912902832 0.005076142027974129 0.010152284055948257
0 0.30583757162094116 0.2861675024032593 0.017766498029232025 0.026649747043848038
0 0.312817245721817 0.26332488656044006 0.0241116750985384 0.026649747043848038
1 0.4606598913669586 0.3045685291290283 0.005076142027974129 0.012690355069935322
1 0.4708121716976166 0.30266496539115906 0.005076142027974129 0.008883249014616013
1 0.375 0.24936547875404358 0.006345177534967661 0.011421320028603077
1 0.3585025370121002 0.23667512834072113 0.0038071065209805965 0.011421320028603077
1 0.34835025668144226 0.21383248269557953 0.006345177534967661 0.011421320028603077
1 0.3692893385887146 0.22335025668144226 0.005076142027974129 0.010152284055948257
1 0.37944161891937256 0.2303299456834793 0.005076142027974129 0.008883249014616013
1 0.3610406219959259 0.22906091809272766 0.0038071065209805965 0.008883249014616013
1 0.3667512834072113 0.23730964958667755 0.005076142027974129 0.010152284055948257
1 0.380076140165329 0.24238578975200653 0.0038071065209805965 0.010152284055948257
1 0.3642131984233856 0.24873095750808716 0.005076142027974129 0.010152284055948257
1 0.38197970390319824 0.1732233464717865 0.005076142027974129 0.008883249014616013
5 0.5095177888870239 0.20114213228225708 0.05203045532107353 0.0241116750985384
4 0.40482234954833984 0.01903553307056427 0.020304568111896515 0.022842640057206154
4 0.4651015102863312 0.028553299605846405 0.01649746112525463 0.02157360315322876
4 0.3838832378387451 0.041878171265125275 0.013959391042590141 0.022842640057206154
4 0.4942893385887146 0.06027918681502342 0.01649746112525463 0.026649747043848038
4 0.43908628821372986 0.10659898817539215 0.015228426083922386 0.025380710139870644
4 0.3813451826572418 0.06598984450101852 0.013959391042590141 0.020304568111896515
4 0.5717005133628845 0.12626904249191284 0.01903553307056427 0.034263961017131805
4 0.7163705825805664 0.06472080945968628 0.01903553307056427 0.025380710139870644
4 0.760152280330658 0.07043147087097168 0.020304568111896515 0.026649747043848038
4 0.671954333782196 0.006979695521295071 0.01649746112525463 0.013959391042590141
5 0.5621827244758606 0.06916243582963943 0.015228426083922386 0.01903553307056427
5 0.7265228629112244 0.2360406070947647 0.04949238523840904 0.025380710139870644
9 0.7011421322822571 0.20558375120162964 0.12055837363004684 0.053299494087696075
4 0.6180202960968018 0.22017766535282135 0.04060913622379303 0.02157360315322876
5 0.6725888252258301 0.2271573543548584 0.05076142027974129 0.027918782085180283
9 0.5640863180160522 0.25126904249191284 0.11548223346471786 0.053299494087696075
2 0.6046954393386841 0.2918781638145447 0.006345177534967661 0.010152284055948257
2 0.5945431590080261 0.2861675024032593 0.006345177534967661 0.006345177534967661
2 0.5989847779273987 0.2918781638145447 0.005076142027974129 0.007614213041961193
2 0.6015228629112244 0.2861675024032593 0.005076142027974129 0.0038071065209805965
0 0.6427664756774902 0.29441624879837036 0.05710659921169281 0.027918782085180283
1 0.7461928725242615 0.2442893385887146 0.005076142027974129 0.013959391042590141
1 0.7538071274757385 0.24873095750808716 0.007614213041961193 0.010152284055948257
1 0.5691624283790588 0.3210659921169281 0.006345177534967661 0.012690355069935322
1 0.5850253701210022 0.32550761103630066 0.007614213041961193 0.008883249014616013
1 0.5786802172660828 0.3217005133628845 0.005076142027974129 0.011421320028603077
1 0.5793147087097168 0.3324873149394989 0.0038071065209805965 0.010152284055948257
0 0.5736040472984314 0.37119290232658386 0.05076142027974129 0.02157360315322876
1 0.624365508556366 0.3864213228225708 0.005076142027974129 0.011421320028603077
1 0.6510152220726013 0.44416242837905884 0.005076142027974129 0.012690355069935322
1 0.682106614112854 0.4282994866371155 0.006345177534967661 0.013959391042590141
1 0.6288071274757385 0.3807106614112854 0.006345177534967661 0.012690355069935322
1 0.7265228629112244 0.3914974629878998 0.006345177534967661 0.011421320028603077
1 0.6840101480484009 0.4321065843105316 0.007614213041961193 0.011421320028603077
2 0.6421319842338562 0.39340102672576904 0.007614213041961193 0.010152284055948257
2 0.6332487463951111 0.39086294174194336 0.005076142027974129 0.007614213041961193
2 0.664340078830719 0.3997461795806885 0.006345177534967661 0.005076142027974129
2 0.654187798500061 0.38832488656044006 0.006345177534967661 0.007614213041961193
2 0.6884517669677734 0.39911168813705444 0.006345177534967661 0.006345177534967661
2 0.7043147087097168 0.40228426456451416 0.005076142027974129 0.010152284055948257
2 0.7658629417419434 0.4346446692943573 0.006345177534967661 0.011421320028603077
2 0.7531725764274597 0.4060913622379303 0.0038071065209805965 0.010152284055948257
2 0.7633248567581177 0.4010152220726013 0.006345177534967661 0.007614213041961193
0 0.6909898519515991 0.3953045606613159 0.0596446692943573 0.029187817126512527
0 0.643401026725769 0.3870558440685272 0.022842640057206154 0.017766498029232025
2 0.6142131686210632 0.44162437319755554 0.005076142027974129 0.007614213041961193
2 0.5983502268791199 0.6694162487983704 0.013959391042590141 0.008883249014616013
2 0.5989847779273987 0.6618020534515381 0.007614213041961193 0.008883249014616013
2 0.6700507402420044 0.674492359161377 0.005076142027974129 0.008883249014616013
2 0.6510152220726013 0.6706852912902832 0.007614213041961193 0.006345177534967661
2 0.6954314708709717 0.6802030205726624 0.005076142027974129 0.007614213041961193
2 0.7138324975967407 0.6859136819839478 0.008883249014616013 0.013959391042590141
2 0.703045666217804 0.682741105556488 0.007614213041961193 0.010152284055948257
0 0.5843908786773682 0.6395938992500305 0.02157360315322876 0.025380710139870644
1 0.6307106614112854 0.6687816977500916 0.007614213041961193 0.010152284055948257
1 0.6376903653144836 0.6706852912902832 0.0038071065209805965 0.011421320028603077
1 0.6427664756774902 0.6713197827339172 0.0038071065209805965 0.012690355069935322
1 0.692258894443512 0.7227157354354858 0.008883249014616013 0.01649746112525463
1 0.6782994866371155 0.682741105556488 0.011421320028603077 0.015228426083922386
1 0.6890863180160522 0.6789340376853943 0.005076142027974129 0.012690355069935322
1 0.7043147087097168 0.6897208094596863 0.005076142027974129 0.011421320028603077
1 0.7284263968467712 0.6859136819839478 0.005076142027974129 0.013959391042590141
2 0.7696700692176819 0.6947969794273376 0.006345177534967661 0.011421320028603077
1 0.7011421322822571 0.7239847779273987 0.006345177534967661 0.011421320028603077
1 0.703045666217804 0.7170050740242004 0.007614213041961193 0.012690355069935322
1 0.6497461795806885 0.7131979465484619 0.010152284055948257 0.012690355069935322
1 0.6440355181694031 0.721446692943573 0.008883249014616013 0.011421320028603077
1 0.6586294174194336 0.720812201499939 0.010152284055948257 0.012690355069935322
1 0.846446692943573 0.7220812439918518 0.010152284055948257 0.012690355069935322
1 0.8635786771774292 0.7239847779273987 0.011421320028603077 0.013959391042590141
1 0.9517766237258911 0.6776649951934814 0.010152284055948257 0.012690355069935322
1 0.9670050740242004 0.7119289636611938 0.012690355069935322 0.010152284055948257
1 0.9720812439918518 0.7024111747741699 0.010152284055948257 0.008883249014616013
1 0.9644669890403748 0.5482233762741089 0.010152284055948257 0.012690355069935322
1 0.9511421322822571 0.5564720630645752 0.011421320028603077 0.01649746112525463
2 0.7810913920402527 0.6998730897903442 0.011421320028603077 0.013959391042590141
0 0.7944162487983704 0.7036802172660828 0.020304568111896515 0.01649746112525463
2 0.8445431590080261 0.7125634551048279 0.006345177534967661 0.011421320028603077
2 0.8807106614112854 0.7239847779273987 0.010152284055948257 0.011421320028603077
2 0.9003807306289673 0.7258883118629456 0.008883249014616013 0.010152284055948257
2 0.9676395654678345 0.5609136819839478 0.011421320028603077 0.010152284055948257
2 0.8477157354354858 0.4854061007499695 0.007614213041961193 0.013959391042590141
2 0.8559644818305969 0.4879441559314728 0.006345177534967661 0.013959391042590141
2 0.8661167621612549 0.49048224091529846 0.006345177534967661 0.011421320028603077
0 0.9904822111129761 0.664340078830719 0.01903553307056427 0.03172588720917702
0 0.9917512536048889 0.6129441857337952 0.01649746112525463 0.03299492225050926
1 0.9746192693710327 0.5177664756774902 0.010152284055948257 0.010152284055948257
1 0.981598973274231 0.5640863180160522 0.008883249014616013 0.011421320028603077
1 0.9809644818305969 0.5266497731208801 0.010152284055948257 0.010152284055948257
0 0.989847719669342 0.5241116881370544 0.017766498029232025 0.03299492225050926
1 0.8032994866371155 0.46192893385887146 0.005076142027974129 0.010152284055948257
1 0.7848984599113464 0.41941624879837036 0.0038071065209805965 0.011421320028603077
0 0.7810913920402527 0.4200507700443268 0.02157360315322876 0.025380710139870644
1 0.8667512536048889 0.4492385685443878 0.005076142027974129 0.010152284055948257
0 0.8997461795806885 0.4435279071331024 0.055837564170360565 0.039340101182460785
1 0.8927664756774902 0.3781725764274597 0.008883249014616013 0.012690355069935322
1 0.9022842645645142 0.3807106614112854 0.010152284055948257 0.015228426083922386
1 0.9885786771774292 0.3204314708709717 0.010152284055948257 0.011421320028603077
1 0.9854061007499695 0.2931472063064575 0.011421320028603077 0.012690355069935322
1 0.8959391117095947 0.3857868015766144 0.005076142027974129 0.012690355069935322
1 0.9955583810806274 0.2893401086330414 0.006345177534967661 0.012690355069935322
1 0.796954333782196 0.23730964958667755 0.007614213041961193 0.012690355069935322
1 0.8610405921936035 0.2017766535282135 0.011421320028603077 0.015228426083922386
4 0.7912436723709106 0.24619288742542267 0.04441624507308006 0.020304568111896515
4 0.8597715497016907 0.02220812253654003 0.01903553307056427 0.029187817126512527
4 0.924492359161377 0.02982233464717865 0.01903553307056427 0.029187817126512527
5 0.9651015400886536 0.012690355069935322 0.02157360315322876 0.022842640057206154
5 0.9187816977500916 0.009517766535282135 0.020304568111896515 0.01903553307056427
5 0.796954333782196 0.014593908563256264 0.020304568111896515 0.029187817126512527
4 0.7836294174194336 0.07296954095363617 0.01903553307056427 0.026649747043848038
4 0.8064720630645752 0.07550761103630066 0.01903553307056427 0.029187817126512527
4 0.7252538204193115 0.09137056022882462 0.01903553307056427 0.025380710139870644
4 0.7982233762741089 0.10406091064214706 0.015228426083922386 0.025380710139870644
4 0.8204314708709717 0.10532994568347931 0.013959391042590141 0.020304568111896515
9 0.9486040472984314 0.12373096495866776 0.02157360315322876 0.03172588720917702
9 0.9720812439918518 0.12563452124595642 0.020304568111896515 0.03299492225050926
4 0.9308375716209412 0.14340101182460785 0.01903553307056427 0.030456852167844772
4 0.9930202960968018 0.04378172755241394 0.013959391042590141 0.0241116750985384
1 0.9587563276290894 0.21763959527015686 0.011421320028603077 0.006345177534967661
0 0.9771573543548584 0.21129441261291504 0.030456852167844772 0.026649747043848038
