4 0.1465677171945572 0.37337663769721985 0.040816325694322586 0.036178108304739
4 0.20037105679512024 0.4281076192855835 0.044526901096105576 0.04359925910830498
4 0.2476808875799179 0.4735621511936188 0.05009276419878006 0.03988868370652199
4 0.4197588264942169 0.6586270928382874 0.06400742381811142 0.06122449040412903
4 0.3469387888908386 0.5839517712593079 0.05751391500234604 0.04916512221097946
4 0.4577922224998474 0.704081654548645 0.05658626928925514 0.05751391500234604
1 0.12708720564842224 0.33580705523490906 0.016697587445378304 0.024118738248944283
4 0.3487940728664398 0.8186456561088562 0.10204081982374191 0.07699443399906158
4 0.48191094398498535 0.8311688303947449 0.10111317038536072 0.08348794281482697
4 0.12152133882045746 0.945732831954956 0.12801484763622284 0.09183673560619354
4 0.22959183156490326 0.978200376033783 0.11224489659070969 0.04174397140741348
1 0.8135436177253723 0.435992568731308 0.012987012974917889 0.025974025949835777
1 0.7843227982521057 0.37430426478385925 0.006493506487458944 0.023191094398498535
2 0.7922077775001526 0.37198516726493835 0.0092764375731349 0.025974025949835777
2 0.7755101919174194 0.37755101919174194 0.0092764375731349 0.020408162847161293
4 0.8696660399436951 0.4332096576690674 0.062152132391929626 0.040816325694322586
10 0.9174396991729736 0.4531539976596832 0.0185528751462698 0.023191094398498535
4 0.9805194735527039 0.48051947355270386 0.03896103799343109 0.040816325694322586
4 0.9392393231391907 0.6567717790603638 0.07513915002346039 0.06122449040412903
4 0.9679962992668152 0.5862708687782288 0.06400742381811142 0.05009276419878006
4 0.399350643157959 0.048701297491788864 0.036178108304739 0.02133580669760704
4 0.37569573521614075 0.0347866415977478 0.0352504625916481 0.015769943594932556
4 0.3617810904979706 0.030612245202064514 0.0352504625916481 0.014842300675809383
4 0.34044528007507324 0.016233766451478004 0.029684601351618767 0.012059369124472141
4 0.33580705523490906 0.010204081423580647 0.025974025949835777 0.011131725274026394
5 0.04359925910830498 0.030612245202064514 0.03896103799343109 0.0185528751462698
4 0.016697587445378304 0.014842300675809383 0.03339517489075661 0.016697587445378304
4 0.06539888679981232 0.006493506487458944 0.023191094398498535 0.012987012974917889
4 0.08858998119831085 0.20408163964748383 0.03246753290295601 0.024118738248944283
4 0.07884972542524338 0.17161409556865692 0.020408162847161293 0.020408162847161293
7 0.022263450548052788 0.1841372847557068 0.04267161339521408 0.019480518996715546
10 0.06679034978151321 0.1785714328289032 0.007421150337904692 0.012059369124472141
