4 0.6662436723709106 0.034263961017131805 0.03553299605846405 0.06598984450101852
4 0.6230964660644531 0.4156091511249542 0.03807106614112854 0.0850253775715828
6 0.7074872851371765 0.538705587387085 0.05456852912902832 0.14847715198993683
4 0.5970812439918518 0.710659921169281 0.04441624507308006 0.0964467003941536
6 0.07804568856954575 0.9263959527015686 0.1560913771390915 0.1446700543165207
6 0.023477157577872276 0.7151015400886536 0.04695431515574455 0.11294416338205338
4 0.18401014804840088 0.6395938992500305 0.053299494087696075 0.07614213228225708
9 0.25190356373786926 0.4892131984233856 0.06218273937702179 0.1307106614112854
1 0.2385786771774292 0.5729695558547974 0.010152284055948257 0.0241116750985384
9 0.15989847481250763 0.2918781638145447 0.0710659921169281 0.10152284055948257
4 0.22335025668144226 0.2017766535282135 0.06345177441835403 0.060913704335689545
4 0.2925126850605011 0.14276649057865143 0.05203045532107353 0.04695431515574455
4 0.3604061007499695 0.0939086303114891 0.0482233501970768 0.055837564170360565
4 0.40482234954833984 0.02220812253654003 0.03299492225050926 0.04441624507308006
4 0.3439086377620697 0.02982233464717865 0.0482233501970768 0.0596446692943573
4 0.28299492597579956 0.10342639684677124 0.06345177441835403 0.05456852912902832
4 0.21256345510482788 0.15482233464717865 0.05456852912902832 0.04060913622379303
4 0.14276649057865143 0.19987308979034424 0.06218273937702179 0.04949238523840904
5 0.01903553307056427 0.28553298115730286 0.03807106614112854 0.058375634253025055
5 0.07296954095363617 0.24555838108062744 0.06472080945968628 0.0596446692943573
9 0.06916243582963943 0.4885786771774292 0.0824873074889183 0.17766498029232025
4 0.13578680157661438 0.055837564170360565 0.07868020236492157 0.06345177441835403
4 0.25 0.04124365374445915 0.055837564170360565 0.05203045532107353
4 0.21954314410686493 0.06345177441835403 0.055837564170360565 0.05076142027974129
4 0.13197968900203705 0.11104060709476471 0.055837564170360565 0.05203045532107353
4 0.09898477047681808 0.1281725913286209 0.055837564170360565 0.05076142027974129
4 0.060913704335689545 0.15418781340122223 0.055837564170360565 0.05203045532107353
4 0.02728426456451416 0.17449238896369934 0.05456852912902832 0.05203045532107353
