4 0.1338832527399063 0.24302031099796295 0.01649746112525463 0.036802031099796295
4 0.16560913622379303 0.28807106614112854 0.01649746112525463 0.03807106614112854
4 0.22525380551815033 0.3267766535282135 0.01649746112525463 0.039340101182460785
4 0.17195431888103485 0.380076140165329 0.01649746112525463 0.036802031099796295
4 0.15545685589313507 0.4321065843105316 0.013959391042590141 0.036802031099796295
4 0.13832487165927887 0.5901015400886536 0.017766498029232025 0.03807106614112854
4 0.16878172755241394 0.575507640838623 0.015228426083922386 0.039340101182460785
4 0.19987308979034424 0.5431472063064575 0.01649746112525463 0.04060913622379303
4 0.2189086228609085 0.6732233762741089 0.01649746112525463 0.041878171265125275
4 0.06472080945968628 0.7430202960968018 0.03299492225050926 0.01649746112525463
5 0.05647208169102669 0.7696700692176819 0.039340101182460785 0.01903553307056427
5 0.052664972841739655 0.796954333782196 0.036802031099796295 0.017766498029232025
4 0.11230964213609695 0.9282994866371155 0.02157360315322876 0.041878171265125275
5 0.14340101182460785 0.9790608882904053 0.020304568111896515 0.039340101182460785
4 0.32233503460884094 0.33629441261291504 0.017766498029232025 0.04568528011441231
4 0.29378172755241394 0.30520305037498474 0.01649746112525463 0.041878171265125275
5 0.0850253775715828 0.04568528011441231 0.025380710139870644 0.03553299605846405
5 0.12563452124595642 0.09581217914819717 0.020304568111896515 0.034263961017131805
