5 0.07360406219959259 0.4720812141895294 0.058375634253025055 0.03553299605846405
5 0.10342639684677124 0.5069797039031982 0.04949238523840904 0.04949238523840904
4 0.49555838108062744 0.39022842049598694 0.02157360315322876 0.04695431515574455
4 0.29631978273391724 0.960659921169281 0.034263961017131805 0.07614213228225708
4 0.4606598913669586 0.9118020534515381 0.030456852167844772 0.07741116732358932
4 0.4181472063064575 0.6072335243225098 0.0241116750985384 0.05456852912902832
4 0.3236040472984314 0.7652284502983093 0.027918782085180283 0.060913704335689545
4 0.5082487463951111 0.7081218361854553 0.029187817126512527 0.0710659921169281
4 0.518401026725769 0.6104061007499695 0.026649747043848038 0.060913704335689545
4 0.7480964660644531 0.8007614016532898 0.03172588720917702 0.07360406219959259
5 0.6916243433952332 0.5647208094596863 0.027918782085180283 0.053299494087696075
4 0.6782994866371155 0.3445431590080261 0.0241116750985384 0.041878171265125275
4 0.41878172755241394 0.35977157950401306 0.017766498029232025 0.036802031099796295
9 0.4200507700443268 0.20621827244758606 0.025380710139870644 0.0596446692943573
4 0.5304568409919739 0.34200507402420044 0.020304568111896515 0.04949238523840904
4 0.5126903653144836 0.19479694962501526 0.017766498029232025 0.034263961017131805
4 0.6668781638145447 0.24555838108062744 0.02157360315322876 0.039340101182460785
5 0.6624365448951721 0.06218273937702179 0.020304568111896515 0.03299492225050926
4 0.5247461795806885 0.04378172755241394 0.01903553307056427 0.029187817126512527
4 0.471446692943573 0.0120558375492692 0.01649746112525463 0.0241116750985384
5 0.2861675024032593 0.21129441261291504 0.0241116750985384 0.029187817126512527
5 0.2131979763507843 0.15545685589313507 0.04314720630645752 0.01649746112525463
5 0.20050761103630066 0.14403553307056427 0.030456852167844772 0.01649746112525463
5 0.18527919054031372 0.1364213228225708 0.04060913622379303 0.011421320028603077
5 0.1675126850605011 0.125 0.04314720630645752 0.01903553307056427
