4 0.7652381062507629 0.7628571391105652 0.05999999865889549 0.10476190596818924
10 0.631428599357605 0.800000011920929 0.05523809418082237 0.03999999910593033
10 0.6347619295120239 0.7490476369857788 0.05238095298409462 0.019999999552965164
10 0.6361904740333557 0.7290475964546204 0.041904762387275696 0.029523810371756554
5 0.668571412563324 0.9347618818283081 0.07999999821186066 0.1304761916399002
1 0.7904762029647827 0.8961904644966125 0.017142856493592262 0.04571428522467613
4 0.8585714101791382 0.9557142853736877 0.06952381134033203 0.08857142925262451
4 0.8419047594070435 0.8452380895614624 0.0533333346247673 0.11142857372760773
4 0.784761905670166 0.5861904621124268 0.041904762387275696 0.0657142847776413
10 0.6566666960716248 0.5066666603088379 0.037142857909202576 0.022857142612338066
1 0.7457143068313599 0.4890476167201996 0.0057142856530845165 0.027619047090411186
1 0.741428554058075 0.48476189374923706 0.006666666828095913 0.017142856493592262
4 0.7685714364051819 0.4828571379184723 0.03619047626852989 0.04571428522467613
4 0.7771428823471069 0.5271428823471069 0.03999999910593033 0.046666666865348816
10 0.7671428322792053 0.44238096475601196 0.027619047090411186 0.019999999552965164
4 0.7566666603088379 0.4238095283508301 0.03333333507180214 0.032380953431129456
10 0.7566666603088379 0.3919047713279724 0.027619047090411186 0.016190476715564728
4 0.7514285445213318 0.3757142722606659 0.024761904031038284 0.02190476283431053
4 0.7428571581840515 0.3499999940395355 0.02666666731238365 0.02380952425301075
4 0.7395238280296326 0.32952380180358887 0.018095238134264946 0.01904761977493763
10 0.666190505027771 0.29523810744285583 0.016190476715564728 0.011428571306169033
6 0.6690475940704346 0.26380953192710876 0.018095238134264946 0.020952381193637848
6 0.6709523797035217 0.2323809564113617 0.019999999552965164 0.02857142873108387
4 0.7242857217788696 0.25190475583076477 0.014285714365541935 0.02380952425301075
