4 0.42512691020965576 0.9479695558547974 0.06852792203426361 0.07360406219959259
9 0.023477157577872276 0.22842639684677124 0.04695431515574455 0.09137056022882462
4 0.07043147087097168 0.23223350942134857 0.034263961017131805 0.027918782085180283
5 0.09708122164011002 0.31662437319755554 0.029187817126512527 0.04949238523840904
5 0.5685279369354248 0.21446700394153595 0.03299492225050926 0.030456852167844772
4 0.5710659623146057 0.15989847481250763 0.022842640057206154 0.017766498029232025
4 0.549492359161377 0.04441624507308006 0.015228426083922386 0.010152284055948257
4 0.7303299307823181 0.18908628821372986 0.04695431515574455 0.017766498029232025
4 0.7151015400886536 0.1789340078830719 0.03172588720917702 0.010152284055948257
5 0.7906091213226318 0.052664972841739655 0.017766498029232025 0.02157360315322876
4 0.8204314708709717 0.052664972841739655 0.013959391042590141 0.013959391042590141
4 0.8388324975967407 0.055837564170360565 0.012690355069935322 0.012690355069935322
5 0.8369289636611938 0.17258882522583008 0.041878171265125275 0.022842640057206154
0 0.8914974331855774 0.16687817871570587 0.06472080945968628 0.05456852912902832
0 0.7119289636611938 0.14149746298789978 0.0482233501970768 0.05710659921169281
6 0.7912436723709106 0.5647208094596863 0.07741116732358932 0.06345177441835403
