4 0.12436547875404358 0.8876903653144836 0.08375634253025055 0.06472080945968628
4 0.625 0.7931472063064575 0.05710659921169281 0.08375634253025055
4 0.6618020534515381 0.7379441857337952 0.06218273937702179 0.0850253775715828
4 0.595812201499939 0.437817245721817 0.05456852912902832 0.07360406219959259
5 0.9130710363388062 0.5742385983467102 0.05456852912902832 0.06979695707559586
4 0.8597715497016907 0.4181472063064575 0.04695431515574455 0.0596446692943573
4 0.6567258834838867 0.2131979763507843 0.05456852912902832 0.06598984450101852
4 0.9657360315322876 0.26522842049598694 0.05076142027974129 0.053299494087696075
4 0.893401026725769 0.17956852912902832 0.04568528011441231 0.05203045532107353
4 0.8052030205726624 0.06345177441835403 0.04441624507308006 0.055837564170360565
4 0.6135786771774292 0.07804568856954575 0.05456852912902832 0.05710659921169281
4 0.5152284502983093 0.08375634253025055 0.04568528011441231 0.055837564170360565
