5 0.02474619261920452 0.06154822185635567 0.04949238523840904 0.0241116750985384
5 0.07170050591230392 0.06916243582963943 0.036802031099796295 0.03172588720917702
8 0.15228426456451416 0.14276649057865143 0.05076142027974129 0.05456852912902832
4 0.3781725764274597 0.07994923740625381 0.03807106614112854 0.027918782085180283
4 0.43908628821372986 0.09708122164011002 0.03807106614112854 0.03172588720917702
4 0.4340101480484009 0.13578680157661438 0.03807106614112854 0.03299492225050926
4 0.5317258834838867 0.2474619299173355 0.04060913622379303 0.03807106614112854
4 0.5939086079597473 0.3096446692943573 0.04568528011441231 0.04060913622379303
4 0.6383248567581177 0.312182754278183 0.04568528011441231 0.04314720630645752
4 0.6865482330322266 0.29441624879837036 0.04568528011441231 0.04314720630645752
4 0.6053299307823181 0.20685279369354248 0.04060913622379303 0.030456852167844772
4 0.42195430397987366 0.03299492225050926 0.03172588720917702 0.025380710139870644
4 0.4492385685443878 0.0241116750985384 0.03299492225050926 0.027918782085180283
4 0.4854061007499695 0.0881979689002037 0.034263961017131805 0.029187817126512527
10 0.5088832378387451 0.07550761103630066 0.012690355069935322 0.013959391042590141
1 0.5076141953468323 0.06979695707559586 0.007614213041961193 0.012690355069935322
1 0.3407360315322876 0.20875634253025055 0.013959391042590141 0.026649747043848038
1 0.3381979763507843 0.26269036531448364 0.011421320028603077 0.020304568111896515
4 0.6954314708709717 0.08946700394153595 0.04060913622379303 0.03172588720917702
4 0.9536802172660828 0.43020305037498474 0.04441624507308006 0.055837564170360565
5 0.9022842645645142 0.43908628821372986 0.0482233501970768 0.06598984450101852
4 0.8083756566047668 0.4543147087097168 0.04060913622379303 0.0482233501970768
4 0.9149746298789978 0.5437816977500916 0.0482233501970768 0.06218273937702179
4 0.692893385887146 0.44225889444351196 0.04060913622379303 0.04949238523840904
5 0.7201776504516602 0.2696700394153595 0.039340101182460785 0.04695431515574455
5 0.9295685291290283 0.674492359161377 0.04695431515574455 0.07741116732358932
4 0.9282994866371155 0.9695431590080261 0.04441624507308006 0.058375634253025055
