4 0.549492359161377 0.8159898519515991 0.055837564170360565 0.09898477047681808
2 0.8578680157661438 0.779187798500061 0.015228426083922386 0.025380710139870644
10 0.8585025668144226 0.7848984599113464 0.01903553307056427 0.039340101182460785
9 0.9968274235725403 0.6776649951934814 0.006345177534967661 0.07360406219959259
9 0.9473350048065186 0.5539340376853943 0.05456852912902832 0.06218273937702179
4 0.7461928725242615 0.4606598913669586 0.03807106614112854 0.04568528011441231
4 0.5875634551048279 0.4149746298789978 0.03807106614112854 0.03299492225050926
4 0.5843908786773682 0.3686548173427582 0.034263961017131805 0.02157360315322876
4 0.7296954393386841 0.3261421322822571 0.03553299605846405 0.025380710139870644
6 0.9098984599113464 0.3147208094596863 0.04060913622379303 0.0482233501970768
1 0.9739847779273987 0.5019035339355469 0.011421320028603077 0.02157360315322876
4 0.8032994866371155 0.2703045606613159 0.027918782085180283 0.020304568111896515
4 0.9587563276290894 0.28236040472984314 0.026649747043848038 0.02157360315322876
4 0.9346446990966797 0.1814720779657364 0.0241116750985384 0.015228426083922386
4 0.5717005133628845 0.16370558738708496 0.01903553307056427 0.010152284055948257
