1 0.0964467003941536 0.38261422514915466 0.007614213041961193 0.013959391042590141
1 0.6510152220726013 0.46700507402420044 0.010152284055948257 0.020304568111896515
2 0.6414974331855774 0.4828680157661438 0.006345177534967661 0.011421320028603077
2 0.6288071274757385 0.4796954393386841 0.006345177534967661 0.007614213041961193
2 0.7715736031532288 0.8623096346855164 0.015228426083922386 0.011421320028603077
2 0.7925127148628235 0.8642131686210632 0.011421320028603077 0.007614213041961193
2 0.7842639684677124 0.8718274235725403 0.010152284055948257 0.007614213041961193
2 0.7779187560081482 0.8794416189193726 0.012690355069935322 0.010152284055948257
2 0.7322335243225098 0.9067258834838867 0.015228426083922386 0.01649746112525463
2 0.7284263968467712 0.9225888252258301 0.012690355069935322 0.012690355069935322
1 0.9961928725242615 0.3940355181694031 0.007614213041961193 0.01903553307056427
1 0.9854061007499695 0.4225888252258301 0.006345177534967661 0.017766498029232025
1 0.9378172755241394 0.4593908488750458 0.005076142027974129 0.010152284055948257
1 0.9473350048065186 0.4993654787540436 0.006345177534967661 0.011421320028603077
1 0.9365482330322266 0.4968274235725403 0.005076142027974129 0.008883249014616013
1 0.9409898519515991 0.5076141953468323 0.0038071065209805965 0.010152284055948257
1 0.9346446990966797 0.5063451528549194 0.006345177534967661 0.010152284055948257
1 0.9467005133628845 0.5158629417419434 0.005076142027974129 0.011421320028603077
1 0.9282994866371155 0.5 0.006345177534967661 0.012690355069935322
1 0.9854061007499695 0.4428934156894684 0.008883249014616013 0.022842640057206154
1 0.7810913920402527 0.30012691020965576 0.006345177534967661 0.01649746112525463
1 0.7918781638145447 0.30203044414520264 0.005076142027974129 0.012690355069935322
1 0.8007614016532898 0.30012691020965576 0.005076142027974129 0.013959391042590141
1 0.8109136819839478 0.3032994866371155 0.005076142027974129 0.012690355069935322
1 0.8159898519515991 0.30203044414520264 0.005076142027974129 0.010152284055948257
1 0.8496192693710327 0.30266496539115906 0.0038071065209805965 0.011421320028603077
1 0.8642131686210632 0.3039340078830719 0.007614213041961193 0.01649746112525463
1 0.8724619150161743 0.30520305037498474 0.006345177534967661 0.01903553307056427
1 0.8864213228225708 0.3102791905403137 0.006345177534967661 0.01649746112525463
1 0.9092639684677124 0.3153553307056427 0.0038071065209805965 0.013959391042590141
1 0.9447969794273376 0.3496192991733551 0.0038071065209805965 0.008883249014616013
1 0.9409898519515991 0.3470812141895294 0.0038071065209805965 0.008883249014616013
1 0.9257614016532898 0.3635786771774292 0.0038071065209805965 0.008883249014616013
0 0.9333756566047668 0.3521573543548584 0.011421320028603077 0.02157360315322876
1 0.9854061007499695 0.17449238896369934 0.0038071065209805965 0.008883249014616013
1 0.989847719669342 0.17449238896369934 0.005076142027974129 0.008883249014616013
1 0.9949238300323486 0.17449238896369934 0.005076142027974129 0.011421320028603077
