4 0.0657142847776413 0.5852380990982056 0.03619047626852989 0.05047618970274925
4 0.12095238268375397 0.6847618818283081 0.03999999910593033 0.060952380299568176
4 0.14190475642681122 0.5704761743545532 0.034285712987184525 0.03999999910593033
4 0.2842857241630554 0.6604762077331543 0.0714285746216774 0.039047617465257645
4 0.272857129573822 0.6299999952316284 0.0771428570151329 0.04095238074660301
4 0.26476189494132996 0.6000000238418579 0.07428571581840515 0.03619047626852989
1 0.07095237821340561 0.7019047737121582 0.012380952015519142 0.024761904031038284
1 0.2561904788017273 0.5738095045089722 0.009523809887468815 0.016190476715564728
1 0.05428571254014969 0.5152381062507629 0.009523809887468815 0.017142856493592262
1 0.07523809373378754 0.5128571391105652 0.011428571306169033 0.02190476283431053
1 0.09285714477300644 0.5042856931686401 0.008571428246796131 0.019999999552965164
1 0.167142853140831 0.49809524416923523 0.008571428246796131 0.020952381193637848
1 0.14523810148239136 0.48380953073501587 0.008571428246796131 0.020952381193637848
10 0.18095238506793976 0.5357142686843872 0.009523809887468815 0.019999999552965164
10 0.19238094985485077 0.538095235824585 0.011428571306169033 0.020952381193637848
10 0.19857142865657806 0.5290476083755493 0.012380952015519142 0.02380952425301075
10 0.2133333384990692 0.5314285755157471 0.011428571306169033 0.01904761977493763
10 0.26523810625076294 0.5352380871772766 0.012380952015519142 0.022857142612338066
10 0.2809523940086365 0.5266666412353516 0.009523809887468815 0.020952381193637848
10 0.3261904716491699 0.5009523630142212 0.016190476715564728 0.024761904031038284
10 0.30523809790611267 0.5057142972946167 0.014285714365541935 0.022857142612338066
10 0.3209523856639862 0.5190476179122925 0.013333333656191826 0.020952381193637848
10 0.2747619152069092 0.5123809576034546 0.010476190596818924 0.024761904031038284
10 0.2842857241630554 0.5095238089561462 0.014285714365541935 0.024761904031038284
10 0.29380953311920166 0.5095238089561462 0.010476190596818924 0.024761904031038284
10 0.3142857253551483 0.5 0.007619047537446022 0.017142856493592262
10 0.26571428775787354 0.5161904692649841 0.013333333656191826 0.022857142612338066
10 0.2552380859851837 0.5199999809265137 0.011428571306169033 0.01904761977493763
10 0.2209523767232895 0.5314285755157471 0.011428571306169033 0.022857142612338066
10 0.23000000417232513 0.5276190638542175 0.012380952015519142 0.022857142612338066
10 0.23952381312847137 0.526190459728241 0.010476190596818924 0.02380952425301075
10 0.24571429193019867 0.5190476179122925 0.011428571306169033 0.01904761977493763
1 0.1433333307504654 0.8590475916862488 0.019999999552965164 0.01904761977493763
1 0.22238095104694366 0.8852381110191345 0.014285714365541935 0.02380952425301075
1 0.23000000417232513 0.8676190376281738 0.014285714365541935 0.024761904031038284
1 0.21523809432983398 0.869523823261261 0.011428571306169033 0.020952381193637848
0 0.2990476191043854 0.691428542137146 0.022857142612338066 0.02666666731238365
1 0.33047619462013245 0.44333332777023315 0.011428571306169033 0.019999999552965164
1 0.3380952477455139 0.4457142949104309 0.0057142856530845165 0.022857142612338066
1 0.35333332419395447 0.46000000834465027 0.009523809887468815 0.020952381193637848
1 0.40238094329833984 0.4895237982273102 0.008571428246796131 0.017142856493592262
1 0.4399999976158142 0.4933333396911621 0.007619047537446022 0.017142856493592262
1 0.41428571939468384 0.4695238173007965 0.009523809887468815 0.020952381193637848
1 0.40095236897468567 0.4628571569919586 0.007619047537446022 0.017142856493592262
1 0.9628571271896362 0.4000000059604645 0.009523809887468815 0.022857142612338066
1 0.9519047737121582 0.39523810148239136 0.008571428246796131 0.020952381193637848
1 0.9647619128227234 0.3876190483570099 0.009523809887468815 0.017142856493592262
10 0.6904761791229248 0.39523810148239136 0.013333333656191826 0.013333333656191826
10 0.7109524011611938 0.4057142734527588 0.012380952015519142 0.015238095074892044
2 0.7599999904632568 0.9295238256454468 0.007619047537446022 0.015238095074892044
2 0.7385714054107666 0.9233333468437195 0.014285714365541935 0.014285714365541935
2 0.7357142567634583 0.8961904644966125 0.008571428246796131 0.015238095074892044
0 0.7838095426559448 0.8547618985176086 0.05904762074351311 0.06190476194024086
0 0.9661904573440552 0.9714285731315613 0.058095239102840424 0.05714285746216774
0 0.6228571534156799 0.799047589302063 0.04571428522467613 0.04380952566862106
0 0.43142858147621155 0.7809523940086365 0.04952380806207657 0.04571428522467613
0 0.27619048953056335 0.8033333420753479 0.0476190485060215 0.03142857179045677
0 0.4409523904323578 0.6676190495491028 0.0476190485060215 0.03999999910593033
2 0.4990476071834564 0.7538095116615295 0.011428571306169033 0.016190476715564728
2 0.5214285850524902 0.8404762148857117 0.012380952015519142 0.027619047090411186
1 0.5247619152069092 0.8190476298332214 0.011428571306169033 0.017142856493592262
1 0.5385714173316956 0.8819047808647156 0.010476190596818924 0.022857142612338066
1 0.5919047594070435 0.7376190423965454 0.012380952015519142 0.019999999552965164
2 0.6066666841506958 0.700952410697937 0.013333333656191826 0.011428571306169033
2 0.5890476107597351 0.6990476250648499 0.012380952015519142 0.015238095074892044
0 0.6123809814453125 0.6323809623718262 0.013333333656191826 0.022857142612338066
0 0.6509523987770081 0.6528571248054504 0.014285714365541935 0.02190476283431053
2 0.753333330154419 0.6790476441383362 0.013333333656191826 0.017142856493592262
2 0.7342857122421265 0.6628571152687073 0.013333333656191826 0.015238095074892044
2 0.7523809671401978 0.6390476226806641 0.009523809887468815 0.013333333656191826
2 0.7385714054107666 0.631428599357605 0.010476190596818924 0.011428571306169033
0 0.7071428298950195 0.6433333158493042 0.037142857909202576 0.03523809462785721
8 0.6780952215194702 0.5680952668190002 0.03809523954987526 0.03142857179045677
1 0.6857143044471741 0.5514285564422607 0.007619047537446022 0.017142856493592262
1 0.8366666436195374 0.746666669845581 0.010476190596818924 0.022857142612338066
1 0.8557142615318298 0.7190476059913635 0.016190476715564728 0.024761904031038284
1 0.8428571224212646 0.7076190710067749 0.017142856493592262 0.01904761977493763
1 0.8152381181716919 0.7109524011611938 0.011428571306169033 0.018095238134264946
1 0.7976190447807312 0.6800000071525574 0.014285714365541935 0.01904761977493763
1 0.799047589302063 0.691428542137146 0.009523809887468815 0.011428571306169033
1 0.8680952191352844 0.6552380919456482 0.012380952015519142 0.022857142612338066
1 0.8419047594070435 0.6261904835700989 0.007619047537446022 0.012380952015519142
0 0.560952365398407 0.4399999976158142 0.08571428805589676 0.034285712987184525
5 0.5 0.46619048714637756 0.051428571343421936 0.029523810371756554
0 0.6247618794441223 0.42571428418159485 0.05714285746216774 0.02857142873108387
0 0.6752380728721619 0.44857141375541687 0.051428571343421936 0.051428571343421936
0 0.642380952835083 0.44476190209388733 0.02380952425301075 0.024761904031038284
10 0.7776190638542175 0.5328571200370789 0.012380952015519142 0.014285714365541935
10 0.7285714149475098 0.4933333396911621 0.01904761977493763 0.013333333656191826
10 0.7366666793823242 0.5004761815071106 0.014285714365541935 0.012380952015519142
10 0.7442857027053833 0.5057142972946167 0.018095238134264946 0.013333333656191826
10 0.7538095116615295 0.511904776096344 0.018095238134264946 0.014285714365541935
10 0.7599999904632568 0.5195237994194031 0.015238095074892044 0.014285714365541935
10 0.7652381062507629 0.5209524035453796 0.016190476715564728 0.013333333656191826
10 0.7742857336997986 0.5285714268684387 0.017142856493592262 0.015238095074892044
10 0.8409523963928223 0.5880952477455139 0.024761904031038284 0.027619047090411186
10 0.833809494972229 0.5790476202964783 0.016190476715564728 0.022857142612338066
10 0.8209523558616638 0.5714285969734192 0.015238095074892044 0.01904761977493763
8 0.8657143115997314 0.5961904525756836 0.03999999910593033 0.03809523954987526
10 0.8914285898208618 0.6228571534156799 0.022857142612338066 0.01904761977493763
10 0.9385714530944824 0.6885714530944824 0.018095238134264946 0.017142856493592262
10 0.9528571367263794 0.7052381038665771 0.029523810371756554 0.018095238134264946
10 0.9685714244842529 0.6838095188140869 0.02666666731238365 0.022857142612338066
10 0.9695237874984741 0.7171428799629211 0.02666666731238365 0.020952381193637848
10 0.9833333492279053 0.7347618937492371 0.029523810371756554 0.016190476715564728
10 0.9919047355651855 0.7457143068313599 0.016190476715564728 0.015238095074892044
0 0.9123809337615967 0.6676190495491028 0.03809523954987526 0.0476190485060215
