9 0.049047619104385376 0.8690476417541504 0.09809523820877075 0.2542857229709625
10 0.47809523344039917 0.7647619247436523 0.0533333346247673 0.07809523493051529
1 0.47380951046943665 0.7457143068313599 0.02380952425301075 0.03619047626852989
4 0.010952381417155266 0.5438095331192017 0.02190476283431053 0.07809523493051529
9 0.07999999821186066 0.27047619223594666 0.1599999964237213 0.13333334028720856
4 0.3747619092464447 0.4776190519332886 0.16476190090179443 0.08095238357782364
1 0.4052380919456482 0.403809517621994 0.019999999552965164 0.04571428522467613
4 0.3638095259666443 0.1842857152223587 0.04380952566862106 0.04476190358400345
4 0.3442857265472412 0.1490476131439209 0.04095238074660301 0.04476190358400345
4 0.33523809909820557 0.11523809283971786 0.03809523954987526 0.0476190485060215
4 0.44333332777023315 0.009999999776482582 0.04095238074660301 0.016190476715564728
4 0.5138095021247864 0.053809523582458496 0.058095239102840424 0.027619047090411186
4 0.4876190423965454 0.04714285582304001 0.04380952566862106 0.02380952425301075
4 0.5709523558616638 0.05285714194178581 0.05999999865889549 0.03333333507180214
1 0.5647618770599365 0.02380952425301075 0.015238095074892044 0.024761904031038284
4 0.5314285755157471 0.12380952388048172 0.041904762387275696 0.030476190149784088
4 0.5871428847312927 0.18809524178504944 0.05428571254014969 0.04476190358400345
4 0.6947619318962097 0.1852380931377411 0.06761904805898666 0.04285714402794838
4 0.6438094973564148 0.15619046986103058 0.04380952566862106 0.034285712987184525
4 0.6733333468437195 0.1428571492433548 0.0476190485060215 0.032380953431129456
4 0.6709523797035217 0.10523809492588043 0.05999999865889549 0.039047617465257645
4 0.6380952596664429 0.11619047820568085 0.04571428522467613 0.03809523954987526
5 0.6119047403335571 0.12095238268375397 0.04476190358400345 0.041904762387275696
4 0.9819047451019287 0.1428571492433548 0.03619047626852989 0.02666666731238365
4 0.9819047451019287 0.1604761928319931 0.03619047626852989 0.025714285671710968
4 0.9809523820877075 0.18095238506793976 0.03809523954987526 0.032380953431129456
4 0.9795238375663757 0.20571428537368774 0.04095238074660301 0.03999999910593033
4 0.9995238184928894 0.2790476083755493 0.0009523808257654309 0.0476190485060215
10 0.668571412563324 0.31761905550956726 0.02666666731238365 0.02380952425301075
2 0.6747618913650513 0.30761903524398804 0.019999999552965164 0.017142856493592262
