9 0.4168781638145447 0.10723350197076797 0.26522842049598694 0.19162435829639435
4 0.3445431590080261 0.0425126887857914 0.11294416338205338 0.07233502715826035
4 0.2157360464334488 0.11040609329938889 0.11167512834072113 0.0710659921169281
4 0.0850253775715828 0.1675126850605011 0.11421319842338562 0.09137056022882462
9 0.14022842049598694 0.2588832378387451 0.2804568409919739 0.2157360464334488
4 0.102157361805439 0.6332487463951111 0.10532994568347931 0.09137056022882462
6 0.014593908563256264 0.7931472063064575 0.029187817126512527 0.14974619448184967
6 0.03997461870312691 0.8699238300323486 0.07994923740625381 0.1814720779657364
6 0.07423857599496841 0.9187816977500916 0.14847715198993683 0.15989847481250763
5 0.6408629417419434 0.8337563276290894 0.12690354883670807 0.15482233464717865
4 0.6142131686210632 0.6668781638145447 0.11675126850605011 0.12309644371271133
4 0.3324873149394989 0.5456852912902832 0.10913705825805664 0.13197968900203705
4 0.4060913622379303 0.5088832378387451 0.0964467003941536 0.10406091064214706
4 0.7366751432418823 0.2810913622379303 0.05456852912902832 0.10532994568347931
5 0.807106614112854 0.34200507402420044 0.055837564170360565 0.11040609329938889
5 0.6592639684677124 0.3718274235725403 0.09517766535282135 0.08629441261291504
5 0.7176395654678345 0.4098984897136688 0.10279187560081482 0.0964467003941536
4 0.7614213228225708 0.45875635743141174 0.10406091064214706 0.10532994568347931
4 0.8083756566047668 0.5177664756774902 0.0964467003941536 0.10406091064214706
5 0.9206852912902832 0.46129441261291504 0.05456852912902832 0.09771573543548584
4 0.8604061007499695 0.5717005133628845 0.09898477047681808 0.11040609329938889
4 0.9067258834838867 0.6275380849838257 0.10025380551815033 0.11294416338205338
5 0.9581218361854553 0.6814720630645752 0.08375634253025055 0.12182740867137909
4 0.9841370582580566 0.7461928725242615 0.03172588720917702 0.13705584406852722
5 0.9727157354354858 0.9543147087097168 0.05456852912902832 0.08883249014616013
