0 0.34183672070503235 0.12755101919174194 0.11038961261510849 0.1456400752067566
4 0.40862709283828735 0.17300556600093842 0.02133580669760704 0.023191094398498535
5 0.4638218879699707 0.34322819113731384 0.08163265138864517 0.03896103799343109
4 0.6553803086280823 0.4364564120769501 0.051020409911870956 0.05844155699014664
4 0.7193877696990967 0.505565881729126 0.05473098158836365 0.06864564120769501
4 0.5032467246055603 0.5635436177253723 0.06586270779371262 0.08070500940084457
1 0.5936920046806335 0.6442486047744751 0.012987012974917889 0.019480518996715546
4 0.6298701167106628 0.6651206016540527 0.06679034978151321 0.08534322679042816
4 0.8469387888908386 0.6502782702445984 0.06864564120769501 0.051948051899671555
4 0.853432297706604 0.6141001582145691 0.072356216609478 0.04638218879699707
10 0.8223562240600586 0.695268988609314 0.030612245202064514 0.034322820603847504
10 0.798701286315918 0.7133580446243286 0.0371057502925396 0.025974025949835777
4 0.7727272510528564 0.8005566000938416 0.09090909361839294 0.09090909361839294
4 0.314007431268692 0.9007421135902405 0.11038961261510849 0.09647495299577713
8 0.3970315456390381 0.23794062435626984 0.05009276419878006 0.030612245202064514
11 0.40862709283828735 0.5046381950378418 0.02133580669760704 0.029684601351618767
4 0.8585343360900879 0.1808905452489853 0.02504638209939003 0.040816325694322586
4 0.907699465751648 0.18970315158367157 0.02504638209939003 0.03803339600563049
4 0.9415584206581116 0.2898886799812317 0.0352504625916481 0.05658626928925514
4 0.945732831954956 0.44619667530059814 0.08441558480262756 0.03896103799343109
10 0.8715213537216187 0.4721706807613373 0.01762523129582405 0.027829313650727272
3 0.8831169009208679 0.5241187214851379 0.0352504625916481 0.020408162847161293
