4 0.44479694962501526 0.05076142027974129 0.008883249014616013 0.007614213041961193
4 0.44162437319755554 0.06916243582963943 0.007614213041961193 0.008883249014616013
6 0.4403553307056427 0.0850253775715828 0.012690355069935322 0.015228426083922386
4 0.42449238896369934 0.08756345510482788 0.008883249014616013 0.010152284055948257
6 0.4118020236492157 0.14403553307056427 0.01649746112525463 0.0241116750985384
4 0.44733503460884094 0.16814720630645752 0.01649746112525463 0.013959391042590141
4 0.3972081243991852 0.20368020236492157 0.015228426083922386 0.013959391042590141
4 0.44225889444351196 0.2614213228225708 0.013959391042590141 0.020304568111896515
5 0.4098984897136688 0.2906091511249542 0.020304568111896515 0.027918782085180283
0 0.3832487165927887 0.06852792203426361 0.06598984450101852 0.08375634253025055
4 0.3667512834072113 0.11992385983467102 0.010152284055948257 0.006345177534967661
4 0.36548224091529846 0.13007614016532898 0.010152284055948257 0.008883249014616013
4 0.33058375120162964 0.15418781340122223 0.011421320028603077 0.013959391042590141
4 0.3299492299556732 0.1732233464717865 0.017766498029232025 0.008883249014616013
4 0.3045685291290283 0.20621827244758606 0.012690355069935322 0.011421320028603077
5 0.32868021726608276 0.21827411651611328 0.017766498029232025 0.015228426083922386
4 0.3407360315322876 0.23921319842338562 0.01649746112525463 0.013959391042590141
4 0.3331218361854553 0.2645938992500305 0.01903553307056427 0.01649746112525463
4 0.30774110555648804 0.32868021726608276 0.02157360315322876 0.020304568111896515
9 0.25951775908470154 0.3381979763507843 0.036802031099796295 0.04949238523840904
4 0.35406091809272766 0.38769036531448364 0.022842640057206154 0.03172588720917702
4 0.2303299456834793 0.5380710363388062 0.036802031099796295 0.030456852167844772
4 0.36167511343955994 0.5799492597579956 0.03553299605846405 0.05076142027974129
4 0.4111675024032593 0.8052030205726624 0.04314720630645752 0.10025380551815033
4 0.05456852912902832 0.7906091213226318 0.06345177441835403 0.07360406219959259
4 0.8261421322822571 0.9289340376853943 0.058375634253025055 0.06852792203426361
4 0.7430202960968018 0.8813451528549194 0.05203045532107353 0.06725887954235077
4 0.6947969794273376 0.7722080945968628 0.041878171265125275 0.05456852912902832
4 0.7335025668144226 0.7633248567581177 0.04060913622379303 0.04949238523840904
9 0.703045666217804 0.4885786771774292 0.05076142027974129 0.0482233501970768
6 0.6522842645645142 0.4467005133628845 0.04568528011441231 0.0710659921169281
6 0.6732233762741089 0.43020305037498474 0.0241116750985384 0.03807106614112854
5 0.6357868313789368 0.41941624879837036 0.020304568111896515 0.029187817126512527
6 0.6567258834838867 0.37880709767341614 0.029187817126512527 0.0596446692943573
4 0.567258894443512 0.3217005133628845 0.015228426083922386 0.013959391042590141
6 0.5704314708709717 0.2906091511249542 0.01903553307056427 0.030456852167844772
6 0.6262690424919128 0.25761422514915466 0.0241116750985384 0.027918782085180283
4 0.6053299307823181 0.23223350942134857 0.015228426083922386 0.010152284055948257
4 0.5939086079597473 0.22017766535282135 0.015228426083922386 0.008883249014616013
6 0.5532994866371155 0.2474619299173355 0.022842640057206154 0.03299492225050926
4 0.5355330109596252 0.18654821813106537 0.010152284055948257 0.012690355069935322
4 0.5234771370887756 0.16878172755241394 0.008883249014616013 0.007614213041961193
6 0.5272842645645142 0.199238583445549 0.01903553307056427 0.027918782085180283
0 0.518401026725769 0.10723350197076797 0.09263959527015686 0.1078680232167244
