4 0.5756029486656189 0.024118738248944283 0.0732838585972786 0.027829313650727272
4 0.6076066493988037 0.09508349001407623 0.08905380219221115 0.036178108304739
4 0.6261595487594604 0.12244898080825806 0.09090909361839294 0.029684601351618767
4 0.7430426478385925 0.30705007910728455 0.09090909361839294 0.040816325694322586
4 0.8868274688720703 0.33719852566719055 0.08905380219221115 0.04916512221097946
4 0.9146567583084106 0.37291279435157776 0.09276437759399414 0.06122449040412903
4 0.9327458143234253 0.41512060165405273 0.08441558480262756 0.05658626928925514
4 0.9740259647369385 0.5092764496803284 0.051948051899671555 0.06679034978151321
4 0.9921150207519531 0.5584415793418884 0.015769943594932556 0.059369202703237534
4 0.9559369087219238 0.7235621809959412 0.08812616020441055 0.072356216609478
4 0.9870129823684692 0.853432297706604 0.025974025949835777 0.08348794281482697
