6 0.15306122601032257 0.20315398275852203 0.08534322679042816 0.04267161339521408
6 0.05612244829535484 0.2110389620065689 0.0732838585972786 0.03988868370652199
1 0.23840445280075073 0.2880333960056305 0.0092764375731349 0.019480518996715546
4 0.19341373443603516 0.5626159310340881 0.05658626928925514 0.05658626928925514
1 0.1734693944454193 0.6117810606956482 0.007421150337904692 0.02133580669760704
1 0.12987013161182404 0.6001855134963989 0.05751391500234604 0.04638218879699707
4 0.019016698002815247 0.6544526815414429 0.03803339600563049 0.06029684469103813
10 0.010204081423580647 0.8228200078010559 0.0185528751462698 0.012987012974917889
10 0.04916512221097946 0.7917439937591553 0.014842300675809383 0.013914656825363636
10 0.0695732831954956 0.7778292894363403 0.016697587445378304 0.013914656825363636
10 0.1066790372133255 0.7532467246055603 0.0185528751462698 0.016697587445378304
10 0.11920222640037537 0.7402597665786743 0.012059369124472141 0.011131725274026394
10 0.13543599843978882 0.728200376033783 0.007421150337904692 0.011131725274026394
10 0.15398886799812317 0.7152133584022522 0.007421150337904692 0.016697587445378304
10 0.16465677320957184 0.7077922224998474 0.012059369124472141 0.011131725274026394
10 0.1799628883600235 0.6999072432518005 0.007421150337904692 0.013914656825363636
4 0.20361781120300293 0.6776437759399414 0.008348793722689152 0.012059369124472141
10 0.24304267764091492 0.6470315456390381 0.005565862637013197 0.010204081423580647
10 0.252782940864563 0.6414656639099121 0.006493506487458944 0.013914656825363636
1 0.26716139912605286 0.6637291312217712 0.0092764375731349 0.026901669800281525
6 0.3589981496334076 0.4304267168045044 0.08905380219221115 0.06493506580591202
4 0.3631725311279297 0.072356216609478 0.02133580669760704 0.011131725274026394
4 0.37755101919174194 0.07745825499296188 0.016697587445378304 0.013914656825363636
4 0.4007421135902405 0.08256029337644577 0.016697587445378304 0.0092764375731349
10 0.3961038887500763 0.3195732831954956 0.022263450548052788 0.01762523129582405
4 0.6702226400375366 0.4308905303478241 0.06400742381811142 0.03988868370652199
4 0.6924861073493958 0.4948979616165161 0.06029684469103813 0.04174397140741348
4 0.8858998417854309 0.29406309127807617 0.0371057502925396 0.029684601351618767
4 0.695732831954956 0.09693877398967743 0.0185528751462698 0.013914656825363636
4 0.7133580446243286 0.10064934939146042 0.020408162847161293 0.013914656825363636
4 0.7300556302070618 0.10389610379934311 0.016697587445378304 0.016697587445378304
4 0.7490723729133606 0.11038961261510849 0.02133580669760704 0.016697587445378304
4 0.7708719968795776 0.1094619631767273 0.020408162847161293 0.016697587445378304
6 0.7875695824623108 0.12940630316734314 0.055658627301454544 0.023191094398498535
5 0.7537105679512024 0.3622449040412903 0.030612245202064514 0.02133580669760704
5 0.9550092816352844 0.6484230160713196 0.08812616020441055 0.06864564120769501
10 0.5394248366355896 0.9058441519737244 0.02133580669760704 0.03246753290295601
10 0.5681818127632141 0.923933207988739 0.023191094398498535 0.0352504625916481
