4 0.4720812141895294 0.7277919054031372 0.0482233501970768 0.0596446692943573
4 0.8140863180160522 0.8705583810806274 0.06472080945968628 0.07614213228225708
4 0.375 0.2779187858104706 0.034263961017131805 0.020304568111896515
4 0.2925126850605011 0.24048224091529846 0.029187817126512527 0.02157360315322876
9 0.9866751432418823 0.0425126887857914 0.02664974518120289 0.0241116750985384
9 0.8908629417419434 0.08565989881753922 0.06345177441835403 0.0241116750985384
9 0.9238578677177429 0.03489847853779793 0.015228426083922386 0.029187817126512527
9 0.9111675024032593 0.03489847853779793 0.015228426083922386 0.029187817126512527
9 0.8972080945968628 0.03489847853779793 0.015228426083922386 0.029187817126512527
9 0.8826141953468323 0.033629439771175385 0.01649746112525463 0.026649747043848038
6 0.7842639684677124 0.0539340116083622 0.015228426083922386 0.02157360315322876
6 0.7823604345321655 0.08692893385887146 0.011421320028603077 0.01903553307056427
0 0.8223350048065186 0.06662436574697495 0.027918782085180283 0.06979695707559586
4 0.7874365448951721 0.5945431590080261 0.04695431515574455 0.041878171265125275
6 0.13007614016532898 0.2614213228225708 0.04441624507308006 0.04060913622379303
9 0.20114213228225708 0.21065989136695862 0.0596446692943573 0.055837564170360565
4 0.18401014804840088 0.1535532921552658 0.022842640057206154 0.017766498029232025
2 0.1478426456451416 0.13197968900203705 0.0038071065209805965 0.005076142027974129
10 0.14847715198993683 0.1332487314939499 0.010152284055948257 0.012690355069935322
4 0.04060913622379303 0.22208121418952942 0.025380710139870644 0.012690355069935322
2 0.06408629566431046 0.21256345510482788 0.006345177534967661 0.006345177534967661
4 0.06408629566431046 0.21446700394153595 0.011421320028603077 0.012690355069935322
4 0.012690355069935322 0.16560913622379303 0.020304568111896515 0.013959391042590141
4 0.09835025668144226 0.16878172755241394 0.01903553307056427 0.010152284055948257
4 0.02982233464717865 0.07487309724092484 0.013959391042590141 0.012690355069935322
4 0.05203045532107353 0.04631979763507843 0.010152284055948257 0.011421320028603077
0 0.007614213041961193 0.22017766535282135 0.015228426083922386 0.05710659921169281
