6 0.023191094398498535 0.719851553440094 0.04638218879699707 0.0705009251832962
6 0.08487940579652786 0.7871057391166687 0.08070500940084457 0.07884972542524338
4 0.1734693944454193 0.8710575103759766 0.08163265138864517 0.08348794281482697
4 0.29962894320487976 0.918367326259613 0.09276437759399414 0.09090909361839294
4 0.27179962396621704 0.9517624974250793 0.08719851821660995 0.07977736741304398
6 0.7156772017478943 0.945268988609314 0.16790352761745453 0.1076066792011261
5 0.5709647536277771 0.8696660399436951 0.09369201958179474 0.07699443399906158
10 0.777365505695343 0.6720778942108154 0.025974025949835777 0.026901669800281525
10 0.8330241441726685 0.6210575103759766 0.03339517489075661 0.02875695750117302
4 0.9341372847557068 0.5825603008270264 0.08348794281482697 0.05009276419878006
7 0.6910946369171143 0.5834879279136658 0.0371057502925396 0.025974025949835777
4 0.9703153967857361 0.04962894320487976 0.025974025949835777 0.01762523129582405
4 0.932282030582428 0.05287569388747215 0.03339517489075661 0.016697587445378304
4 0.9308905601501465 0.04267161339521408 0.03803339600563049 0.012987012974917889
4 0.8436920046806335 0.022727273404598236 0.026901669800281525 0.013914656825363636
4 0.12755101919174194 0.573283851146698 0.06771799921989441 0.05009276419878006
5 0.2156771868467331 0.628014862537384 0.08812616020441055 0.06679034978151321
5 0.2898886799812317 0.6799628734588623 0.06029684469103813 0.05009276419878006
4 0.36270871758461 0.7295918464660645 0.08163265138864517 0.062152132391929626
4 0.45408162474632263 0.7908163070678711 0.08627086877822876 0.06771799921989441
3 0.4202226400375366 0.7314471006393433 0.020408162847161293 0.026901669800281525
10 0.0180890541523695 0.9179035425186157 0.019480518996715546 0.04730983451008797
10 0.18738403916358948 0.9642857313156128 0.029684601351618767 0.02875695750117302
10 0.15630798041820526 0.9526901841163635 0.026901669800281525 0.027829313650727272
10 0.13265305757522583 0.9327458143234253 0.014842300675809383 0.034322820603847504
10 0.11595547199249268 0.9355287551879883 0.016697587445378304 0.036178108304739
10 0.11363636702299118 0.8947124481201172 0.034322820603847504 0.026901669800281525
10 0.09508349001407623 0.8701298832893372 0.026901669800281525 0.0352504625916481
10 0.07560297101736069 0.8580704927444458 0.023191094398498535 0.03153988718986511
10 0.017161410301923752 0.7871057391166687 0.026901669800281525 0.02875695750117302
