9 0.3807106614112854 0.5558375716209412 0.08883249014616013 0.1192893385887146
5 0.37055838108062744 0.49555838108062744 0.04060913622379303 0.03172588720917702
4 0.2049492448568344 0.37055838108062744 0.029187817126512527 0.017766498029232025
4 0.10342639684677124 0.35659897327423096 0.026649747043848038 0.017766498029232025
4 0.08692893385887146 0.26840102672576904 0.0241116750985384 0.013959391042590141
4 0.04568528011441231 0.30774110555648804 0.022842640057206154 0.01649746112525463
4 0.24936547875404358 0.14720812439918518 0.008883249014616013 0.007614213041961193
0 0.2360406070947647 0.14657360315322876 0.020304568111896515 0.036802031099796295
9 0.30837562680244446 0.1560913771390915 0.04314720630645752 0.015228426083922386
9 0.3921319842338562 0.13705584406852722 0.04060913622379303 0.015228426083922386
9 0.43654823303222656 0.13705584406852722 0.04060913622379303 0.015228426083922386
