4 0.047588832676410675 0.49809643626213074 0.034263961017131805 0.0596446692943573
9 0.22081218659877777 0.4118020236492157 0.06852792203426361 0.1535532921552658
9 0.2189086228609085 0.75 0.08756345510482788 0.20558375120162964
9 0.24873095750808716 0.9060913920402527 0.10152284055948257 0.18274112045764923
4 0.44416242837905884 0.6897208094596863 0.060913704335689545 0.09263959527015686
4 0.41053298115730286 0.8508883118629456 0.05203045532107353 0.10532994568347931
9 0.2049492448568344 0.022842640057206154 0.07233502715826035 0.04314720630645752
1 0.567893385887146 0.33375635743141174 0.011421320028603077 0.027918782085180283
1 0.575507640838623 0.3236040472984314 0.008883249014616013 0.025380710139870644
1 0.6091370582580566 0.34517765045166016 0.015228426083922386 0.027918782085180283
1 0.779187798500061 0.6008883118629456 0.012690355069935322 0.03172588720917702
1 0.7975888252258301 0.6104061007499695 0.013959391042590141 0.027918782085180283
1 0.8115482330322266 0.6021573543548584 0.01903553307056427 0.034263961017131805
1 0.7956852912902832 0.5920050740242004 0.017766498029232025 0.029187817126512527
1 0.8978426456451416 0.6510152220726013 0.013959391042590141 0.03807106614112854
1 0.9098984599113464 0.653553307056427 0.022842640057206154 0.03807106614112854
1 0.12309644371271133 0.7595177888870239 0.012690355069935322 0.029187817126512527
1 0.14022842049598694 0.6884517669677734 0.013959391042590141 0.026649747043848038
1 0.1535532921552658 0.6579949259757996 0.015228426083922386 0.034263961017131805
1 0.1592639535665512 0.6116751432418823 0.011421320028603077 0.030456852167844772
1 0.14022842049598694 0.6002538204193115 0.011421320028603077 0.030456852167844772
1 0.125 0.5774111747741699 0.011421320028603077 0.027918782085180283
1 0.13197968900203705 0.5520304441452026 0.012690355069935322 0.030456852167844772
1 0.14022842049598694 0.49302029609680176 0.011421320028603077 0.0241116750985384
