4 0.06789340078830719 0.6770304441452026 0.13578680157661438 0.07741116732358932
4 0.2753807008266449 0.5260152220726013 0.1700507551431656 0.0824873074889183
1 0.3236040472984314 0.9206852912902832 0.012690355069935322 0.01903553307056427
1 0.4600253701210022 0.8546954393386841 0.01649746112525463 0.01903553307056427
1 0.4752538204193115 0.8718274235725403 0.01649746112525463 0.015228426083922386
1 0.5869289636611938 0.8229695558547974 0.008883249014616013 0.01903553307056427
1 0.5939086079597473 0.7829949259757996 0.017766498029232025 0.020304568111896515
2 0.4206852912902832 0.9086294174194336 0.013959391042590141 0.022842640057206154
2 0.48984771966934204 0.9149746298789978 0.012690355069935322 0.012690355069935322
2 0.5082487463951111 0.9048223495483398 0.011421320028603077 0.015228426083922386
2 0.5272842645645142 0.9048223495483398 0.01649746112525463 0.022842640057206154
2 0.5488578677177429 0.9067258834838867 0.011421320028603077 0.01903553307056427
1 0.7290608882904053 0.9574872851371765 0.013959391042590141 0.01903553307056427
1 0.7633248567581177 0.9479695558547974 0.011421320028603077 0.025380710139870644
