4 0.1592639535665512 0.8775380849838257 0.05456852912902832 0.034263961017131805
9 0.3635786771774292 0.7715736031532288 0.04441624507308006 0.13451775908470154
4 0.4225888252258301 0.37309643626213074 0.012690355069935322 0.010152284055948257
10 0.43337562680244446 0.3496192991733551 0.0038071065209805965 0.008883249014616013
4 0.4143401086330414 0.3299492299556732 0.008883249014616013 0.007614213041961193
4 0.4200507700443268 0.3159898519515991 0.007614213041961193 0.007614213041961193
4 0.408629447221756 0.3090101480484009 0.007614213041961193 0.006345177534967661
10 0.41307106614112854 0.2988578677177429 0.0038071065209805965 0.006345177534967661
4 0.403553307056427 0.2975888252258301 0.007614213041961193 0.006345177534967661
4 0.3895938992500305 0.2817258834838867 0.007614213041961193 0.005076142027974129
4 0.36484771966934204 0.2861675024032593 0.006345177534967661 0.0038071065209805965
9 0.3401015102863312 0.27664974331855774 0.010152284055948257 0.012690355069935322
4 0.3572334945201874 0.2664974629878998 0.006345177534967661 0.005076142027974129
0 0.3299492299556732 0.25190356373786926 0.0482233501970768 0.029187817126512527
4 0.9574872851371765 0.25444161891937256 0.011421320028603077 0.006345177534967661
4 0.924492359161377 0.2747461795806885 0.011421320028603077 0.006345177534967661
4 0.8807106614112854 0.2703045606613159 0.010152284055948257 0.005076142027974129
2 0.8426395654678345 0.28299492597579956 0.0025380710139870644 0.005076142027974129
10 0.8432741165161133 0.28553298115730286 0.008883249014616013 0.005076142027974129
4 0.8730964660644531 0.2950507700443268 0.015228426083922386 0.008883249014616013
4 0.8267766237258911 0.31408628821372986 0.013959391042590141 0.008883249014616013
4 0.8026649951934814 0.31662437319755554 0.013959391042590141 0.006345177534967661
9 0.8109136819839478 0.34835025668144226 0.030456852167844772 0.013959391042590141
4 0.8128172755241394 0.33629441261291504 0.013959391042590141 0.007614213041961193
4 0.788705587387085 0.3686548173427582 0.01903553307056427 0.008883249014616013
4 0.7760152220726013 0.3635786771774292 0.013959391042590141 0.006345177534967661
4 0.8236040472984314 0.3324873149394989 0.010152284055948257 0.005076142027974129
4 0.8331218361854553 0.32868021726608276 0.011421320028603077 0.005076142027974129
9 0.8845177888870239 0.35406091809272766 0.015228426083922386 0.022842640057206154
9 0.9086294174194336 0.351522833108902 0.022842640057206154 0.020304568111896515
9 0.8914974331855774 0.33692893385887146 0.026649747043848038 0.02157360315322876
9 0.9232233762741089 0.33946701884269714 0.03172588720917702 0.02157360315322876
9 0.9111675024032593 0.3388324975967407 0.030456852167844772 0.020304568111896515
9 0.6364213228225708 0.34835025668144226 0.039340101182460785 0.03172588720917702
4 0.49302029609680176 0.4454314708709717 0.01649746112525463 0.012690355069935322
10 0.9638324975967407 0.7512690424919128 0.029187817126512527 0.015228426083922386
6 0.585659921169281 0.7392131686210632 0.036802031099796295 0.07741116732358932
4 0.5596446990966797 0.6465736031532288 0.022842640057206154 0.0241116750985384
4 0.5767766237258911 0.5736040472984314 0.0241116750985384 0.017766498029232025
5 0.6307106614112854 0.4739847779273987 0.03553299605846405 0.0241116750985384
4 0.5881979465484619 0.4581218361854553 0.026649747043848038 0.015228426083922386
4 0.6173858046531677 0.43591371178627014 0.026649747043848038 0.013959391042590141
4 0.6472080945968628 0.4238578677177429 0.022842640057206154 0.012690355069935322
4 0.6573604345321655 0.41878172755241394 0.022842640057206154 0.012690355069935322
4 0.6605330109596252 0.41624364256858826 0.026649747043848038 0.010152284055948257
4 0.6687816977500916 0.4124365448951721 0.025380710139870644 0.010152284055948257
4 0.682741105556488 0.4098984897136688 0.020304568111896515 0.007614213041961193
4 0.6662436723709106 0.4010152220726013 0.017766498029232025 0.007614213041961193
4 0.720812201499939 0.4111675024032593 0.020304568111896515 0.012690355069935322
4 0.7068527936935425 0.4225888252258301 0.020304568111896515 0.010152284055948257
9 0.663705587387085 0.4568527936935425 0.04060913622379303 0.03553299605846405
9 0.7043147087097168 0.43908628821372986 0.04060913622379303 0.030456852167844772
9 0.7347715497016907 0.42195430397987366 0.03807106614112854 0.026649747043848038
9 0.7658629417419434 0.4098984897136688 0.036802031099796295 0.025380710139870644
4 0.674492359161377 0.43908628821372986 0.026649747043848038 0.010152284055948257
6 0.7131979465484619 0.48730963468551636 0.025380710139870644 0.025380710139870644
6 0.7525380849838257 0.528553307056427 0.03807106614112854 0.026649747043848038
6 0.7131979465484619 0.5196700692176819 0.03553299605846405 0.0241116750985384
6 0.7303299307823181 0.48984771966934204 0.029187817126512527 0.030456852167844772
6 0.7474619150161743 0.4911167621612549 0.030456852167844772 0.030456852167844772
6 0.768401026725769 0.4936548173427582 0.03172588720917702 0.03299492225050926
6 0.8013959527015686 0.5012690424919128 0.03172588720917702 0.03299492225050926
6 0.8191624283790588 0.5057106614112854 0.034263961017131805 0.03172588720917702
6 0.8540608882904053 0.5126903653144836 0.030456852167844772 0.03299492225050926
6 0.8775380849838257 0.5133248567581177 0.03172588720917702 0.03172588720917702
6 0.8109136819839478 0.5399746298789978 0.04060913622379303 0.029187817126512527
6 0.8337563276290894 0.5418781638145447 0.03553299605846405 0.027918782085180283
4 0.7512690424919128 0.46763959527015686 0.03299492225050926 0.013959391042590141
5 0.8432741165161133 0.4752538204193115 0.034263961017131805 0.01649746112525463
4 0.8223350048065186 0.46700507402420044 0.03299492225050926 0.012690355069935322
0 0.8020304441452026 0.44479694962501526 0.10406091064214706 0.0241116750985384
5 0.9473350048065186 0.4803299605846405 0.034263961017131805 0.013959391042590141
4 0.9200507402420044 0.4746192991733551 0.027918782085180283 0.010152284055948257
4 0.9739847779273987 0.46446701884269714 0.026649747043848038 0.012690355069935322
4 0.9549492597579956 0.45875635743141174 0.026649747043848038 0.008883249014616013
4 0.9651015400886536 0.471446692943573 0.026649747043848038 0.011421320028603077
4 0.9359136819839478 0.466370552778244 0.029187817126512527 0.011421320028603077
6 0.9555837512016296 0.4435279071331024 0.058375634253025055 0.026649747043848038
6 0.970812201499939 0.4314720928668976 0.055837564170360565 0.025380710139870644
6 0.9771573543548584 0.42512691020965576 0.04568528011441231 0.025380710139870644
6 0.9879441857337952 0.41878172755241394 0.0241116750985384 0.025380710139870644
1 0.9727157354354858 0.5590101480484009 0.006345177534967661 0.013959391042590141
4 0.9651015400886536 0.5532994866371155 0.02157360315322876 0.020304568111896515
4 0.9860405921936035 0.5545685291290283 0.022842640057206154 0.020304568111896515
4 0.9974619150161743 0.5558375716209412 0.005076142027974129 0.020304568111896515
4 0.9949238300323486 0.5450507402420044 0.010152284055948257 0.011421320028603077
4 0.9949238300323486 0.5228426456451416 0.010152284055948257 0.015228426083922386
1 0.15545685589313507 0.7766497731208801 0.008883249014616013 0.017766498029232025
4 0.07360406219959259 0.7049492597579956 0.027918782085180283 0.029187817126512527
