4.0 0.023623511904761904 0.8892195767195767 0.04724702380952381 0.13293650793650794
4.0 0.2974330357142857 0.3816137566137566 0.07552083333333333 0.05952380952380952
4.0 0.45740327380952384 0.4123677248677249 0.0859375 0.07738095238095238
4.0 0.19866071428571427 0.5324074074074074 0.057291666666666664 0.10714285714285714
4.0 0.24293154761904762 0.4573412698412698 0.07291666666666667 0.08796296296296297
4.0 0.7167038690476191 0.35648148148148145 0.06287202380952381 0.05952380952380952
4.0 0.8405877976190477 0.25595238095238093 0.03608630952380952 0.04365079365079365
4.0 0.7793898809523809 0.30753968253968256 0.046875 0.05555555555555555
4.0 0.4095982142857143 0.4914021164021164 0.10193452380952381 0.08597883597883597
4.0 0.30896577380952384 0.5456349206349206 0.1015625 0.10185185185185185
4.0 0.27883184523809523 0.6438492063492064 0.12313988095238096 0.13161375661375663
4.0 0.8671875 0.2166005291005291 0.033482142857142856 0.041666666666666664
4.0 0.9356398809523809 0.14781746031746032 0.027529761904761904 0.037698412698412696
4.0 0.22488839285714285 0.27744708994708994 0.04055059523809524 0.05357142857142857
4.0 0.20331101190476192 0.23677248677248677 0.029389880952380952 0.04497354497354497
4.0 0.7347470238095238 0.26256613756613756 0.04017857142857143 0.05026455026455026
4.0 0.7658110119047619 0.2748015873015873 0.04055059523809524 0.04828042328042328
10.0 0.41443452380952384 0.5648148148148148 0.02976190476190476 0.07671957671957672
2.0 0.005580357142857143 0.781415343915344 0.011160714285714286 0.07738095238095238
1.0 0.2418154761904762 0.7777777777777778 0.025297619047619048 0.09656084656084656
1.0 0.2540922619047619 0.7668650793650794 0.020833333333333332 0.10119047619047619
1.0 0.25483630952380953 0.7506613756613757 0.025297619047619048 0.10185185185185185
10.0 0.8299851190476191 0.359457671957672 0.014136904761904762 0.04298941798941799
3.0 0.8502604166666666 0.3525132275132275 0.017485119047619048 0.04497354497354497
1.0 0.8251488095238095 0.6233465608465608 0.024553571428571428 0.08267195767195767
1.0 0.4094122023809524 0.5628306878306878 0.030133928571428572 0.07539682539682539
3.0 0.8891369047619048 0.3091931216931217 0.013392857142857142 0.04563492063492063
10.0 0.8716517857142857 0.2771164021164021 0.012648809523809524 0.04497354497354497
3.0 0.45126488095238093 0.5433201058201058 0.018601190476190476 0.05886243386243386
2.0 0.4505208333333333 0.5284391534391535 0.018601190476190476 0.05423280423280423
3.0 0.46986607142857145 0.503968253968254 0.024553571428571428 0.06613756613756613
2.0 0.47042410714285715 0.4966931216931217 0.019717261904761904 0.05952380952380952
10.0 0.15383184523809523 0.5621693121693122 0.03459821428571429 0.06746031746031746
3.0 0.14248511904761904 0.5264550264550265 0.01636904761904762 0.05952380952380952
3.0 0.9073660714285714 0.7860449735449735 0.025297619047619048 0.08928571428571429
1.0 0.3411458333333333 0.8022486772486772 0.022321428571428572 0.0873015873015873
2.0 0.4536830357142857 0.9778439153439153 0.03311011904761905 0.041666666666666664
10.0 0.13262648809523808 0.7721560846560847 0.021205357142857144 0.05886243386243386
2.0 0.12760416666666666 0.7331349206349206 0.021577380952380952 0.06944444444444445
1.0 0.08761160714285714 0.5641534391534392 0.02418154761904762 0.08068783068783068
10.0 0.09951636904761904 0.4503968253968254 0.035342261904761904 0.05026455026455026
4.0 0.11067708333333333 0.3373015873015873 0.06808035714285714 0.05952380952380952
10.0 0.37686011904761907 0.3402777777777778 0.033482142857142856 0.046957671957671955
4.0 0.7922247023809523 0.24702380952380953 0.038318452380952384 0.05092592592592592
4.0 0.7661830357142857 0.23511904761904762 0.041294642857142856 0.04298941798941799
4.0 0.8138020833333334 0.22486772486772486 0.035342261904761904 0.05555555555555555
4.0 0.7935267857142857 0.2123015873015873 0.03422619047619048 0.03835978835978836
4.0 0.8311011904761905 0.20932539682539683 0.03050595238095238 0.04298941798941799
4.0 0.8098958333333334 0.20171957671957672 0.03050595238095238 0.03968253968253968
4.0 0.8485863095238095 0.1927910052910053 0.027529761904761904 0.04034391534391534
4.0 0.8688616071428571 0.17427248677248677 0.030133928571428572 0.04034391534391534
4.0 0.8262648809523809 0.1832010582010582 0.03050595238095238 0.03835978835978836
3.0 0.8896949404761905 0.2585978835978836 0.018229166666666668 0.03968253968253968
1.0 0.9311755952380952 0.40906084656084657 0.01636904761904762 0.061507936507936505
1.0 0.8651413690476191 0.5783730158730159 0.020461309523809524 0.07341269841269842
3.0 0.33705357142857145 0.45006613756613756 0.03720238095238095 0.037698412698412696
3.0 0.3361235119047619 0.4365079365079365 0.027157738095238096 0.03306878306878307
10.0 0.23102678571428573 0.5826719576719577 0.025297619047619048 0.0701058201058201
2.0 0.46577380952380953 0.3845899470899471 0.015625 0.05357142857142857
2.0 0.47414434523809523 0.373015873015873 0.014508928571428572 0.04894179894179894
3.0 0.48642113095238093 0.30092592592592593 0.027157738095238096 0.03306878306878307
3.0 0.7087053571428571 0.8118386243386243 0.04836309523809524 0.09060846560846561
3.0 0.6700148809523809 0.8048941798941799 0.04092261904761905 0.09523809523809523
10.0 0.5520833333333334 0.892526455026455 0.02976190476190476 0.08796296296296297
3.0 0.6063988095238095 0.8935185185185185 0.028273809523809524 0.0873015873015873
3.0 0.6233258928571429 0.935515873015873 0.035342261904761904 0.08796296296296297
3.0 0.2578125 0.40773809523809523 0.024553571428571428 0.037698412698412696
1.0 0.27845982142857145 0.3544973544973545 0.013764880952380952 0.05423280423280423
3.0 0.10658482142857142 0.5228174603174603 0.02418154761904762 0.052248677248677246
10.0 0.19196428571428573 0.333994708994709 0.010416666666666666 0.03835978835978836
3.0 0.6463913690476191 0.2777777777777778 0.016741071428571428 0.03306878306878307
4.0 0.1328125 0.15806878306878308 0.022321428571428572 0.04497354497354497
3.0 0.6156994047619048 0.37103174603174605 0.03050595238095238 0.03835978835978836
1.0 0.2931547619047619 0.2347883597883598 0.00818452380952381 0.03968253968253968
10.0 0.1605282738095238 0.1984126984126984 0.010788690476190476 0.037037037037037035
10.0 0.13802083333333334 0.21031746031746032 0.012648809523809524 0.03835978835978836
2.0 0.6694568452380952 0.7916666666666666 0.029389880952380952 0.07671957671957672
2.0 0.70703125 0.792989417989418 0.028645833333333332 0.07407407407407407
2.0 0.5517113095238095 0.8766534391534392 0.025297619047619048 0.07076719576719577
2.0 0.6103050595238095 0.8736772486772487 0.027157738095238096 0.07142857142857142
2.0 0.6268601190476191 0.9143518518518519 0.026041666666666668 0.08134920634920635
1.0 0.9458705357142857 0.5542328042328042 0.02194940476190476 0.08862433862433862
2.0 0.6177455357142857 0.36044973544973546 0.017485119047619048 0.04497354497354497
2.0 0.8729538690476191 0.26686507936507936 0.009300595238095238 0.03373015873015873
2.0 0.8893229166666666 0.3058862433862434 0.011532738095238096 0.037698412698412696
1.0 0.9568452380952381 0.31845238095238093 0.012648809523809524 0.04431216931216931
1.0 0.9527529761904762 0.3091931216931217 0.013392857142857142 0.046957671957671955
1.0 0.9428943452380952 0.265542328042328 0.012276785714285714 0.04431216931216931
1.0 0.9322916666666666 0.2728174603174603 0.009672619047619048 0.046957671957671955
1.0 0.9321056547619048 0.2933201058201058 0.01525297619047619 0.041666666666666664
4.0 0.9730282738095238 0.25396825396825395 0.027901785714285716 0.041005291005291
1.0 0.8896949404761905 0.5982142857142857 0.02269345238095238 0.08796296296296297
2.0 0.8312872023809523 0.3501984126984127 0.011532738095238096 0.03902116402116402
2.0 0.8513764880952381 0.34093915343915343 0.014508928571428572 0.036375661375661374
2.0 0.09728422619047619 0.439484126984127 0.017485119047619048 0.06283068783068783
2.0 0.2579985119047619 0.396494708994709 0.016741071428571428 0.046957671957671955
4.0 0.9436383928571429 0.21461640211640212 0.03162202380952381 0.037698412698412696
2.0 0.14081101190476192 0.517526455026455 0.019717261904761904 0.06283068783068783
2.0 0.14527529761904762 0.5595238095238095 0.0234375 0.062169312169312166
2.0 0.10398065476190477 0.5003306878306878 0.016741071428571428 0.056216931216931214
2.0 0.23344494047619047 0.5737433862433863 0.018973214285714284 0.07076719576719577
2.0 0.48679315476190477 0.2873677248677249 0.01525297619047619 0.037698412698412696
10.0 0.14862351190476192 0.2113095238095238 0.010044642857142858 0.032407407407407406
1.0 0.18619791666666666 0.3210978835978836 0.013764880952380952 0.03902116402116402
2.0 0.6478794642857143 0.2681878306878307 0.010044642857142858 0.041666666666666664
10.0 0.17317708333333334 0.20205026455026456 0.009300595238095238 0.03505291005291005
5.0 0.49758184523809523 0.226521164021164 0.039806547619047616 0.04828042328042328
5.0 0.49125744047619047 0.19940476190476192 0.041294642857142856 0.0496031746031746
4.0 0.5805431547619048 0.2166005291005291 0.04724702380952381 0.04431216931216931
3.0 0.4685639880952381 0.40046296296296297 0.030133928571428572 0.03373015873015873
0.0 0.031436011904761904 0.5036375661375662 0.06287202380952381 0.19775132275132276
