4.0 0.5492931547619048 0.3955026455026455 0.07626488095238096 0.05952380952380952
4.0 0.6499255952380952 0.31547619047619047 0.046130952380952384 0.06084656084656084
4.0 0.08742559523809523 0.666005291005291 0.07663690476190477 0.1388888888888889
4.0 0.12797619047619047 0.498015873015873 0.08110119047619048 0.09259259259259259
4.0 0.7401413690476191 0.2123015873015873 0.029389880952380952 0.04365079365079365
4.0 0.7782738095238095 0.15641534391534392 0.024553571428571428 0.02976190476190476
4.0 0.75390625 0.18287037037037038 0.0234375 0.037698412698412696
4.0 0.29538690476190477 0.5162037037037037 0.1056547619047619 0.09060846560846561
4.0 0.19233630952380953 0.5879629629629629 0.1056547619047619 0.11772486772486772
4.0 0.8028273809523809 0.13194444444444445 0.023065476190476192 0.02976190476190476
4.0 0.10230654761904762 0.30456349206349204 0.043154761904761904 0.06283068783068783
4.0 0.07421875 0.2622354497354497 0.035342261904761904 0.05092592592592592
4.0 0.6184895833333334 0.2552910052910053 0.04055059523809524 0.05026455026455026
4.0 0.6463913690476191 0.26587301587301587 0.0390625 0.05423280423280423
10.0 0.3556547619047619 0.5165343915343915 0.03050595238095238 0.07142857142857142
1.0 0.028273809523809524 0.8250661375661376 0.03050595238095238 0.0958994708994709
1.0 0.04203869047619048 0.7943121693121693 0.03050595238095238 0.09788359788359788
1.0 0.04892113095238095 0.7791005291005291 0.03162202380952381 0.08597883597883597
10.0 0.7648809523809523 0.22056878306878308 0.00744047619047619 0.025793650793650792
3.0 0.7576264880952381 0.23809523809523808 0.011532738095238096 0.04497354497354497
1.0 0.73828125 0.5185185185185185 0.02418154761904762 0.07539682539682539
1.0 0.3562127976190476 0.5092592592592593 0.0234375 0.06481481481481481
10.0 0.7840401785714286 0.1736111111111111 0.012276785714285714 0.03505291005291005
3.0 0.3521205357142857 0.4705687830687831 0.021205357142857144 0.05092592592592592
2.0 0.3556547619047619 0.4603174603174603 0.018601190476190476 0.05423280423280423
3.0 0.31752232142857145 0.45535714285714285 0.029389880952380952 0.046957671957671955
2.0 0.31417410714285715 0.44146825396825395 0.013764880952380952 0.05092592592592592
3.0 0.7838541666666666 0.7453703703703703 0.024553571428571428 0.08068783068783068
1.0 0.3190104166666667 0.9943783068783069 0.027157738095238096 0.008597883597883597
1.0 0.005580357142857143 0.6630291005291006 0.011160714285714286 0.09193121693121693
4.0 0.03366815476190476 0.48578042328042326 0.05617559523809524 0.09986772486772487
10.0 0.08426339285714286 0.31845238095238093 0.030133928571428572 0.046957671957671955
4.0 0.6709449404761905 0.23875661375661375 0.038318452380952384 0.05026455026455026
4.0 0.6478794642857143 0.2294973544973545 0.03236607142857143 0.04365079365079365
4.0 0.6876860119047619 0.21296296296296297 0.035342261904761904 0.05555555555555555
4.0 0.6703869047619048 0.20171957671957672 0.03422619047619048 0.03835978835978836
4.0 0.7057291666666666 0.19576719576719576 0.03050595238095238 0.04365079365079365
4.0 0.6856398809523809 0.18551587301587302 0.03050595238095238 0.04034391534391534
4.0 0.7215401785714286 0.17956349206349206 0.02418154761904762 0.036375661375661374
4.0 0.7399553571428571 0.16203703703703703 0.025297619047619048 0.03968253968253968
4.0 0.6839657738095238 0.1884920634920635 0.030133928571428572 0.03835978835978836
3.0 0.7818080357142857 0.19775132275132276 0.01525297619047619 0.03968253968253968
1.0 0.7987351190476191 0.3869047619047619 0.01636904761904762 0.062169312169312166
1.0 0.6932663690476191 0.6954365079365079 0.020461309523809524 0.08928571428571429
3.0 0.07998511904761904 0.4523809523809524 0.03720238095238095 0.03835978835978836
3.0 0.08314732142857142 0.4384920634920635 0.027157738095238096 0.03306878306878307
10.0 0.23753720238095238 0.771494708994709 0.038318452380952384 0.08002645502645503
2.0 0.3919270833333333 0.40906084656084657 0.01525297619047619 0.05357142857142857
2.0 0.36495535714285715 0.38492063492063494 0.021577380952380952 0.051587301587301584
3.0 0.37686011904761907 0.3062169312169312 0.027529761904761904 0.03306878306878307
3.0 0.4466145833333333 0.5505952380952381 0.020461309523809524 0.06018518518518518
3.0 0.4185267857142857 0.5522486772486772 0.021577380952380952 0.06481481481481481
3.0 0.6886160714285714 0.5658068783068783 0.019345238095238096 0.06812169312169312
10.0 0.6449032738095238 0.521494708994709 0.020461309523809524 0.05357142857142857
3.0 0.6264880952380952 0.6355820105820106 0.021577380952380952 0.06613756613756613
3.0 0.6484375 0.6461640211640212 0.023809523809523808 0.06613756613756613
3.0 0.6370907738095238 0.7040343915343915 0.02269345238095238 0.07341269841269842
10.0 0.47154017857142855 0.6990740740740741 0.020461309523809524 0.08068783068783068
4.0 0.0390625 0.3783068783068783 0.07589285714285714 0.06481481481481481
3.0 0.5809151785714286 0.8118386243386243 0.028645833333333332 0.08928571428571429
3.0 0.5403645833333334 0.77744708994709 0.026413690476190476 0.08796296296296297
10.0 0.4646577380952381 0.9325396825396826 0.044642857142857144 0.0992063492063492
3.0 0.10491071428571429 0.7701719576719577 0.04017857142857143 0.057539682539682536
3.0 0.3943452380952381 0.44477513227513227 0.033482142857142856 0.036375661375661374
1.0 0.05505952380952381 0.41203703703703703 0.021577380952380952 0.05952380952380952
10.0 0.1212797619047619 0.4375 0.015625 0.037698412698412696
3.0 0.5329241071428571 0.27744708994708994 0.016741071428571428 0.036375661375661374
4.0 0.005952380952380952 0.18253968253968253 0.011904761904761904 0.04365079365079365
3.0 0.7152157738095238 0.35085978835978837 0.020461309523809524 0.037698412698412696
1.0 0.14825148809523808 0.2261904761904762 0.010788690476190476 0.04497354497354497
3.0 0.43563988095238093 0.3101851851851852 0.027529761904761904 0.03306878306878307
10.0 0.04352678571428571 0.31613756613756616 0.012648809523809524 0.046296296296296294
2.0 0.41834077380952384 0.5423280423280423 0.020461309523809524 0.05555555555555555
2.0 0.44568452380952384 0.5380291005291006 0.018601190476190476 0.046957671957671955
2.0 0.6888020833333334 0.5568783068783069 0.021205357142857144 0.06084656084656084
2.0 0.6447172619047619 0.5092592592592593 0.019345238095238096 0.05555555555555555
2.0 0.6264880952380952 0.6193783068783069 0.025297619047619048 0.06547619047619048
2.0 0.6486235119047619 0.6362433862433863 0.02194940476190476 0.082010582010582
2.0 0.6382068452380952 0.6898148148148148 0.025669642857142856 0.07804232804232804
1.0 0.7978050595238095 0.6091269841269841 0.02194940476190476 0.08862433862433862
2.0 0.47451636904761907 0.6875 0.02194940476190476 0.08531746031746032
2.0 0.5805431547619048 0.7933201058201058 0.030877976190476192 0.08928571428571429
2.0 0.5411086309523809 0.7576058201058201 0.02269345238095238 0.09722222222222222
2.0 0.7131696428571429 0.3425925925925926 0.01636904761904762 0.04497354497354497
2.0 0.10602678571428571 0.7542989417989417 0.025297619047619048 0.10251322751322751
1.0 0.7911086309523809 0.20667989417989419 0.010788690476190476 0.036375661375661374
1.0 0.8108258928571429 0.23247354497354497 0.010044642857142858 0.028439153439153438
1.0 0.8203125 0.2569444444444444 0.014136904761904762 0.037698412698412696
4.0 0.8350074404761905 0.2337962962962963 0.027901785714285716 0.041666666666666664
1.0 0.7650669642857143 0.5631613756613757 0.02269345238095238 0.08796296296296297
2.0 0.39229910714285715 0.4308862433862434 0.016741071428571428 0.05092592592592592
4.0 0.8082217261904762 0.19477513227513227 0.025669642857142856 0.037698412698412696
2.0 0.24237351190476192 0.7662037037037037 0.02418154761904762 0.08267195767195767
2.0 0.37853422619047616 0.2906746031746032 0.01525297619047619 0.037698412698412696
2.0 0.43545386904761907 0.3012566137566138 0.011532738095238096 0.03373015873015873
10.0 0.016183035714285716 0.30456349206349204 0.013020833333333334 0.041666666666666664
1.0 0.12034970238095238 0.41898148148148145 0.013764880952380952 0.03902116402116402
2.0 0.5332961309523809 0.267526455026455 0.010044642857142858 0.041666666666666664
3.0 0.5760788690476191 0.25826719576719576 0.013764880952380952 0.031084656084656083
2.0 0.5794270833333334 0.24636243386243387 0.011532738095238096 0.03505291005291005
5.0 0.39415922619047616 0.23313492063492064 0.039806547619047616 0.04828042328042328
5.0 0.38820684523809523 0.2046957671957672 0.041294642857142856 0.0496031746031746
4.0 0.48046875 0.21924603174603174 0.04724702380952381 0.04431216931216931
3.0 0.39415922619047616 0.42294973544973546 0.030133928571428572 0.03373015873015873
