1.0 0.11142113095238096 0.24338624338624337 0.010788690476190476 0.04497354497354497
4.0 0.9200148809523809 0.30886243386243384 0.04092261904761905 0.05291005291005291
4.0 0.44308035714285715 0.7628968253968254 0.12276785714285714 0.16865079365079366
4.0 0.34263392857142855 0.4583333333333333 0.07217261904761904 0.09126984126984126
4.0 0.47154017857142855 0.5003306878306878 0.10379464285714286 0.09325396825396826
4.0 0.3541666666666667 0.566468253968254 0.09895833333333333 0.11177248677248677
4.0 0.08110119047619048 0.816468253968254 0.16220238095238096 0.18055555555555555
4.0 0.3190104166666667 0.2691798941798942 0.038318452380952384 0.06084656084656084
4.0 0.29780505952380953 0.23148148148148148 0.028645833333333332 0.05026455026455026
4.0 0.8292410714285714 0.28505291005291006 0.04017857142857143 0.05026455026455026
4.0 0.8610491071428571 0.2996031746031746 0.044270833333333336 0.05952380952380952
10.0 0.49609375 0.4255952380952381 0.029389880952380952 0.04828042328042328
1.0 0.49702380952380953 0.4226190476190476 0.022321428571428572 0.05423280423280423
3.0 0.48288690476190477 0.38525132275132273 0.01636904761904762 0.04828042328042328
2.0 0.4817708333333333 0.38326719576719576 0.013392857142857142 0.05092592592592592
3.0 0.44326636904761907 0.3835978835978836 0.018229166666666668 0.03439153439153439
2.0 0.44233630952380953 0.3680555555555556 0.013392857142857142 0.05092592592592592
10.0 0.19661458333333334 0.34424603174603174 0.020461309523809524 0.04563492063492063
1.0 0.3072916666666667 0.6547619047619048 0.03050595238095238 0.09126984126984126
4.0 0.24237351190476192 0.49966931216931215 0.059895833333333336 0.11706349206349206
10.0 0.21465773809523808 0.25595238095238093 0.027529761904761904 0.04497354497354497
4.0 0.8926711309523809 0.273478835978836 0.038318452380952384 0.05092592592592592
4.0 0.8643973214285714 0.2562830687830688 0.03236607142857143 0.04298941798941799
4.0 0.91796875 0.24801587301587302 0.035342261904761904 0.05555555555555555
4.0 0.8943452380952381 0.23578042328042328 0.03422619047619048 0.037698412698412696
4.0 0.9408482142857143 0.23346560846560846 0.03050595238095238 0.04365079365079365
4.0 0.9161086309523809 0.2199074074074074 0.030133928571428572 0.04034391534391534
4.0 0.9564732142857143 0.2152777777777778 0.024553571428571428 0.036375661375661374
4.0 0.9347098214285714 0.207010582010582 0.030133928571428572 0.03835978835978836
1.0 0.8818824404761905 0.9209656084656085 0.029389880952380952 0.12103174603174603
3.0 0.23828125 0.37433862433862436 0.030133928571428572 0.03835978835978836
3.0 0.23902529761904762 0.3637566137566138 0.027157738095238096 0.03306878306878307
2.0 0.6716889880952381 0.4771825396825397 0.017485119047619048 0.06812169312169312
2.0 0.5576636904761905 0.3816137566137566 0.015625 0.05423280423280423
3.0 0.57421875 0.30654761904761907 0.027157738095238096 0.03373015873015873
3.0 0.5864955357142857 0.4603174603174603 0.020461309523809524 0.05423280423280423
3.0 0.5602678571428571 0.4503968253968254 0.01636904761904762 0.05555555555555555
3.0 0.96484375 0.4675925925925926 0.013020833333333334 0.05555555555555555
3.0 0.8965773809523809 0.5634920634920635 0.021577380952380952 0.06613756613756613
3.0 0.9358258928571429 0.5730820105820106 0.0234375 0.061507936507936505
3.0 0.9084821428571429 0.5998677248677249 0.018601190476190476 0.07142857142857142
10.0 0.5699404761904762 0.48544973544973546 0.015625 0.05555555555555555
4.0 0.30654761904761907 0.3644179894179894 0.06473214285714286 0.06613756613756613
4.0 0.21670386904761904 0.31977513227513227 0.06436011904761904 0.06283068783068783
4.0 0.14601934523809523 0.28406084656084657 0.07105654761904762 0.05092592592592592
3.0 0.6839657738095238 0.6484788359788359 0.030133928571428572 0.07208994708994709
3.0 0.8956473214285714 0.5578703703703703 0.020461309523809524 0.06547619047619048
10.0 0.8283110119047619 0.6517857142857143 0.0234375 0.07208994708994709
3.0 0.19308035714285715 0.5572089947089947 0.021577380952380952 0.07341269841269842
3.0 0.3087797619047619 0.9751984126984127 0.0662202380952381 0.04563492063492063
3.0 0.8106398809523809 0.44841269841269843 0.027529761904761904 0.03835978835978836
3.0 0.23939732142857142 0.7351190476190477 0.03311011904761905 0.08796296296296297
1.0 0.14825148809523808 0.683531746031746 0.029389880952380952 0.08796296296296297
1.0 0.16015625 0.666005291005291 0.03236607142857143 0.09259259259259259
1.0 0.16666666666666666 0.646494708994709 0.027529761904761904 0.08002645502645503
1.0 0.10900297619047619 0.5803571428571429 0.022321428571428572 0.07341269841269842
1.0 0.18470982142857142 0.38822751322751325 0.01525297619047619 0.05952380952380952
10.0 0.22935267857142858 0.4573412698412698 0.030133928571428572 0.04828042328042328
3.0 0.7369791666666666 0.2959656084656085 0.01636904761904762 0.036375661375661374
4.0 0.23549107142857142 0.15178571428571427 0.022321428571428572 0.04431216931216931
3.0 0.4334077380952381 0.3115079365079365 0.027529761904761904 0.03306878306878307
10.0 0.2615327380952381 0.34953703703703703 0.015625 0.052248677248677246
10.0 0.25613839285714285 0.30357142857142855 0.019717261904761904 0.04894179894179894
2.0 0.5613839285714286 0.44246031746031744 0.015625 0.05555555555555555
2.0 0.5859375 0.44477513227513227 0.018601190476190476 0.046957671957671955
2.0 0.24162946428571427 0.718915343915344 0.028645833333333332 0.082010582010582
2.0 0.8963913690476191 0.5333994708994709 0.025669642857142856 0.06547619047619048
2.0 0.9369419642857143 0.566468253968254 0.02194940476190476 0.07208994708994709
2.0 0.9086681547619048 0.5796957671957672 0.025669642857142856 0.06547619047619048
2.0 0.5712425595238095 0.47784391534391535 0.02194940476190476 0.08531746031746032
2.0 0.6858258928571429 0.638558201058201 0.030877976190476192 0.08928571428571429
2.0 0.8513764880952381 0.5419973544973545 0.02269345238095238 0.09722222222222222
2.0 0.8271949404761905 0.6316137566137566 0.027157738095238096 0.06084656084656084
2.0 0.3117559523809524 0.9599867724867724 0.025297619047619048 0.07208994708994709
2.0 0.8082217261904762 0.4255952380952381 0.016741071428571428 0.05092592592592592
2.0 0.5749627976190477 0.2926587301587302 0.01525297619047619 0.037698412698412696
2.0 0.4343377976190476 0.29927248677248675 0.014508928571428572 0.036375661375661374
10.0 0.2687872023809524 0.30324074074074076 0.013020833333333334 0.04298941798941799
1.0 0.23456101190476192 0.4401455026455027 0.018973214285714284 0.0496031746031746
10.0 0.23493303571428573 0.4176587301587302 0.016741071428571428 0.028439153439153438
1.0 0.23530505952380953 0.4064153439153439 0.011532738095238096 0.03505291005291005
2.0 0.7375372023809523 0.2880291005291005 0.012276785714285714 0.041666666666666664
3.0 0.7193080357142857 0.3072089947089947 0.019717261904761904 0.027116402116402115
2.0 0.7241443452380952 0.29133597883597884 0.011532738095238096 0.03505291005291005
5.0 0.5872395833333334 0.23445767195767195 0.039806547619047616 0.04828042328042328
5.0 0.5783110119047619 0.20337301587301587 0.041294642857142856 0.0496031746031746
4.0 0.6690848214285714 0.23247354497354497 0.04724702380952381 0.04431216931216931
0.0 0.2546502976190476 0.1292989417989418 0.02194940476190476 0.06283068783068783
2.0 0.1917782738095238 0.5499338624338624 0.018229166666666668 0.06415343915343916
3.0 0.7658110119047619 0.30522486772486773 0.013020833333333334 0.023148148148148147
2.0 0.7676711309523809 0.2919973544973545 0.009300595238095238 0.03373015873015873
3.0 0.6720610119047619 0.49636243386243384 0.02492559523809524 0.037698412698412696
0.0 0.08668154761904762 0.5052910052910053 0.17336309523809523 0.25132275132275134
