4.0 0.08984375 0.8799603174603174 0.15959821428571427 0.15542328042328044
1.0 0.013020833333333334 0.2562830687830688 0.009672619047619048 0.041666666666666664
4.0 0.20293898809523808 0.33994708994708994 0.06733630952380952 0.05952380952380952
4.0 0.32626488095238093 0.37962962962962965 0.07663690476190477 0.07275132275132275
4.0 0.21019345238095238 0.5211640211640212 0.057291666666666664 0.10714285714285714
4.0 0.2540922619047619 0.44742063492063494 0.07291666666666667 0.08796296296296297
4.0 0.6101190476190477 0.4007936507936508 0.08556547619047619 0.06613756613756613
4.0 0.7981770833333334 0.30687830687830686 0.06138392857142857 0.05423280423280423
4.0 0.7142857142857143 0.3627645502645503 0.058779761904761904 0.0667989417989418
4.0 0.42224702380952384 0.48412698412698413 0.10193452380952381 0.08597883597883597
4.0 0.3210565476190476 0.5426587301587301 0.10193452380952381 0.10383597883597884
4.0 0.35305059523809523 0.5892857142857143 0.11011904761904762 0.11772486772486772
4.0 0.8491443452380952 0.25892857142857145 0.039806547619047616 0.0496031746031746
4.0 0.9168526785714286 0.18584656084656084 0.03236607142857143 0.03835978835978836
4.0 0.23772321428571427 0.2744708994708995 0.041666666666666664 0.05423280423280423
4.0 0.21670386904761904 0.2347883597883598 0.029389880952380952 0.04497354497354497
4.0 0.7488839285714286 0.26256613756613756 0.04017857142857143 0.05026455026455026
4.0 0.7792038690476191 0.27314814814814814 0.041294642857142856 0.04894179894179894
10.0 0.16276041666666666 0.8035714285714286 0.05617559523809524 0.082010582010582
10.0 0.3723958333333333 0.623015873015873 0.046130952380952384 0.07671957671957672
2.0 0.15736607142857142 0.7870370370370371 0.028273809523809524 0.10317460317460317
1.0 0.3327752976190476 0.9431216931216931 0.033854166666666664 0.10185185185185185
1.0 0.3606770833333333 0.933531746031746 0.03311011904761905 0.11177248677248677
1.0 0.30282738095238093 0.792989417989418 0.03050595238095238 0.10317460317460317
1.0 0.32514880952380953 0.7784391534391535 0.028273809523809524 0.10317460317460317
1.0 0.3054315476190476 0.7711640211640212 0.025297619047619048 0.10185185185185185
10.0 0.8245907738095238 0.4470899470899471 0.016741071428571428 0.05555555555555555
3.0 0.8350074404761905 0.42162698412698413 0.018229166666666668 0.057539682539682536
1.0 0.8316592261904762 0.6643518518518519 0.02418154761904762 0.08267195767195767
1.0 0.3705357142857143 0.6200396825396826 0.03050595238095238 0.083994708994709
3.0 0.8908110119047619 0.3664021164021164 0.020461309523809524 0.05555555555555555
10.0 0.8673735119047619 0.3220899470899471 0.012276785714285714 0.04497354497354497
3.0 0.4263392857142857 0.5982142857142857 0.023809523809523808 0.07208994708994709
2.0 0.42540922619047616 0.5892857142857143 0.020461309523809524 0.07804232804232804
3.0 0.6283482142857143 0.9586640211640212 0.052083333333333336 0.08002645502645503
2.0 0.6290922619047619 0.9361772486772487 0.03050595238095238 0.08928571428571429
3.0 0.4497767857142857 0.5337301587301587 0.024553571428571428 0.06613756613756613
2.0 0.44921875 0.533068783068783 0.019717261904761904 0.05952380952380952
10.0 0.22544642857142858 0.6028439153439153 0.049107142857142856 0.06415343915343916
3.0 0.17912946428571427 0.5813492063492064 0.03757440476190476 0.06084656084656084
10.0 0.7124255952380952 0.9609788359788359 0.05431547619047619 0.07407407407407407
2.0 0.7193080357142857 0.9480820105820106 0.03311011904761905 0.08531746031746032
2.0 0.6966145833333334 0.9388227513227513 0.016741071428571428 0.0667989417989418
3.0 0.9252232142857143 0.7847222222222222 0.025297619047619048 0.08928571428571429
1.0 0.29985119047619047 0.7314814814814815 0.018601190476190476 0.08068783068783068
3.0 0.30561755952380953 0.8624338624338624 0.0390625 0.08068783068783068
2.0 0.3052455357142857 0.8353174603174603 0.025669642857142856 0.08597883597883597
10.0 0.13225446428571427 0.6213624338624338 0.021205357142857144 0.05886243386243386
2.0 0.13132440476190477 0.595568783068783 0.021577380952380952 0.06944444444444445
1.0 0.11588541666666667 0.5254629629629629 0.018229166666666668 0.07208994708994709
10.0 0.13206845238095238 0.44841269841269843 0.03422619047619048 0.05026455026455026
4.0 0.06063988095238095 0.3055555555555556 0.07886904761904762 0.05555555555555555
10.0 0.46316964285714285 0.3548280423280423 0.033482142857142856 0.046957671957671955
4.0 0.8065476190476191 0.24702380952380953 0.04241071428571429 0.052248677248677246
4.0 0.7810639880952381 0.23511904761904762 0.041294642857142856 0.04298941798941799
4.0 0.8342633928571429 0.22718253968253968 0.035342261904761904 0.056216931216931214
4.0 0.8061755952380952 0.2123015873015873 0.03422619047619048 0.03835978835978836
4.0 0.8467261904761905 0.2099867724867725 0.03050595238095238 0.04298941798941799
4.0 0.8255208333333334 0.19907407407407407 0.03050595238095238 0.03968253968253968
4.0 0.8638392857142857 0.1960978835978836 0.027529761904761904 0.04034391534391534
4.0 0.8787202380952381 0.17294973544973544 0.03050595238095238 0.04034391534391534
4.0 0.8411458333333334 0.1832010582010582 0.03050595238095238 0.03835978835978836
3.0 0.8856026785714286 0.2800925925925926 0.018229166666666668 0.04034391534391534
1.0 0.9497767857142857 0.41104497354497355 0.01711309523809524 0.061507936507936505
1.0 0.8833705357142857 0.5552248677248677 0.020461309523809524 0.07341269841269842
3.0 0.4075520833333333 0.4523809523809524 0.03162202380952381 0.03835978835978836
3.0 0.41555059523809523 0.43783068783068785 0.027529761904761904 0.037037037037037035
10.0 0.26990327380952384 0.5208333333333334 0.027157738095238096 0.06944444444444445
2.0 0.4765625 0.3845899470899471 0.015625 0.05357142857142857
2.0 0.48604910714285715 0.3723544973544973 0.014508928571428572 0.04894179894179894
3.0 0.4986979166666667 0.29563492063492064 0.027157738095238096 0.03306878306878307
3.0 0.2109375 0.39451058201058203 0.024553571428571428 0.037698412698412696
1.0 0.31919642857142855 0.3505291005291005 0.013392857142857142 0.05423280423280423
3.0 0.16703869047619047 0.4441137566137566 0.015625 0.05357142857142857
10.0 0.1644345238095238 0.28703703703703703 0.011160714285714286 0.03835978835978836
3.0 0.66015625 0.27843915343915343 0.016741071428571428 0.03439153439153439
4.0 0.14583333333333334 0.15542328042328044 0.022321428571428572 0.04497354497354497
3.0 0.5420386904761905 0.3584656084656085 0.03050595238095238 0.03835978835978836
1.0 0.3195684523809524 0.25066137566137564 0.013392857142857142 0.04894179894179894
10.0 0.16090029761904762 0.18386243386243387 0.012276785714285714 0.037037037037037035
1.0 0.9681919642857143 0.5251322751322751 0.02194940476190476 0.08862433862433862
2.0 0.5414806547619048 0.34424603174603174 0.017485119047619048 0.04563492063492063
2.0 0.8688616071428571 0.3125 0.009300595238095238 0.03373015873015873
2.0 0.8872767857142857 0.36177248677248675 0.014136904761904762 0.041005291005291
0.0 0.9577752976190477 0.30324074074074076 0.08296130952380952 0.1488095238095238
1.0 0.9068080357142857 0.5988756613756614 0.02269345238095238 0.08796296296296297
2.0 0.8225446428571429 0.4398148148148148 0.015625 0.047619047619047616
2.0 0.8357514880952381 0.40674603174603174 0.014508928571428572 0.03968253968253968
2.0 0.13188244047619047 0.4375 0.017485119047619048 0.06283068783068783
2.0 0.20814732142857142 0.37797619047619047 0.016741071428571428 0.046957671957671955
4.0 0.9588913690476191 0.2152777777777778 0.033854166666666664 0.037698412698412696
2.0 0.17987351190476192 0.5651455026455027 0.019717261904761904 0.07208994708994709
2.0 0.22191220238095238 0.5968915343915344 0.0234375 0.07473544973544974
2.0 0.16648065476190477 0.43022486772486773 0.013764880952380952 0.056216931216931214
2.0 0.2687872023809524 0.5109126984126984 0.018973214285714284 0.0667989417989418
2.0 0.49906994047619047 0.2847222222222222 0.01525297619047619 0.037698412698412696
10.0 0.17131696428571427 0.18022486772486773 0.010044642857142858 0.032407407407407406
2.0 0.6605282738095238 0.2662037037037037 0.010044642857142858 0.041666666666666664
5.0 0.5120907738095238 0.226521164021164 0.039806547619047616 0.04828042328042328
5.0 0.5042782738095238 0.19808201058201058 0.041294642857142856 0.0496031746031746
4.0 0.5946800595238095 0.2166005291005291 0.04724702380952381 0.04431216931216931
3.0 0.4797247023809524 0.39914021164021163 0.030133928571428572 0.03373015873015873
0.0 0.043712797619047616 0.5181878306878307 0.08742559523809523 0.19775132275132276
