4.0 0.5096726190476191 0.41435185185185186 0.08407738095238096 0.05886243386243386
4.0 0.6415550595238095 0.35813492063492064 0.06287202380952381 0.06812169312169312
4.0 0.12946428571428573 0.6127645502645502 0.05952380952380952 0.13690476190476192
4.0 0.18210565476190477 0.47685185185185186 0.07477678571428571 0.08597883597883597
4.0 0.7747395833333334 0.24239417989417988 0.03459821428571429 0.04563492063492063
4.0 0.8210565476190477 0.18088624338624337 0.028273809523809524 0.037698412698412696
4.0 0.7924107142857143 0.20965608465608465 0.02976190476190476 0.03968253968253968
4.0 0.34951636904761907 0.49966931216931215 0.10602678571428571 0.09060846560846561
4.0 0.2421875 0.5661375661375662 0.10491071428571429 0.11507936507936507
4.0 0.0546875 0.8082010582010583 0.109375 0.17063492063492064
4.0 0.8474702380952381 0.15211640211640212 0.027529761904761904 0.03439153439153439
4.0 0.8989955357142857 0.09126984126984126 0.027157738095238096 0.03306878306878307
4.0 0.15680803571428573 0.2906746031746032 0.04352678571428571 0.056216931216931214
4.0 0.13337053571428573 0.2466931216931217 0.029389880952380952 0.04497354497354497
4.0 0.6700148809523809 0.2552910052910053 0.04017857142857143 0.05026455026455026
4.0 0.6971726190476191 0.267526455026455 0.03943452380952381 0.05357142857142857
10.0 0.3802083333333333 0.5208333333333334 0.03050595238095238 0.07208994708994709
1.0 0.10081845238095238 0.7906746031746031 0.028273809523809524 0.0958994708994709
1.0 0.12332589285714286 0.7658730158730159 0.025669642857142856 0.09259259259259259
1.0 0.14267113095238096 0.7486772486772487 0.025669642857142856 0.08597883597883597
10.0 0.8067336309523809 0.24503968253968253 0.011532738095238096 0.031084656084656083
3.0 0.8071056547619048 0.2619047619047619 0.017485119047619048 0.041005291005291
1.0 0.7823660714285714 0.5419973544973545 0.024553571428571428 0.07473544973544974
1.0 0.37220982142857145 0.5198412698412699 0.0234375 0.06481481481481481
10.0 0.8294270833333334 0.2003968253968254 0.012276785714285714 0.04497354497354497
3.0 0.41517857142857145 0.482473544973545 0.018601190476190476 0.05886243386243386
2.0 0.41517857142857145 0.4675925925925926 0.018601190476190476 0.05423280423280423
3.0 0.3908110119047619 0.45601851851851855 0.02269345238095238 0.056216931216931214
2.0 0.39285714285714285 0.44212962962962965 0.013392857142857142 0.05092592592592592
10.0 0.04985119047619048 0.48214285714285715 0.022321428571428572 0.05423280423280423
3.0 0.04017857142857143 0.44907407407407407 0.01636904761904762 0.05952380952380952
3.0 0.8359375 0.7562830687830688 0.025297619047619048 0.08928571428571429
1.0 0.34616815476190477 0.9480820105820106 0.027157738095238096 0.0958994708994709
1.0 0.03571428571428571 0.6130952380952381 0.024553571428571428 0.09259259259259259
10.0 0.02585565476190476 0.43253968253968256 0.01525297619047619 0.05026455026455026
4.0 0.08984375 0.4332010582010582 0.053943452380952384 0.08862433862433862
10.0 0.17987351190476192 0.31646825396825395 0.03311011904761905 0.046957671957671955
4.0 0.7245163690476191 0.23941798941798942 0.038318452380952384 0.05026455026455026
4.0 0.6854538690476191 0.2294973544973545 0.03236607142857143 0.04365079365079365
4.0 0.7431175595238095 0.2156084656084656 0.035342261904761904 0.05555555555555555
4.0 0.7265625 0.20833333333333334 0.03422619047619048 0.03835978835978836
4.0 0.7410714285714286 0.19973544973544974 0.03050595238095238 0.04365079365079365
4.0 0.7765997023809523 0.1960978835978836 0.030133928571428572 0.04034391534391534
4.0 0.7725074404761905 0.18551587301587302 0.02418154761904762 0.036375661375661374
4.0 0.796875 0.16468253968253968 0.025297619047619048 0.03968253968253968
4.0 0.7202380952380952 0.1884920634920635 0.03050595238095238 0.03835978835978836
3.0 0.8331473214285714 0.21296296296296297 0.018229166666666668 0.03968253968253968
1.0 0.8567708333333334 0.39087301587301587 0.01636904761904762 0.06084656084656084
1.0 0.75390625 0.6630291005291006 0.020461309523809524 0.08928571428571429
3.0 0.171875 0.43584656084656087 0.03720238095238095 0.03835978835978836
3.0 0.17466517857142858 0.42493386243386244 0.027157738095238096 0.032407407407407406
10.0 0.21856398809523808 0.6904761904761905 0.030133928571428572 0.08068783068783068
2.0 0.41517857142857145 0.39715608465608465 0.015625 0.05357142857142857
2.0 0.41127232142857145 0.37665343915343913 0.014508928571428572 0.04828042328042328
3.0 0.42392113095238093 0.30224867724867727 0.027157738095238096 0.03306878306878307
3.0 0.5154389880952381 0.583994708994709 0.020461309523809524 0.05952380952380952
3.0 0.47805059523809523 0.5879629629629629 0.021577380952380952 0.06481481481481481
3.0 0.7196800595238095 0.6441798941798942 0.02269345238095238 0.07936507936507936
10.0 0.6419270833333334 0.6025132275132276 0.020461309523809524 0.0582010582010582
3.0 0.6502976190476191 0.6881613756613757 0.024553571428571428 0.08267195767195767
3.0 0.6638764880952381 0.6987433862433863 0.02418154761904762 0.08002645502645503
3.0 0.66015625 0.7731481481481481 0.029389880952380952 0.09259259259259259
10.0 0.5682663690476191 0.8161375661375662 0.03608630952380952 0.09656084656084656
4.0 0.08147321428571429 0.3544973544973545 0.07663690476190477 0.06084656084656084
3.0 0.6422991071428571 0.8640873015873016 0.042782738095238096 0.08928571428571429
3.0 0.5662202380952381 0.9083994708994709 0.026785714285714284 0.10251322751322751
3.0 0.18991815476190477 0.7853835978835979 0.027157738095238096 0.09193121693121693
3.0 0.36867559523809523 0.4332010582010582 0.03422619047619048 0.03835978835978836
1.0 0.14694940476190477 0.37896825396825395 0.021577380952380952 0.05423280423280423
10.0 0.16852678571428573 0.4060846560846561 0.015625 0.03835978835978836
3.0 0.5842633928571429 0.2728174603174603 0.016741071428571428 0.036375661375661374
4.0 0.05896577380952381 0.17294973544973544 0.026413690476190476 0.04431216931216931
3.0 0.7232142857142857 0.3697089947089947 0.03050595238095238 0.03835978835978836
1.0 0.20944940476190477 0.22354497354497355 0.010416666666666666 0.04497354497354497
3.0 0.5416666666666666 0.2976190476190476 0.025297619047619048 0.031746031746031744
10.0 0.09951636904761904 0.27215608465608465 0.012276785714285714 0.04431216931216931
10.0 0.05915178571428571 0.27215608465608465 0.01488095238095238 0.04431216931216931
2.0 0.48344494047619047 0.5783730158730159 0.020461309523809524 0.06283068783068783
2.0 0.5146949404761905 0.5734126984126984 0.020461309523809524 0.051587301587301584
2.0 0.7178199404761905 0.6322751322751323 0.021205357142857144 0.06349206349206349
2.0 0.6439732142857143 0.5902777777777778 0.019345238095238096 0.056216931216931214
2.0 0.6501116071428571 0.6749338624338624 0.025669642857142856 0.06547619047619048
2.0 0.6687127976190477 0.6924603174603174 0.02194940476190476 0.082010582010582
2.0 0.6649925595238095 0.7605820105820106 0.025669642857142856 0.07804232804232804
1.0 0.8577008928571429 0.6025132275132276 0.02194940476190476 0.08862433862433862
2.0 0.5731026785714286 0.8158068783068783 0.028645833333333332 0.10515873015873016
2.0 0.6471354166666666 0.8449074074074074 0.030877976190476192 0.08928571428571429
2.0 0.5671502976190477 0.892526455026455 0.02269345238095238 0.09722222222222222
2.0 0.7263764880952381 0.3584656084656085 0.017485119047619048 0.04497354497354497
2.0 0.1875 0.7761243386243386 0.025297619047619048 0.10251322751322751
2.0 0.8082217261904762 0.19146825396825398 0.009300595238095238 0.03373015873015873
1.0 0.8467261904761905 0.21924603174603174 0.011904761904761904 0.036375661375661374
1.0 0.8684895833333334 0.25033068783068785 0.010044642857142858 0.04828042328042328
1.0 0.8763020833333334 0.267526455026455 0.01525297619047619 0.037698412698412696
4.0 0.8818824404761905 0.23842592592592593 0.027901785714285716 0.041666666666666664
1.0 0.8145461309523809 0.5737433862433863 0.02269345238095238 0.08796296296296297
2.0 0.8059895833333334 0.2404100529100529 0.011532738095238096 0.031084656084656083
2.0 0.8093377976190477 0.25496031746031744 0.009300595238095238 0.028439153439153438
2.0 0.020461309523809524 0.421957671957672 0.018601190476190476 0.042328042328042326
2.0 0.36960565476190477 0.4209656084656085 0.016741071428571428 0.05092592592592592
4.0 0.8608630952380952 0.20403439153439154 0.027529761904761904 0.037698412698412696
2.0 0.035900297619047616 0.4348544973544973 0.019717261904761904 0.052248677248677246
2.0 0.04110863095238095 0.4751984126984127 0.014508928571428572 0.06018518518518518
2.0 0.21372767857142858 0.6769179894179894 0.02418154761904762 0.07076719576719577
2.0 0.42689732142857145 0.2873677248677249 0.01525297619047619 0.037698412698412696
2.0 0.5455729166666666 0.2853835978835979 0.011532738095238096 0.03373015873015873
10.0 0.07496279761904762 0.2701719576719577 0.013020833333333334 0.041666666666666664
1.0 0.16610863095238096 0.38855820105820105 0.013764880952380952 0.03902116402116402
2.0 0.5768229166666666 0.2701719576719577 0.010044642857142858 0.041666666666666664
10.0 0.05375744047619048 0.31382275132275134 0.014508928571428572 0.04034391534391534
5.0 0.4361979166666667 0.22916666666666666 0.039806547619047616 0.04828042328042328
5.0 0.4220610119047619 0.19808201058201058 0.041294642857142856 0.0496031746031746
4.0 0.5158110119047619 0.2166005291005291 0.04724702380952381 0.04431216931216931
3.0 0.42020089285714285 0.4083994708994709 0.030133928571428572 0.03373015873015873
