4.0 0.15234375 0.888558201058201 0.12983630952380953 0.18981481481481483
4.0 0.08054315476190477 0.7870370370370371 0.1558779761904762 0.15079365079365079
1.0 0.008928571428571428 0.41435185185185186 0.015625 0.052248677248677246
1.0 0.015066964285714286 0.3525132275132275 0.01525297619047619 0.04894179894179894
1.0 0.008370535714285714 0.34523809523809523 0.012276785714285714 0.05026455026455026
1.0 0.039806547619047616 0.2523148148148148 0.009672619047619048 0.041666666666666664
4.0 0.14192708333333334 0.30324074074074076 0.06510416666666667 0.05092592592592592
4.0 0.24274553571428573 0.33564814814814814 0.06510416666666667 0.06415343915343916
4.0 0.22079613095238096 0.4794973544973545 0.058407738095238096 0.09656084656084656
4.0 0.27101934523809523 0.4480820105820106 0.06882440476190477 0.08531746031746032
4.0 0.4890252976190476 0.42328042328042326 0.09188988095238096 0.07142857142857142
4.0 0.6302083333333334 0.335978835978836 0.07886904761904762 0.05555555555555555
4.0 0.6218377976190477 0.41798941798941797 0.08519345238095238 0.07142857142857142
4.0 0.44345238095238093 0.4861111111111111 0.10193452380952381 0.08597883597883597
4.0 0.33947172619047616 0.5416666666666666 0.0978422619047619 0.10317460317460317
4.0 0.4075520833333333 0.5661375661375662 0.10081845238095238 0.11243386243386243
4.0 0.8125 0.3187830687830688 0.05580357142857143 0.05555555555555555
4.0 0.8969494047619048 0.2414021164021164 0.03869047619047619 0.04497354497354497
4.0 0.2615327380952381 0.2748015873015873 0.04241071428571429 0.05357142857142857
4.0 0.24125744047619047 0.23346560846560846 0.029389880952380952 0.04497354497354497
4.0 0.7756696428571429 0.26521164021164023 0.04017857142857143 0.05026455026455026
4.0 0.8041294642857143 0.2781084656084656 0.04352678571428571 0.05092592592592592
10.0 0.2591145833333333 0.8657407407407407 0.05915178571428571 0.082010582010582
10.0 0.33110119047619047 0.6924603174603174 0.029017857142857144 0.09523809523809523
2.0 0.2533482142857143 0.8515211640211641 0.028273809523809524 0.10383597883597884
1.0 0.30710565476190477 0.8505291005291006 0.030133928571428572 0.10317460317460317
1.0 0.32607886904761907 0.8250661375661376 0.03311011904761905 0.0958994708994709
1.0 0.38039434523809523 0.8392857142857143 0.030133928571428572 0.10317460317460317
1.0 0.3986235119047619 0.8250661375661376 0.028645833333333332 0.10383597883597884
1.0 0.39546130952380953 0.8154761904761905 0.025297619047619048 0.10185185185185185
3.0 0.5989583333333334 0.8839285714285714 0.052083333333333336 0.10383597883597884
2.0 0.5989583333333334 0.8597883597883598 0.026785714285714284 0.0873015873015873
10.0 0.796875 0.6025132275132276 0.023809523809523808 0.06746031746031746
3.0 0.8184523809523809 0.5386904761904762 0.024553571428571428 0.057539682539682536
1.0 0.8459821428571429 0.7437169312169312 0.024553571428571428 0.09854497354497355
1.0 0.32998511904761907 0.6888227513227513 0.03050595238095238 0.083994708994709
3.0 0.87890625 0.453042328042328 0.020461309523809524 0.05555555555555555
10.0 0.8776041666666666 0.4080687830687831 0.013392857142857142 0.06084656084656084
3.0 0.39620535714285715 0.6911375661375662 0.022321428571428572 0.08068783068783068
2.0 0.39676339285714285 0.6716269841269841 0.02269345238095238 0.08002645502645503
3.0 0.4895833333333333 0.7820767195767195 0.031994047619047616 0.07208994708994709
2.0 0.4884672619047619 0.7516534391534392 0.023065476190476192 0.08928571428571429
3.0 0.4185267857142857 0.6134259259259259 0.024553571428571428 0.061507936507936505
2.0 0.41610863095238093 0.6071428571428571 0.020461309523809524 0.07142857142857142
10.0 0.31398809523809523 0.6193783068783069 0.046130952380952384 0.083994708994709
3.0 0.2726934523809524 0.5985449735449735 0.03050595238095238 0.06084656084656084
10.0 0.5786830357142857 0.7890211640211641 0.044270833333333336 0.07539682539682539
2.0 0.5790550595238095 0.7688492063492064 0.028645833333333332 0.08796296296296297
2.0 0.56640625 0.7602513227513228 0.016741071428571428 0.05886243386243386
3.0 0.9542410714285714 0.8032407407407407 0.025297619047619048 0.08928571428571429
1.0 0.2888764880952381 0.6772486772486772 0.018229166666666668 0.08068783068783068
3.0 0.2570684523809524 0.7000661375661376 0.018601190476190476 0.06944444444444445
2.0 0.25576636904761907 0.667989417989418 0.019717261904761904 0.06746031746031746
10.0 0.18377976190476192 0.5287698412698413 0.021577380952380952 0.05886243386243386
2.0 0.17950148809523808 0.5162037037037037 0.021205357142857144 0.06944444444444445
1.0 0.12555803571428573 0.5016534391534392 0.018229166666666668 0.07208994708994709
10.0 0.14527529761904762 0.458994708994709 0.02492559523809524 0.05026455026455026
10.0 0.5474330357142857 0.3726851851851852 0.027157738095238096 0.046957671957671955
4.0 0.8318452380952381 0.25297619047619047 0.04241071428571429 0.052248677248677246
4.0 0.8071056547619048 0.24074074074074073 0.041294642857142856 0.04365079365079365
4.0 0.8550967261904762 0.230489417989418 0.035342261904761904 0.056216931216931214
4.0 0.8307291666666666 0.21825396825396826 0.03422619047619048 0.03835978835978836
4.0 0.875 0.21197089947089948 0.03050595238095238 0.04298941798941799
4.0 0.8508184523809523 0.20436507936507936 0.03050595238095238 0.03968253968253968
4.0 0.890625 0.19808201058201058 0.027529761904761904 0.04034391534391534
4.0 0.9120163690476191 0.17691798941798942 0.030133928571428572 0.04034391534391534
4.0 0.8731398809523809 0.17956349206349206 0.03050595238095238 0.037698412698412696
3.0 0.8911830357142857 0.3151455026455027 0.018229166666666668 0.04034391534391534
1.0 0.9724702380952381 0.41964285714285715 0.021577380952380952 0.06283068783068783
1.0 0.9276413690476191 0.5234788359788359 0.020461309523809524 0.07341269841269842
3.0 0.48921130952380953 0.4626322751322751 0.022321428571428572 0.057539682539682536
3.0 0.5003720238095238 0.45601851851851855 0.018601190476190476 0.052248677248677246
10.0 0.32775297619047616 0.4556878306878307 0.017857142857142856 0.051587301587301584
2.0 0.4986979166666667 0.38955026455026454 0.01525297619047619 0.05423280423280423
2.0 0.5065104166666666 0.3740079365079365 0.014508928571428572 0.04828042328042328
3.0 0.5187872023809523 0.2996031746031746 0.027157738095238096 0.03306878306878307
3.0 0.18266369047619047 0.3726851851851852 0.024553571428571428 0.037698412698412696
1.0 0.37462797619047616 0.35648148148148145 0.013392857142857142 0.05423280423280423
3.0 0.19698660714285715 0.38326719576719576 0.018229166666666668 0.041666666666666664
10.0 0.1715029761904762 0.24272486772486773 0.010416666666666666 0.03835978835978836
3.0 0.6834077380952381 0.2814153439153439 0.015625 0.03373015873015873
4.0 0.171875 0.15211640211640212 0.022321428571428572 0.04497354497354497
3.0 0.46986607142857145 0.35648148148148145 0.03050595238095238 0.03835978835978836
1.0 0.35305059523809523 0.26455026455026454 0.01636904761904762 0.04894179894179894
10.0 0.19252232142857142 0.15773809523809523 0.011532738095238096 0.036375661375661374
2.0 0.46986607142857145 0.34226190476190477 0.015625 0.04431216931216931
2.0 0.8796502976190477 0.39814814814814814 0.014508928571428572 0.046296296296296294
2.0 0.8764880952380952 0.4546957671957672 0.01636904761904762 0.046957671957671955
0.0 0.9579613095238095 0.30787037037037035 0.08110119047619048 0.1488095238095238
1.0 0.9354538690476191 0.6087962962962963 0.02269345238095238 0.08796296296296297
2.0 0.7974330357142857 0.5863095238095238 0.019717261904761904 0.05886243386243386
2.0 0.8201264880952381 0.5281084656084656 0.02194940476190476 0.05886243386243386
2.0 0.14527529761904762 0.44742063492063494 0.017485119047619048 0.06283068783068783
2.0 0.17875744047619047 0.3621031746031746 0.016741071428571428 0.046957671957671955
2.0 0.27176339285714285 0.5849867724867724 0.019717261904761904 0.06415343915343916
2.0 0.31045386904761907 0.6154100529100529 0.0234375 0.07473544973544974
2.0 0.19587053571428573 0.3707010582010582 0.013764880952380952 0.04563492063492063
2.0 0.32979910714285715 0.44146825396825395 0.018973214285714284 0.05489417989417989
2.0 0.5221354166666666 0.2867063492063492 0.01525297619047619 0.037698412698412696
10.0 0.21298363095238096 0.15773809523809523 0.010788690476190476 0.031084656084656083
10.0 0.20070684523809523 0.15575396825396826 0.010044642857142858 0.032407407407407406
2.0 0.6843377976190477 0.273478835978836 0.010044642857142858 0.041666666666666664
5.0 0.5344122023809523 0.230489417989418 0.039806547619047616 0.04828042328042328
5.0 0.5254836309523809 0.20072751322751323 0.041294642857142856 0.0496031746031746
4.0 0.6173735119047619 0.2199074074074074 0.04724702380952381 0.04431216931216931
3.0 0.4994419642857143 0.4037698412698413 0.030133928571428572 0.03373015873015873
0.0 0.055431547619047616 0.515542328042328 0.11086309523809523 0.19775132275132276
