4.0 0.5234375 0.4123677248677249 0.08779761904761904 0.05886243386243386
4.0 0.6532738095238095 0.35119047619047616 0.060267857142857144 0.06613756613756613
4.0 0.13020833333333334 0.6197089947089947 0.060267857142857144 0.1388888888888889
4.0 0.18173363095238096 0.4781746031746032 0.07477678571428571 0.08597883597883597
4.0 0.7786458333333334 0.2371031746031746 0.033482142857142856 0.04563492063492063
4.0 0.8232886904761905 0.17857142857142858 0.028273809523809524 0.03835978835978836
4.0 0.7953869047619048 0.2056878306878307 0.028273809523809524 0.03835978835978836
4.0 0.3484002976190476 0.5003306878306878 0.10602678571428571 0.09060846560846561
4.0 0.24069940476190477 0.5671296296296297 0.10491071428571429 0.11574074074074074
4.0 0.047061011904761904 0.8187830687830688 0.09412202380952381 0.17063492063492064
4.0 0.8415178571428571 0.1488095238095238 0.027529761904761904 0.03439153439153439
4.0 0.9001116071428571 0.08664021164021164 0.027157738095238096 0.03306878306878307
4.0 0.15531994047619047 0.29133597883597884 0.04352678571428571 0.056216931216931214
4.0 0.13337053571428573 0.24735449735449735 0.029389880952380952 0.04497354497354497
4.0 0.6692708333333334 0.2552910052910053 0.04017857142857143 0.05026455026455026
4.0 0.6964285714285714 0.267526455026455 0.03943452380952381 0.05357142857142857
10.0 0.3783482142857143 0.519510582010582 0.03050595238095238 0.07208994708994709
1.0 0.09300595238095238 0.7926587301587301 0.028273809523809524 0.0958994708994709
1.0 0.11216517857142858 0.7718253968253969 0.025669642857142856 0.09259259259259259
1.0 0.13392857142857142 0.7506613756613757 0.025297619047619048 0.08597883597883597
10.0 0.8071056547619048 0.2371031746031746 0.011532738095238096 0.031084656084656083
3.0 0.8082217261904762 0.2619047619047619 0.017485119047619048 0.04497354497354497
1.0 0.7823660714285714 0.5380291005291006 0.024553571428571428 0.07473544973544974
1.0 0.36960565476190477 0.5181878306878307 0.0234375 0.06415343915343916
3.0 0.8262648809523809 0.22817460317460317 0.013392857142857142 0.04497354497354497
10.0 0.8283110119047619 0.19444444444444445 0.012276785714285714 0.04497354497354497
3.0 0.4069940476190476 0.478505291005291 0.018601190476190476 0.05886243386243386
2.0 0.40848214285714285 0.4656084656084656 0.018601190476190476 0.05423280423280423
3.0 0.3787202380952381 0.455026455026455 0.024553571428571428 0.05423280423280423
2.0 0.38318452380952384 0.44212962962962965 0.013392857142857142 0.05092592592592592
10.0 0.046130952380952384 0.4775132275132275 0.022321428571428572 0.05423280423280423
3.0 0.04017857142857143 0.44907407407407407 0.01636904761904762 0.05952380952380952
3.0 0.8337053571428571 0.7562830687830688 0.025297619047619048 0.08928571428571429
1.0 0.34654017857142855 0.9576719576719577 0.027157738095238096 0.082010582010582
1.0 0.036830357142857144 0.6137566137566137 0.024553571428571428 0.09259259259259259
10.0 0.020647321428571428 0.43353174603174605 0.013020833333333334 0.05092592592592592
4.0 0.08463541666666667 0.44146825396825395 0.0546875 0.09060846560846561
10.0 0.16555059523809523 0.31646825396825395 0.033482142857142856 0.046957671957671955
4.0 0.72265625 0.23941798941798942 0.038318452380952384 0.05026455026455026
4.0 0.6772693452380952 0.2294973544973545 0.03236607142857143 0.04365079365079365
4.0 0.7423735119047619 0.2156084656084656 0.035342261904761904 0.05555555555555555
4.0 0.7157738095238095 0.20833333333333334 0.03422619047619048 0.03835978835978836
4.0 0.7373511904761905 0.19973544973544974 0.03050595238095238 0.04365079365079365
4.0 0.7765997023809523 0.1960978835978836 0.030133928571428572 0.04034391534391534
4.0 0.7706473214285714 0.18551587301587302 0.02418154761904762 0.036375661375661374
4.0 0.7886904761904762 0.1626984126984127 0.025297619047619048 0.03968253968253968
4.0 0.7150297619047619 0.18783068783068782 0.03050595238095238 0.03835978835978836
3.0 0.8292410714285714 0.210978835978836 0.018601190476190476 0.03968253968253968
1.0 0.8567708333333334 0.38955026455026454 0.01636904761904762 0.06084656084656084
1.0 0.7494419642857143 0.6669973544973545 0.020461309523809524 0.08928571428571429
3.0 0.171875 0.43584656084656087 0.03720238095238095 0.03835978835978836
3.0 0.1683407738095238 0.4246031746031746 0.027157738095238096 0.03306878306878307
10.0 0.22526041666666666 0.6964285714285714 0.030133928571428572 0.08068783068783068
2.0 0.4140625 0.3978174603174603 0.015625 0.05357142857142857
2.0 0.40904017857142855 0.3773148148148148 0.014508928571428572 0.04828042328042328
3.0 0.4226190476190476 0.30224867724867727 0.027529761904761904 0.03306878306878307
3.0 0.5005580357142857 0.5773809523809523 0.020461309523809524 0.05952380952380952
3.0 0.46986607142857145 0.580026455026455 0.021577380952380952 0.06481481481481481
3.0 0.7189360119047619 0.6302910052910053 0.02194940476190476 0.07671957671957672
10.0 0.6497395833333334 0.5879629629629629 0.020461309523809524 0.056878306878306875
3.0 0.6458333333333334 0.6779100529100529 0.022321428571428572 0.07936507936507936
3.0 0.6635044642857143 0.6901455026455027 0.02418154761904762 0.07473544973544974
3.0 0.6631324404761905 0.7612433862433863 0.029389880952380952 0.09259259259259259
10.0 0.5466889880952381 0.7956349206349206 0.030877976190476192 0.09126984126984126
4.0 0.08463541666666667 0.3568121693121693 0.07700892857142858 0.061507936507936505
3.0 0.6311383928571429 0.853505291005291 0.04055059523809524 0.08928571428571429
3.0 0.5697544642857143 0.8826058201058201 0.026413690476190476 0.10251322751322751
3.0 0.18191964285714285 0.7748015873015873 0.028273809523809524 0.08928571428571429
3.0 0.3757440476190476 0.43386243386243384 0.03422619047619048 0.03835978835978836
1.0 0.13802083333333334 0.38227513227513227 0.021577380952380952 0.05423280423280423
10.0 0.16648065476190477 0.4103835978835979 0.018229166666666668 0.03902116402116402
3.0 0.5842633928571429 0.2708333333333333 0.016741071428571428 0.036375661375661374
4.0 0.056361607142857144 0.17294973544973544 0.026413690476190476 0.04431216931216931
3.0 0.7291666666666666 0.36904761904761907 0.03050595238095238 0.03835978835978836
1.0 0.2027529761904762 0.22420634920634921 0.010416666666666666 0.04497354497354497
3.0 0.5306919642857143 0.29927248677248675 0.026413690476190476 0.032407407407407406
10.0 0.09951636904761904 0.2761243386243386 0.012276785714285714 0.04431216931216931
10.0 0.057849702380952384 0.2761243386243386 0.014508928571428572 0.04431216931216931
2.0 0.47823660714285715 0.5710978835978836 0.020461309523809524 0.06283068783068783
2.0 0.5081845238095238 0.5638227513227513 0.018601190476190476 0.046957671957671955
2.0 0.7200520833333334 0.6177248677248677 0.021205357142857144 0.06084656084656084
2.0 0.6540178571428571 0.5757275132275133 0.019345238095238096 0.056216931216931214
2.0 0.6508556547619048 0.6650132275132276 0.025669642857142856 0.06547619047619048
2.0 0.6713169642857143 0.6818783068783069 0.02194940476190476 0.082010582010582
2.0 0.6672247023809523 0.7513227513227513 0.025669642857142856 0.07804232804232804
1.0 0.8528645833333334 0.5998677248677249 0.02194940476190476 0.08862433862433862
2.0 0.5574776785714286 0.7959656084656085 0.028645833333333332 0.10515873015873016
2.0 0.6359747023809523 0.8330026455026455 0.030877976190476192 0.08928571428571429
2.0 0.5701264880952381 0.8687169312169312 0.02269345238095238 0.09722222222222222
2.0 0.7338169642857143 0.3584656084656085 0.017485119047619048 0.04497354497354497
2.0 0.18080357142857142 0.7642195767195767 0.025297619047619048 0.10251322751322751
2.0 0.8056175595238095 0.1875 0.009300595238095238 0.03373015873015873
1.0 0.8346354166666666 0.2152777777777778 0.011532738095238096 0.036375661375661374
1.0 0.86328125 0.24768518518518517 0.010044642857142858 0.04563492063492063
1.0 0.8699776785714286 0.2662037037037037 0.01525297619047619 0.037698412698412696
4.0 0.8777901785714286 0.23776455026455026 0.027901785714285716 0.041666666666666664
1.0 0.8063616071428571 0.5724206349206349 0.02269345238095238 0.08796296296296297
2.0 0.7992931547619048 0.23578042328042328 0.011532738095238096 0.031084656084656083
2.0 0.8018973214285714 0.24966931216931218 0.009300595238095238 0.028439153439153438
2.0 0.38002232142857145 0.4236111111111111 0.016741071428571428 0.05092592592592592
4.0 0.8588169642857143 0.20403439153439154 0.026413690476190476 0.037698412698412696
2.0 0.02659970238095238 0.43353174603174605 0.019717261904761904 0.052248677248677246
2.0 0.02883184523809524 0.4751984126984127 0.014508928571428572 0.06018518518518518
2.0 0.21930803571428573 0.6868386243386243 0.02418154761904762 0.07076719576719577
2.0 0.42615327380952384 0.2873677248677249 0.01525297619047619 0.037698412698412696
2.0 0.5332961309523809 0.2880291005291005 0.011532738095238096 0.03373015873015873
10.0 0.07459077380952381 0.2761243386243386 0.013020833333333334 0.041666666666666664
1.0 0.16499255952380953 0.392526455026455 0.013764880952380952 0.03902116402116402
2.0 0.57421875 0.2708333333333333 0.010044642857142858 0.041666666666666664
3.0 0.6387648809523809 0.24801587301587302 0.013392857142857142 0.03042328042328042
2.0 0.6391369047619048 0.23809523809523808 0.011160714285714286 0.03439153439153439
10.0 0.048549107142857144 0.3230820105820106 0.014508928571428572 0.04034391534391534
5.0 0.43545386904761907 0.22916666666666666 0.039806547619047616 0.04828042328042328
5.0 0.41945684523809523 0.19808201058201058 0.041294642857142856 0.0496031746031746
4.0 0.5098586309523809 0.21726190476190477 0.04724702380952381 0.04431216931216931
3.0 0.4216889880952381 0.4083994708994709 0.030133928571428572 0.03373015873015873
