4.0 0.14992559523809523 0.8875661375661376 0.13095238095238096 0.19047619047619047
4.0 0.07570684523809523 0.7939814814814815 0.15141369047619047 0.16600529100529102
1.0 0.008928571428571428 0.41435185185185186 0.015625 0.052248677248677246
1.0 0.011160714285714286 0.3531746031746032 0.015625 0.04894179894179894
1.0 0.038318452380952384 0.25165343915343913 0.009672619047619048 0.041666666666666664
4.0 0.14508928571428573 0.3039021164021164 0.06473214285714286 0.052248677248677246
4.0 0.2464657738095238 0.3382936507936508 0.06510416666666667 0.06415343915343916
4.0 0.22116815476190477 0.4834656084656085 0.058407738095238096 0.09656084656084656
4.0 0.2702752976190476 0.4494047619047619 0.06882440476190477 0.08531746031746032
4.0 0.49572172619047616 0.42394179894179895 0.09188988095238096 0.07142857142857142
4.0 0.6443452380952381 0.335978835978836 0.07886904761904762 0.05555555555555555
4.0 0.62890625 0.4156746031746032 0.08444940476190477 0.07076719576719577
4.0 0.4419642857142857 0.48544973544973546 0.10193452380952381 0.08597883597883597
4.0 0.33798363095238093 0.541005291005291 0.0978422619047619 0.10317460317460317
4.0 0.40531994047619047 0.5654761904761905 0.10081845238095238 0.11243386243386243
4.0 0.8162202380952381 0.314484126984127 0.05357142857142857 0.05489417989417989
4.0 0.8982514880952381 0.23677248677248677 0.03757440476190476 0.04365079365079365
4.0 0.26004464285714285 0.2748015873015873 0.04241071428571429 0.05357142857142857
4.0 0.23976934523809523 0.2328042328042328 0.029389880952380952 0.04497354497354497
4.0 0.7734375 0.26521164021164023 0.04017857142857143 0.05026455026455026
4.0 0.8018973214285714 0.2771164021164021 0.04352678571428571 0.05026455026455026
10.0 0.2546502976190476 0.8617724867724867 0.05915178571428571 0.082010582010582
10.0 0.3307291666666667 0.6898148148148148 0.02976190476190476 0.09523809523809523
2.0 0.24888392857142858 0.8462301587301587 0.028273809523809524 0.10383597883597884
1.0 0.3084077380952381 0.8531746031746031 0.03050595238095238 0.10317460317460317
1.0 0.32979910714285715 0.8310185185185185 0.03311011904761905 0.09986772486772487
1.0 0.3736979166666667 0.833994708994709 0.030133928571428572 0.10317460317460317
1.0 0.39267113095238093 0.8177910052910053 0.028645833333333332 0.10383597883597884
1.0 0.38839285714285715 0.8115079365079365 0.025297619047619048 0.10185185185185185
3.0 0.6075148809523809 0.8931878306878307 0.052083333333333336 0.10383597883597884
2.0 0.6080729166666666 0.871031746031746 0.028645833333333332 0.08862433862433862
10.0 0.7989211309523809 0.5896164021164021 0.0234375 0.06547619047619048
3.0 0.8195684523809523 0.529431216931217 0.023065476190476192 0.057539682539682536
1.0 0.8444940476190477 0.7377645502645502 0.024553571428571428 0.09854497354497355
1.0 0.3288690476190476 0.685515873015873 0.03050595238095238 0.083994708994709
3.0 0.8796502976190477 0.44775132275132273 0.020461309523809524 0.05555555555555555
10.0 0.8768601190476191 0.4027777777777778 0.013392857142857142 0.06084656084656084
3.0 0.3982514880952381 0.6845238095238095 0.0234375 0.08068783068783068
2.0 0.3982514880952381 0.6669973544973545 0.02269345238095238 0.08002645502645503
3.0 0.49516369047619047 0.7926587301587301 0.033482142857142856 0.07473544973544974
2.0 0.49404761904761907 0.7619047619047619 0.023065476190476192 0.09259259259259259
3.0 0.4192708333333333 0.6084656084656085 0.024553571428571428 0.056878306878306875
2.0 0.41796875 0.6018518518518519 0.020461309523809524 0.07142857142857142
10.0 0.30859375 0.6173941798941799 0.04575892857142857 0.08002645502645503
3.0 0.26711309523809523 0.5958994708994709 0.03050595238095238 0.06084656084656084
10.0 0.5853794642857143 0.7996031746031746 0.044270833333333336 0.07804232804232804
2.0 0.5861235119047619 0.7781084656084656 0.028645833333333332 0.08796296296296297
2.0 0.5721726190476191 0.769510582010582 0.01636904761904762 0.061507936507936505
3.0 0.953125 0.8032407407407407 0.025297619047619048 0.08928571428571429
1.0 0.28738839285714285 0.6805555555555556 0.018229166666666668 0.08068783068783068
3.0 0.2578125 0.7093253968253969 0.018601190476190476 0.06944444444444445
2.0 0.25613839285714285 0.6759259259259259 0.020461309523809524 0.06746031746031746
10.0 0.18229166666666666 0.531415343915344 0.021577380952380952 0.05886243386243386
2.0 0.17764136904761904 0.517526455026455 0.021205357142857144 0.06944444444444445
1.0 0.12406994047619048 0.5042989417989417 0.018229166666666668 0.07208994708994709
10.0 0.14434523809523808 0.4583333333333333 0.026041666666666668 0.05026455026455026
10.0 0.54296875 0.3707010582010582 0.027901785714285716 0.046957671957671955
4.0 0.8307291666666666 0.25297619047619047 0.04241071428571429 0.052248677248677246
4.0 0.8059895833333334 0.2400793650793651 0.041294642857142856 0.04365079365079365
4.0 0.8528645833333334 0.230489417989418 0.035342261904761904 0.056216931216931214
4.0 0.8288690476190477 0.21825396825396826 0.03422619047619048 0.03835978835978836
4.0 0.8723958333333334 0.21197089947089948 0.03050595238095238 0.04298941798941799
4.0 0.8485863095238095 0.20436507936507936 0.03050595238095238 0.03968253968253968
4.0 0.8887648809523809 0.1974206349206349 0.027529761904761904 0.04034391534391534
4.0 0.9105282738095238 0.17625661375661375 0.030133928571428572 0.04034391534391534
4.0 0.8709077380952381 0.17956349206349206 0.03050595238095238 0.037698412698412696
3.0 0.8908110119047619 0.31316137566137564 0.018229166666666668 0.04034391534391534
1.0 0.9717261904761905 0.4183201058201058 0.021577380952380952 0.06283068783068783
1.0 0.9254092261904762 0.5261243386243386 0.020461309523809524 0.07341269841269842
3.0 0.48474702380952384 0.4599867724867725 0.022321428571428572 0.057539682539682536
3.0 0.4959077380952381 0.4540343915343915 0.018601190476190476 0.052248677248677246
10.0 0.32421875 0.4603174603174603 0.018973214285714284 0.05291005291005291
2.0 0.49702380952380953 0.3888888888888889 0.015625 0.05423280423280423
2.0 0.5050223214285714 0.37334656084656087 0.014508928571428572 0.04828042328042328
3.0 0.5180431547619048 0.2996031746031746 0.027157738095238096 0.03306878306878307
3.0 0.18340773809523808 0.37334656084656087 0.024553571428571428 0.037698412698412696
1.0 0.3709077380952381 0.3551587301587302 0.013392857142857142 0.05423280423280423
3.0 0.19624255952380953 0.38591269841269843 0.018229166666666668 0.041666666666666664
10.0 0.17001488095238096 0.24338624338624337 0.010416666666666666 0.03835978835978836
3.0 0.6821056547619048 0.2810846560846561 0.015997023809523808 0.03439153439153439
4.0 0.17038690476190477 0.15145502645502645 0.022321428571428572 0.04497354497354497
3.0 0.47507440476190477 0.3551587301587302 0.03050595238095238 0.03835978835978836
1.0 0.35119047619047616 0.26256613756613756 0.01636904761904762 0.04894179894179894
10.0 0.19066220238095238 0.1583994708994709 0.011532738095238096 0.036375661375661374
2.0 0.47433035714285715 0.34226190476190477 0.015625 0.04431216931216931
2.0 0.8787202380952381 0.39087301587301587 0.014136904761904762 0.04497354497354497
2.0 0.8779761904761905 0.4470899470899471 0.01636904761904762 0.046296296296296294
0.0 0.9581473214285714 0.3072089947089947 0.08147321428571429 0.1488095238095238
1.0 0.93359375 0.607473544973545 0.02269345238095238 0.08796296296296297
2.0 0.7996651785714286 0.576058201058201 0.019717261904761904 0.0582010582010582
2.0 0.8208705357142857 0.519510582010582 0.021205357142857144 0.057539682539682536
2.0 0.1441592261904762 0.44675925925925924 0.017485119047619048 0.06283068783068783
2.0 0.18024553571428573 0.3621031746031746 0.016741071428571428 0.046957671957671955
2.0 0.2661830357142857 0.5816798941798942 0.019717261904761904 0.06283068783068783
2.0 0.3048735119047619 0.6127645502645502 0.0234375 0.07473544973544974
2.0 0.19512648809523808 0.37334656084656087 0.013764880952380952 0.04563492063492063
2.0 0.32719494047619047 0.44742063492063494 0.018973214285714284 0.05489417989417989
2.0 0.5206473214285714 0.2867063492063492 0.01525297619047619 0.037698412698412696
10.0 0.21223958333333334 0.15707671957671956 0.010788690476190476 0.031084656084656083
10.0 0.19921875 0.15773809523809523 0.010044642857142858 0.032407407407407406
2.0 0.6828497023809523 0.2728174603174603 0.010044642857142858 0.041666666666666664
5.0 0.5325520833333334 0.22916666666666666 0.039806547619047616 0.04828042328042328
5.0 0.5239955357142857 0.20006613756613756 0.041294642857142856 0.0496031746031746
4.0 0.6158854166666666 0.21924603174603174 0.04724702380952381 0.04431216931216931
3.0 0.4986979166666667 0.4037698412698413 0.030133928571428572 0.03373015873015873
0.0 0.054501488095238096 0.5142195767195767 0.10900297619047619 0.19775132275132276
