4.0 0.15383184523809523 0.8888888888888888 0.12909226190476192 0.18915343915343916
4.0 0.08686755952380952 0.7837301587301587 0.15885416666666666 0.15608465608465608
1.0 0.009300595238095238 0.41435185185185186 0.015625 0.052248677248677246
1.0 0.017299107142857144 0.35185185185185186 0.01525297619047619 0.04894179894179894
1.0 0.010602678571428572 0.34523809523809523 0.012276785714285714 0.05026455026455026
1.0 0.04055059523809524 0.2523148148148148 0.009672619047619048 0.041666666666666664
4.0 0.1402529761904762 0.3029100529100529 0.06547619047619048 0.05026455026455026
4.0 0.24088541666666666 0.3349867724867725 0.06510416666666667 0.06415343915343916
4.0 0.22061011904761904 0.4775132275132275 0.05803571428571429 0.09656084656084656
4.0 0.27139136904761907 0.44742063492063494 0.06882440476190477 0.08531746031746032
4.0 0.4856770833333333 0.42328042328042326 0.09188988095238096 0.07142857142857142
4.0 0.6231398809523809 0.335978835978836 0.07886904761904762 0.05555555555555555
4.0 0.6183035714285714 0.4193121693121693 0.08556547619047619 0.07142857142857142
4.0 0.44419642857142855 0.4861111111111111 0.10193452380952381 0.08597883597883597
4.0 0.34021577380952384 0.5423280423280423 0.0978422619047619 0.10317460317460317
4.0 0.40866815476190477 0.5667989417989417 0.10081845238095238 0.11243386243386243
4.0 0.8106398809523809 0.32076719576719576 0.05654761904761905 0.05555555555555555
4.0 0.8962053571428571 0.24404761904761904 0.03943452380952381 0.04497354497354497
4.0 0.2622767857142857 0.27546296296296297 0.04241071428571429 0.05357142857142857
4.0 0.24200148809523808 0.23346560846560846 0.029389880952380952 0.04497354497354497
4.0 0.7760416666666666 0.26521164021164023 0.04017857142857143 0.05026455026455026
4.0 0.8052455357142857 0.2787698412698413 0.04352678571428571 0.05092592592592592
10.0 0.26134672619047616 0.8677248677248677 0.05915178571428571 0.082010582010582
10.0 0.33110119047619047 0.6934523809523809 0.029017857142857144 0.0958994708994709
2.0 0.25595238095238093 0.8541666666666666 0.028273809523809524 0.10383597883597884
1.0 0.30654761904761907 0.8485449735449735 0.03050595238095238 0.10317460317460317
1.0 0.32459077380952384 0.8224206349206349 0.03311011904761905 0.09457671957671958
1.0 0.38374255952380953 0.841931216931217 0.030133928571428572 0.10317460317460317
1.0 0.4015997023809524 0.8290343915343915 0.028645833333333332 0.10383597883597884
1.0 0.39880952380952384 0.8174603174603174 0.025297619047619048 0.10185185185185185
3.0 0.5952380952380952 0.8786375661375662 0.050595238095238096 0.10383597883597884
2.0 0.5944940476190477 0.8541666666666666 0.026041666666666668 0.08664021164021164
10.0 0.7957589285714286 0.6091269841269841 0.023809523809523808 0.06878306878306878
3.0 0.8180803571428571 0.5439814814814815 0.025297619047619048 0.057539682539682536
1.0 0.8470982142857143 0.7470238095238095 0.024553571428571428 0.09854497354497355
1.0 0.33035714285714285 0.6901455026455027 0.03050595238095238 0.083994708994709
3.0 0.8785342261904762 0.45634920634920634 0.020461309523809524 0.05555555555555555
10.0 0.8779761904761905 0.4113756613756614 0.013392857142857142 0.06084656084656084
3.0 0.39620535714285715 0.6937830687830688 0.023065476190476192 0.08068783068783068
2.0 0.39639136904761907 0.6742724867724867 0.02269345238095238 0.08002645502645503
3.0 0.48679315476190477 0.7767857142857143 0.03162202380952381 0.07076719576719577
2.0 0.48586309523809523 0.7466931216931217 0.023065476190476192 0.0873015873015873
3.0 0.4181547619047619 0.6157407407407407 0.024553571428571428 0.06349206349206349
2.0 0.4153645833333333 0.6097883597883598 0.020461309523809524 0.07142857142857142
10.0 0.3169642857142857 0.6203703703703703 0.046130952380952384 0.08597883597883597
3.0 0.27529761904761907 0.6005291005291006 0.03050595238095238 0.06084656084656084
10.0 0.5757068452380952 0.7833994708994709 0.044270833333333336 0.07341269841269842
2.0 0.5757068452380952 0.7642195767195767 0.028645833333333332 0.08796296296296297
2.0 0.5634300595238095 0.7556216931216931 0.016741071428571428 0.057539682539682536
3.0 0.9549851190476191 0.8032407407407407 0.025297619047619048 0.08928571428571429
1.0 0.2892485119047619 0.6759259259259259 0.018229166666666668 0.08068783068783068
3.0 0.25669642857142855 0.6960978835978836 0.018601190476190476 0.06944444444444445
2.0 0.25558035714285715 0.6643518518518519 0.019345238095238096 0.06812169312169312
10.0 0.18489583333333334 0.52744708994709 0.021577380952380952 0.05886243386243386
2.0 0.18061755952380953 0.515542328042328 0.021205357142857144 0.06944444444444445
1.0 0.12630208333333334 0.5003306878306878 0.018229166666666668 0.07208994708994709
10.0 0.14601934523809523 0.45965608465608465 0.02418154761904762 0.05026455026455026
10.0 0.5496651785714286 0.37334656084656087 0.027157738095238096 0.046957671957671955
4.0 0.8325892857142857 0.25297619047619047 0.04241071428571429 0.052248677248677246
4.0 0.8078497023809523 0.24074074074074073 0.041294642857142856 0.04365079365079365
4.0 0.8558407738095238 0.23115079365079366 0.035342261904761904 0.056216931216931214
4.0 0.8314732142857143 0.21891534391534392 0.03422619047619048 0.03835978835978836
4.0 0.8764880952380952 0.21197089947089948 0.03050595238095238 0.04298941798941799
4.0 0.8519345238095238 0.20436507936507936 0.03050595238095238 0.03968253968253968
4.0 0.8917410714285714 0.19874338624338625 0.027529761904761904 0.04034391534391534
4.0 0.9127604166666666 0.1775793650793651 0.030133928571428572 0.04034391534391534
4.0 0.875 0.17956349206349206 0.03050595238095238 0.037698412698412696
3.0 0.8915550595238095 0.31646825396825395 0.018229166666666668 0.04034391534391534
1.0 0.9724702380952381 0.41964285714285715 0.021577380952380952 0.06283068783068783
1.0 0.9291294642857143 0.5221560846560847 0.020461309523809524 0.07341269841269842
3.0 0.49107142857142855 0.46395502645502645 0.021577380952380952 0.057539682539682536
3.0 0.5026041666666666 0.4573412698412698 0.018601190476190476 0.052248677248677246
10.0 0.32961309523809523 0.45337301587301587 0.01711309523809524 0.05092592592592592
2.0 0.4994419642857143 0.38955026455026454 0.01525297619047619 0.05423280423280423
2.0 0.5072544642857143 0.37466931216931215 0.014508928571428572 0.04828042328042328
3.0 0.51953125 0.3002645502645503 0.027157738095238096 0.03306878306878307
3.0 0.18229166666666666 0.3726851851851852 0.024553571428571428 0.037698412698412696
1.0 0.37648809523809523 0.35714285714285715 0.013392857142857142 0.05423280423280423
3.0 0.19735863095238096 0.3819444444444444 0.018229166666666668 0.041666666666666664
10.0 0.17261904761904762 0.24272486772486773 0.010416666666666666 0.03835978835978836
3.0 0.6839657738095238 0.28174603174603174 0.01525297619047619 0.03306878306878307
4.0 0.17261904761904762 0.1527777777777778 0.022321428571428572 0.04497354497354497
3.0 0.46726190476190477 0.35714285714285715 0.03050595238095238 0.03835978835978836
1.0 0.3541666666666667 0.26587301587301587 0.01636904761904762 0.04894179894179894
10.0 0.19345238095238096 0.15707671957671956 0.011160714285714286 0.036375661375661374
2.0 0.46781994047619047 0.34226190476190477 0.01525297619047619 0.04431216931216931
2.0 0.8802083333333334 0.4017857142857143 0.01488095238095238 0.046957671957671955
2.0 0.8759300595238095 0.4583333333333333 0.016741071428571428 0.047619047619047616
0.0 0.9579613095238095 0.30787037037037035 0.08110119047619048 0.1488095238095238
1.0 0.9361979166666666 0.609457671957672 0.02269345238095238 0.08796296296296297
2.0 0.7961309523809523 0.593915343915344 0.020089285714285716 0.05952380952380952
2.0 0.8193824404761905 0.5337301587301587 0.02194940476190476 0.05952380952380952
2.0 0.14601934523809523 0.4480820105820106 0.017485119047619048 0.06283068783068783
2.0 0.17838541666666666 0.3621031746031746 0.016741071428571428 0.046957671957671955
2.0 0.27436755952380953 0.5873015873015873 0.019717261904761904 0.06481481481481481
2.0 0.31343005952380953 0.6167328042328042 0.0234375 0.07473544973544974
2.0 0.19624255952380953 0.37003968253968256 0.013764880952380952 0.04563492063492063
2.0 0.33091517857142855 0.43816137566137564 0.018973214285714284 0.05489417989417989
2.0 0.5228794642857143 0.2867063492063492 0.01525297619047619 0.037698412698412696
10.0 0.21372767857142858 0.1583994708994709 0.010788690476190476 0.031084656084656083
10.0 0.20145089285714285 0.1550925925925926 0.010044642857142858 0.032407407407407406
2.0 0.6850818452380952 0.273478835978836 0.010044642857142858 0.041666666666666664
5.0 0.5347842261904762 0.230489417989418 0.039806547619047616 0.04828042328042328
5.0 0.5262276785714286 0.20072751322751323 0.041294642857142856 0.0496031746031746
4.0 0.6181175595238095 0.2199074074074074 0.04724702380952381 0.04431216931216931
3.0 0.4998139880952381 0.4044312169312169 0.030133928571428572 0.03373015873015873
0.0 0.05580357142857143 0.5162037037037037 0.11160714285714286 0.19775132275132276
