4.0 0.6439732142857143 0.21296296296296297 0.052083333333333336 0.05952380952380952
4.0 0.7074032738095238 0.1292989417989418 0.03608630952380952 0.05092592592592592
4.0 0.14136904761904762 0.5882936507936508 0.11458333333333333 0.13558201058201058
4.0 0.13262648809523808 0.38525132275132273 0.08147321428571429 0.09325396825396826
4.0 0.7669270833333334 0.05654761904761905 0.025669642857142856 0.032407407407407406
4.0 0.7827380952380952 0.030753968253968252 0.022321428571428572 0.032407407407407406
4.0 0.29520089285714285 0.3998015873015873 0.10677083333333333 0.09457671957671958
4.0 0.18880208333333334 0.4751984126984127 0.10602678571428571 0.12103174603174603
4.0 0.09486607142857142 0.18452380952380953 0.04538690476190476 0.06084656084656084
4.0 0.06863839285714286 0.13525132275132276 0.029389880952380952 0.05092592592592592
4.0 0.6222098214285714 0.13756613756613756 0.04055059523809524 0.05026455026455026
4.0 0.6476934523809523 0.1421957671957672 0.03943452380952381 0.05423280423280423
10.0 0.36421130952380953 0.376984126984127 0.024553571428571428 0.07142857142857142
1.0 0.004092261904761905 0.6626984126984127 0.00818452380952381 0.09788359788359788
1.0 0.014694940476190476 0.6369047619047619 0.029389880952380952 0.08597883597883597
10.0 0.7823660714285714 0.06316137566137567 0.00744047619047619 0.025793650793650792
3.0 0.7745535714285714 0.08267195767195767 0.010416666666666666 0.023809523809523808
1.0 0.7505580357142857 0.36673280423280424 0.018229166666666668 0.056216931216931214
1.0 0.3638392857142857 0.36507936507936506 0.022321428571428572 0.06084656084656084
3.0 0.7937127976190477 0.05357142857142857 0.010788690476190476 0.03439153439153439
10.0 0.8087797619047619 0.027447089947089946 0.009672619047619048 0.031084656084656083
3.0 0.3156622023809524 0.3220899470899471 0.02269345238095238 0.04894179894179894
2.0 0.31436011904761907 0.31183862433862436 0.013392857142857142 0.05357142857142857
3.0 0.2771577380952381 0.31283068783068785 0.023809523809523808 0.03439153439153439
2.0 0.27734375 0.29993386243386244 0.013764880952380952 0.05092592592592592
3.0 0.7792038690476191 0.6329365079365079 0.02418154761904762 0.08068783068783068
1.0 0.043712797619047616 0.5763888888888888 0.025669642857142856 0.09060846560846561
4.0 0.029017857142857144 0.41005291005291006 0.057291666666666664 0.10846560846560846
10.0 0.034970238095238096 0.18022486772486773 0.025297619047619048 0.04563492063492063
4.0 0.6728050595238095 0.11904761904761904 0.038318452380952384 0.05026455026455026
4.0 0.6475074404761905 0.12103174603174603 0.03236607142857143 0.04365079365079365
4.0 0.6932663690476191 0.08697089947089948 0.035342261904761904 0.056216931216931214
4.0 0.6752232142857143 0.07473544973544974 0.03422619047619048 0.03835978835978836
4.0 0.7105654761904762 0.07738095238095238 0.03050595238095238 0.04365079365079365
4.0 0.6904761904761905 0.06779100529100529 0.03050595238095238 0.04034391534391534
4.0 0.7267485119047619 0.060515873015873016 0.02418154761904762 0.036375661375661374
4.0 0.7440476190476191 0.0333994708994709 0.025297619047619048 0.04034391534391534
4.0 0.7049851190476191 0.05357142857142857 0.03050595238095238 0.03835978835978836
3.0 0.8004092261904762 0.057539682539682536 0.011532738095238096 0.03439153439153439
1.0 0.8022693452380952 0.26157407407407407 0.015997023809523808 0.061507936507936505
1.0 0.67578125 0.6418650793650794 0.020461309523809524 0.08928571428571429
3.0 0.04092261904761905 0.3273809523809524 0.03422619047619048 0.03835978835978836
3.0 0.04389880952380952 0.3167989417989418 0.027529761904761904 0.03306878306878307
10.0 0.42429315476190477 0.8346560846560847 0.04501488095238095 0.08068783068783068
2.0 0.4309895833333333 0.30654761904761907 0.01525297619047619 0.056216931216931214
2.0 0.36365327380952384 0.26421957671957674 0.017485119047619048 0.056216931216931214
3.0 0.37406994047619047 0.18353174603174602 0.027157738095238096 0.03373015873015873
3.0 0.4250372023809524 0.38955026455026454 0.017485119047619048 0.05952380952380952
3.0 0.3991815476190476 0.3888888888888889 0.01636904761904762 0.06481481481481481
3.0 0.7129836309523809 0.36673280423280424 0.019717261904761904 0.06812169312169312
10.0 0.70703125 0.29927248677248675 0.012276785714285714 0.05357142857142857
3.0 0.6566220238095238 0.45006613756613756 0.020833333333333332 0.06547619047619048
3.0 0.6886160714285714 0.4695767195767196 0.023809523809523808 0.062169312169312166
3.0 0.6657366071428571 0.5049603174603174 0.02269345238095238 0.07341269841269842
10.0 0.4270833333333333 0.4642857142857143 0.019345238095238096 0.06481481481481481
4.0 0.06156994047619048 0.2691798941798942 0.07700892857142858 0.06613756613756613
3.0 0.5494791666666666 0.6101190476190477 0.022321428571428572 0.0787037037037037
3.0 0.6017485119047619 0.5162037037037037 0.020461309523809524 0.0667989417989418
10.0 0.5799851190476191 0.6554232804232805 0.027529761904761904 0.082010582010582
3.0 0.015811011904761904 0.6266534391534392 0.03162202380952381 0.057539682539682536
3.0 0.34858630952380953 0.9130291005291006 0.06696428571428571 0.07341269841269842
3.0 0.5026041666666666 0.32076719576719576 0.03422619047619048 0.03835978835978836
1.0 0.006882440476190476 0.33664021164021163 0.013764880952380952 0.05952380952380952
10.0 0.08165922619047619 0.36342592592592593 0.030133928571428572 0.04828042328042328
3.0 0.5338541666666666 0.15542328042328044 0.015625 0.0291005291005291
3.0 0.7526041666666666 0.20634920634920634 0.019345238095238096 0.03835978835978836
1.0 0.13746279761904762 0.1130952380952381 0.010788690476190476 0.04497354497354497
3.0 0.3333333333333333 0.2080026455026455 0.027529761904761904 0.03373015873015873
10.0 0.028459821428571428 0.2328042328042328 0.013764880952380952 0.05026455026455026
2.0 0.3989955357142857 0.3869047619047619 0.020461309523809524 0.05555555555555555
2.0 0.42578125 0.38855820105820105 0.018229166666666668 0.046957671957671955
2.0 0.7144717261904762 0.36243386243386244 0.01525297619047619 0.05952380952380952
2.0 0.7055431547619048 0.30423280423280424 0.01525297619047619 0.05026455026455026
2.0 0.6575520833333334 0.44146825396825395 0.025669642857142856 0.06547619047619048
2.0 0.6876860119047619 0.45072751322751325 0.02194940476190476 0.07208994708994709
2.0 0.6675967261904762 0.4871031746031746 0.025669642857142856 0.06547619047619048
1.0 0.7862723214285714 0.5251322751322751 0.02194940476190476 0.08862433862433862
2.0 0.4283854166666667 0.45535714285714285 0.02194940476190476 0.08531746031746032
2.0 0.5530133928571429 0.5902777777777778 0.030877976190476192 0.08928571428571429
2.0 0.6028645833333334 0.5009920634920635 0.02269345238095238 0.09722222222222222
2.0 0.7533482142857143 0.18783068783068782 0.01636904761904762 0.04497354497354497
2.0 0.5803571428571429 0.6431878306878307 0.027529761904761904 0.09854497354497355
2.0 0.01209077380952381 0.5896164021164021 0.02418154761904762 0.10251322751322751
2.0 0.3560267857142857 0.8882275132275133 0.025297619047619048 0.12433862433862433
1.0 0.7976190476190477 0.05787037037037037 0.010416666666666666 0.01917989417989418
1.0 0.8223586309523809 0.10152116402116403 0.010044642857142858 0.028439153439153438
1.0 0.8212425595238095 0.12202380952380952 0.010788690476190476 0.037698412698412696
4.0 0.8424479166666666 0.1087962962962963 0.027901785714285716 0.041666666666666664
1.0 0.7669270833333334 0.45271164021164023 0.02269345238095238 0.08267195767195767
2.0 0.5035342261904762 0.30324074074074076 0.016741071428571428 0.05092592592592592
4.0 0.8134300595238095 0.08101851851851852 0.025669642857142856 0.037698412698412696
2.0 0.4231770833333333 0.8167989417989417 0.028645833333333332 0.08994708994708994
2.0 0.3763020833333333 0.16964285714285715 0.01525297619047619 0.037698412698412696
2.0 0.3353794642857143 0.1960978835978836 0.011532738095238096 0.03373015873015873
10.0 0.020647321428571428 0.20866402116402116 0.013020833333333334 0.04298941798941799
1.0 0.08017113095238096 0.34093915343915343 0.018973214285714284 0.0496031746031746
2.0 0.5340401785714286 0.14914021164021163 0.010044642857142858 0.041666666666666664
3.0 0.5608258928571429 0.1531084656084656 0.013764880952380952 0.031084656084656083
2.0 0.5619419642857143 0.13657407407407407 0.011532738095238096 0.03505291005291005
5.0 0.38709077380952384 0.10482804232804233 0.039806547619047616 0.04828042328042328
5.0 0.37667410714285715 0.08498677248677249 0.041294642857142856 0.0496031746031746
4.0 0.4674479166666667 0.09623015873015874 0.04724702380952381 0.04431216931216931
3.0 0.5812872023809523 0.14814814814814814 0.013020833333333334 0.022486772486772486
2.0 0.5829613095238095 0.13326719576719576 0.008928571428571428 0.03373015873015873
3.0 0.43396577380952384 0.3230820105820106 0.02492559523809524 0.037698412698412696
