4.0 0.13541666666666666 0.8855820105820106 0.14211309523809523 0.1865079365079365
1.0 0.027157738095238096 0.2523148148148148 0.009672619047619048 0.041666666666666664
4.0 0.16610863095238096 0.3167989417989418 0.06361607142857142 0.056878306878306875
4.0 0.27511160714285715 0.35284391534391535 0.06882440476190477 0.07208994708994709
4.0 0.21800595238095238 0.5049603174603174 0.05803571428571429 0.10383597883597884
4.0 0.26357886904761907 0.44642857142857145 0.07105654761904762 0.08597883597883597
4.0 0.5433407738095238 0.41798941798941797 0.09188988095238096 0.07142857142857142
4.0 0.7260044642857143 0.3296957671957672 0.07626488095238096 0.05489417989417989
4.0 0.6702008928571429 0.3958333333333333 0.07626488095238096 0.06944444444444445
4.0 0.43154761904761907 0.4794973544973545 0.10193452380952381 0.08597883597883597
4.0 0.3279389880952381 0.5416666666666666 0.0978422619047619 0.10317460317460317
4.0 0.3898809523809524 0.5671296296296297 0.10491071428571429 0.11177248677248677
4.0 0.8333333333333334 0.28835978835978837 0.046875 0.05423280423280423
4.0 0.9068080357142857 0.21329365079365079 0.035342261904761904 0.04034391534391534
4.0 0.25 0.2744708994708995 0.04241071428571429 0.05423280423280423
4.0 0.22898065476190477 0.23148148148148148 0.029389880952380952 0.04497354497354497
4.0 0.7615327380952381 0.2638888888888889 0.04017857142857143 0.05026455026455026
4.0 0.7899925595238095 0.2757936507936508 0.04352678571428571 0.05026455026455026
10.0 0.21819196428571427 0.8363095238095238 0.05617559523809524 0.08267195767195767
10.0 0.32998511904761907 0.673941798941799 0.033482142857142856 0.09126984126984126
2.0 0.2105654761904762 0.8201058201058201 0.028273809523809524 0.10317460317460317
1.0 0.31882440476190477 0.8892195767195767 0.03050595238095238 0.10383597883597884
1.0 0.3435639880952381 0.8740079365079365 0.03311011904761905 0.11177248677248677
1.0 0.34207589285714285 0.8148148148148148 0.030133928571428572 0.10317460317460317
1.0 0.36290922619047616 0.7979497354497355 0.028645833333333332 0.10383597883597884
1.0 0.3470982142857143 0.7890211640211641 0.025297619047619048 0.10185185185185185
3.0 0.6664806547619048 0.9553571428571429 0.05319940476190476 0.08664021164021164
2.0 0.6687127976190477 0.9444444444444444 0.03608630952380952 0.0873015873015873
10.0 0.8138020833333334 0.5205026455026455 0.020461309523809524 0.0582010582010582
3.0 0.8257068452380952 0.4751984126984127 0.018229166666666668 0.057539682539682536
1.0 0.8363095238095238 0.7033730158730159 0.024553571428571428 0.09854497354497355
1.0 0.33035714285714285 0.6663359788359788 0.03050595238095238 0.083994708994709
3.0 0.8859747023809523 0.41203703703703703 0.020461309523809524 0.05555555555555555
10.0 0.8722098214285714 0.3611111111111111 0.013020833333333334 0.05026455026455026
3.0 0.40978422619047616 0.6441798941798942 0.027901785714285716 0.07671957671957672
2.0 0.4094122023809524 0.6345899470899471 0.02269345238095238 0.08002645502645503
3.0 0.5383184523809523 0.861441798941799 0.04241071428571429 0.0787037037037037
2.0 0.5405505952380952 0.8310185185185185 0.03050595238095238 0.09457671957671958
3.0 0.4334077380952381 0.5747354497354498 0.024553571428571428 0.06613756613756613
2.0 0.43210565476190477 0.5674603174603174 0.019717261904761904 0.05952380952380952
10.0 0.27455357142857145 0.605489417989418 0.04538690476190476 0.07208994708994709
3.0 0.22916666666666666 0.5826719576719577 0.04241071428571429 0.06084656084656084
10.0 0.6292782738095238 0.8700396825396826 0.04575892857142857 0.09986772486772487
2.0 0.6324404761904762 0.8498677248677249 0.03050595238095238 0.0992063492063492
2.0 0.6153273809523809 0.8363095238095238 0.01636904761904762 0.0667989417989418
3.0 0.9393601190476191 0.7926587301587301 0.025297619047619048 0.08928571428571429
1.0 0.28701636904761907 0.7083333333333334 0.018229166666666668 0.08068783068783068
3.0 0.2697172619047619 0.7754629629629629 0.018601190476190476 0.06944444444444445
2.0 0.26525297619047616 0.732473544973545 0.025297619047619048 0.0667989417989418
10.0 0.15922619047619047 0.5611772486772487 0.021577380952380952 0.05886243386243386
2.0 0.15736607142857142 0.5472883597883598 0.021577380952380952 0.06944444444444445
1.0 0.11867559523809523 0.5148809523809523 0.018601190476190476 0.07208994708994709
10.0 0.13895089285714285 0.4523809523809524 0.03162202380952381 0.05026455026455026
10.0 0.5098586309523809 0.359457671957672 0.03311011904761905 0.046957671957671955
4.0 0.8191964285714286 0.24768518518518517 0.04241071428571429 0.052248677248677246
4.0 0.7937127976190477 0.23511904761904762 0.041294642857142856 0.04298941798941799
4.0 0.8424479166666666 0.22784391534391535 0.035342261904761904 0.056216931216931214
4.0 0.8191964285714286 0.21494708994708994 0.03422619047619048 0.03835978835978836
4.0 0.8701636904761905 0.21197089947089948 0.03050595238095238 0.04298941798941799
4.0 0.8370535714285714 0.20171957671957672 0.03050595238095238 0.03968253968253968
4.0 0.8761160714285714 0.1960978835978836 0.027529761904761904 0.04034391534391534
4.0 0.9015997023809523 0.17625661375661375 0.030133928571428572 0.04034391534391534
4.0 0.8612351190476191 0.1818783068783069 0.03050595238095238 0.03835978835978836
3.0 0.8882068452380952 0.2986111111111111 0.018229166666666668 0.04034391534391534
1.0 0.9654017857142857 0.41104497354497355 0.021577380952380952 0.06283068783068783
1.0 0.9086681547619048 0.5367063492063492 0.020461309523809524 0.07341269841269842
3.0 0.45796130952380953 0.44642857142857145 0.02976190476190476 0.042328042328042326
3.0 0.46391369047619047 0.43882275132275134 0.027529761904761904 0.05092592592592592
10.0 0.30040922619047616 0.48908730158730157 0.025669642857142856 0.06018518518518518
2.0 0.4877232142857143 0.3869047619047619 0.015625 0.05423280423280423
2.0 0.49720982142857145 0.3726851851851852 0.014508928571428572 0.04828042328042328
3.0 0.5072544642857143 0.2976190476190476 0.027157738095238096 0.03306878306878307
3.0 0.19047619047619047 0.3826058201058201 0.024553571428571428 0.037698412698412696
1.0 0.34988839285714285 0.3551587301587302 0.013764880952380952 0.05423280423280423
3.0 0.18675595238095238 0.4130291005291005 0.018601190476190476 0.041666666666666664
10.0 0.16331845238095238 0.25793650793650796 0.010416666666666666 0.03835978835978836
3.0 0.6705729166666666 0.2800925925925926 0.016741071428571428 0.03505291005291005
4.0 0.15959821428571427 0.15079365079365079 0.022321428571428572 0.04497354497354497
3.0 0.5055803571428571 0.3525132275132275 0.03050595238095238 0.03835978835978836
1.0 0.33891369047619047 0.2566137566137566 0.013392857142857142 0.04894179894179894
10.0 0.17652529761904762 0.16732804232804233 0.012276785714285714 0.037037037037037035
1.0 0.9854910714285714 0.5152116402116402 0.01636904761904762 0.08862433862433862
2.0 0.5027901785714286 0.3425925925925926 0.016741071428571428 0.04497354497354497
2.0 0.8736979166666666 0.3544973544973545 0.011532738095238096 0.03968253968253968
2.0 0.8859747023809523 0.4007936507936508 0.016741071428571428 0.04365079365079365
0.0 0.9577752976190477 0.30324074074074076 0.08296130952380952 0.1488095238095238
1.0 0.9209449404761905 0.5988756613756614 0.02269345238095238 0.08796296296296297
2.0 0.8149181547619048 0.5102513227513228 0.018229166666666668 0.052248677248677246
2.0 0.8262648809523809 0.4646164021164021 0.01636904761904762 0.046957671957671955
2.0 0.13746279761904762 0.4427910052910053 0.017485119047619048 0.06283068783068783
2.0 0.18880208333333334 0.36408730158730157 0.016741071428571428 0.046957671957671955
4.0 0.9763764880952381 0.21825396825396826 0.033854166666666664 0.037037037037037035
2.0 0.23195684523809523 0.5737433862433863 0.019717261904761904 0.07076719576719577
2.0 0.27176339285714285 0.6061507936507936 0.0234375 0.07473544973544974
2.0 0.18508184523809523 0.39384920634920634 0.013764880952380952 0.04828042328042328
2.0 0.30301339285714285 0.4818121693121693 0.018973214285714284 0.061507936507936505
2.0 0.5087425595238095 0.28604497354497355 0.01525297619047619 0.037698412698412696
10.0 0.20442708333333334 0.14914021164021163 0.010788690476190476 0.031084656084656083
10.0 0.18694196428571427 0.1669973544973545 0.010044642857142858 0.032407407407407406
2.0 0.6728050595238095 0.26884920634920634 0.010044642857142858 0.041666666666666664
5.0 0.5225074404761905 0.226521164021164 0.039806547619047616 0.04828042328042328
5.0 0.5146949404761905 0.19808201058201058 0.041294642857142856 0.0496031746031746
4.0 0.6058407738095238 0.2166005291005291 0.04724702380952381 0.04431216931216931
3.0 0.4908854166666667 0.4011243386243386 0.030133928571428572 0.03373015873015873
0.0 0.04966517857142857 0.5168650793650794 0.09933035714285714 0.19775132275132276
