4.0 0.028459821428571428 0.8852513227513228 0.056919642857142856 0.13690476190476192
4.0 0.28869047619047616 0.37863756613756616 0.07514880952380952 0.06018518518518518
4.0 0.44624255952380953 0.41104497354497355 0.0859375 0.07738095238095238
4.0 0.19940476190476192 0.5317460317460317 0.057291666666666664 0.10714285714285714
4.0 0.24330357142857142 0.4566798941798942 0.07291666666666667 0.08796296296296297
4.0 0.7096354166666666 0.3601190476190476 0.06436011904761904 0.06018518518518518
4.0 0.8385416666666666 0.2595899470899471 0.03720238095238095 0.04431216931216931
4.0 0.7749255952380952 0.3115079365079365 0.047619047619047616 0.05555555555555555
4.0 0.41015625 0.49074074074074076 0.1015625 0.08597883597883597
4.0 0.31008184523809523 0.544973544973545 0.1015625 0.10185185185185185
4.0 0.2838541666666667 0.6402116402116402 0.12202380952380952 0.13095238095238096
4.0 0.8660714285714286 0.21957671957671956 0.03422619047619048 0.042328042328042326
4.0 0.9337797619047619 0.1498015873015873 0.027529761904761904 0.037698412698412696
4.0 0.22526041666666666 0.27744708994708994 0.04055059523809524 0.05357142857142857
4.0 0.20368303571428573 0.23677248677248677 0.029389880952380952 0.04497354497354497
4.0 0.7351190476190477 0.26256613756613756 0.04017857142857143 0.05026455026455026
4.0 0.7661830357142857 0.2748015873015873 0.04055059523809524 0.04828042328042328
10.0 0.023623511904761904 0.8039021164021164 0.04724702380952381 0.0667989417989418
10.0 0.41220238095238093 0.5687830687830688 0.03050595238095238 0.07671957671957672
2.0 0.013578869047619048 0.7817460317460317 0.018973214285714284 0.07804232804232804
1.0 0.34412202380952384 0.996031746031746 0.03422619047619048 0.006613756613756613
1.0 0.3802083333333333 0.9937169312169312 0.033482142857142856 0.008597883597883597
1.0 0.24479166666666666 0.7791005291005291 0.025297619047619048 0.09656084656084656
1.0 0.2583705357142857 0.7668650793650794 0.02269345238095238 0.10119047619047619
1.0 0.2578125 0.751984126984127 0.025297619047619048 0.10185185185185185
10.0 0.8288690476190477 0.3644179894179894 0.01488095238095238 0.04365079365079365
3.0 0.8491443452380952 0.35648148148148145 0.017485119047619048 0.04497354497354497
1.0 0.8251488095238095 0.6266534391534392 0.024553571428571428 0.08267195767195767
1.0 0.4094122023809524 0.5628306878306878 0.030133928571428572 0.07539682539682539
3.0 0.8891369047619048 0.3125 0.013392857142857142 0.04563492063492063
10.0 0.8709077380952381 0.27976190476190477 0.012648809523809524 0.04497354497354497
3.0 0.4497767857142857 0.5466269841269841 0.018601190476190476 0.05886243386243386
2.0 0.4494047619047619 0.531084656084656 0.018601190476190476 0.05423280423280423
3.0 0.46837797619047616 0.5072751322751323 0.024553571428571428 0.06613756613756613
2.0 0.4693080357142857 0.4973544973544973 0.019717261904761904 0.05952380952380952
10.0 0.15699404761904762 0.566468253968254 0.036458333333333336 0.0667989417989418
3.0 0.14397321428571427 0.5307539682539683 0.01636904761904762 0.05886243386243386
3.0 0.9077380952380952 0.7853835978835979 0.025297619047619048 0.08928571428571429
1.0 0.33816964285714285 0.796957671957672 0.022321428571428572 0.0873015873015873
3.0 0.4361979166666667 0.986441798941799 0.04501488095238095 0.02447089947089947
2.0 0.4388020833333333 0.9718915343915344 0.03311011904761905 0.05357142857142857
10.0 0.13188244047619047 0.7595899470899471 0.021205357142857144 0.05886243386243386
2.0 0.12723214285714285 0.7218915343915344 0.021577380952380952 0.06944444444444445
1.0 0.08909970238095238 0.5615079365079365 0.02418154761904762 0.08068783068783068
10.0 0.1013764880952381 0.45171957671957674 0.035342261904761904 0.05026455026455026
4.0 0.10807291666666667 0.33465608465608465 0.06956845238095238 0.056878306878306875
10.0 0.3828125 0.34093915343915343 0.033482142857142856 0.046957671957671955
4.0 0.79296875 0.24702380952380953 0.038318452380952384 0.05092592592592592
4.0 0.7665550595238095 0.23511904761904762 0.041294642857142856 0.04298941798941799
4.0 0.8141741071428571 0.2251984126984127 0.035342261904761904 0.056216931216931214
4.0 0.7938988095238095 0.2123015873015873 0.03422619047619048 0.03835978835978836
4.0 0.8314732142857143 0.20932539682539683 0.03050595238095238 0.04298941798941799
4.0 0.8102678571428571 0.20105820105820105 0.03050595238095238 0.03968253968253968
4.0 0.8489583333333334 0.1927910052910053 0.027529761904761904 0.04034391534391534
4.0 0.8688616071428571 0.17427248677248677 0.030133928571428572 0.04034391534391534
4.0 0.8273809523809523 0.1832010582010582 0.03050595238095238 0.03835978835978836
3.0 0.8889508928571429 0.2605820105820106 0.018229166666666668 0.03968253968253968
1.0 0.9315476190476191 0.40906084656084657 0.01636904761904762 0.061507936507936505
1.0 0.8651413690476191 0.5783730158730159 0.020461309523809524 0.07341269841269842
3.0 0.3424479166666667 0.4494047619047619 0.036830357142857144 0.037698412698412696
3.0 0.34207589285714285 0.4365079365079365 0.027157738095238096 0.03306878306878307
10.0 0.23288690476190477 0.5787037037037037 0.025297619047619048 0.0701058201058201
2.0 0.46651785714285715 0.3845899470899471 0.015625 0.05357142857142857
2.0 0.47451636904761907 0.373015873015873 0.014508928571428572 0.04894179894179894
3.0 0.48642113095238093 0.30092592592592593 0.027157738095238096 0.03306878306878307
3.0 0.7172619047619048 0.8237433862433863 0.04836309523809524 0.09060846560846561
3.0 0.6780133928571429 0.8167989417989417 0.041294642857142856 0.09656084656084656
10.0 0.546875 0.9097222222222222 0.02976190476190476 0.08796296296296297
3.0 0.6024925595238095 0.9014550264550265 0.027901785714285716 0.08862433862433862
3.0 0.6188616071428571 0.9447751322751323 0.035342261904761904 0.08796296296296297
3.0 0.2540922619047619 0.40773809523809523 0.024553571428571428 0.037698412698412696
1.0 0.2814360119047619 0.3544973544973545 0.013764880952380952 0.05423280423280423
3.0 0.11142113095238096 0.5168650793650794 0.02418154761904762 0.052248677248677246
10.0 0.18824404761904762 0.3296957671957672 0.012648809523809524 0.037698412698412696
3.0 0.6467633928571429 0.27744708994708994 0.016741071428571428 0.032407407407407406
4.0 0.13355654761904762 0.15806878306878308 0.022321428571428572 0.04497354497354497
3.0 0.6097470238095238 0.37037037037037035 0.03050595238095238 0.03835978835978836
1.0 0.29464285714285715 0.2361111111111111 0.008928571428571428 0.041005291005291
10.0 0.16071428571428573 0.19543650793650794 0.010416666666666666 0.036375661375661374
10.0 0.13876488095238096 0.20866402116402116 0.012648809523809524 0.037698412698412696
2.0 0.6787574404761905 0.8045634920634921 0.029389880952380952 0.08002645502645503
2.0 0.7165178571428571 0.8075396825396826 0.03050595238095238 0.08068783068783068
2.0 0.5455729166666666 0.8955026455026455 0.02492559523809524 0.06878306878306878
2.0 0.6067708333333334 0.8819444444444444 0.026785714285714284 0.07208994708994709
2.0 0.6229538690476191 0.9236111111111112 0.026413690476190476 0.08134920634920635
1.0 0.9469866071428571 0.5529100529100529 0.02194940476190476 0.08862433862433862
2.0 0.6110491071428571 0.35912698412698413 0.017485119047619048 0.04497354497354497
2.0 0.8718377976190477 0.2701719576719577 0.009300595238095238 0.03373015873015873
2.0 0.8893229166666666 0.30853174603174605 0.011532738095238096 0.037698412698412696
1.0 0.9568452380952381 0.31845238095238093 0.012648809523809524 0.04431216931216931
1.0 0.9523809523809523 0.3091931216931217 0.013392857142857142 0.046957671957671955
1.0 0.9438244047619048 0.26686507936507936 0.011904761904761904 0.04431216931216931
1.0 0.9322916666666666 0.2728174603174603 0.009672619047619048 0.046957671957671955
1.0 0.9309895833333334 0.29398148148148145 0.01525297619047619 0.041666666666666664
4.0 0.9739583333333334 0.25363756613756616 0.027529761904761904 0.041666666666666664
1.0 0.8904389880952381 0.5982142857142857 0.02269345238095238 0.08796296296296297
2.0 0.8303571428571429 0.3558201058201058 0.011904761904761904 0.03968253968253968
2.0 0.8502604166666666 0.34424603174603174 0.014508928571428572 0.036375661375661374
2.0 0.09914434523809523 0.4401455026455027 0.017485119047619048 0.06283068783068783
2.0 0.2531622023809524 0.3951719576719577 0.016741071428571428 0.046957671957671955
4.0 0.9440104166666666 0.21461640211640212 0.03162202380952381 0.037698412698412696
2.0 0.14192708333333334 0.521494708994709 0.019717261904761904 0.06283068783068783
2.0 0.14862351190476192 0.5641534391534392 0.0234375 0.06481481481481481
2.0 0.10881696428571429 0.49503968253968256 0.015997023809523808 0.056216931216931214
2.0 0.23456101190476192 0.5704365079365079 0.018973214285714284 0.07076719576719577
2.0 0.48716517857142855 0.2873677248677249 0.01525297619047619 0.037698412698412696
10.0 0.14936755952380953 0.20932539682539683 0.010044642857142858 0.032407407407407406
1.0 0.18359375 0.3191137566137566 0.013764880952380952 0.03902116402116402
2.0 0.6482514880952381 0.267526455026455 0.010044642857142858 0.041666666666666664
10.0 0.17392113095238096 0.19808201058201058 0.009300595238095238 0.03505291005291005
5.0 0.4986979166666667 0.226521164021164 0.039806547619047616 0.04828042328042328
5.0 0.4923735119047619 0.19874338624338625 0.041294642857142856 0.0496031746031746
4.0 0.5816592261904762 0.2166005291005291 0.04724702380952381 0.04431216931216931
3.0 0.4693080357142857 0.40046296296296297 0.030133928571428572 0.03373015873015873
0.0 0.03273809523809524 0.5042989417989417 0.06547619047619048 0.19775132275132276
