4.0 0.47098214285714285 0.4156746031746032 0.08779761904761904 0.05886243386243386
4.0 0.6145833333333334 0.37533068783068785 0.06994047619047619 0.07208994708994709
4.0 0.1285342261904762 0.59755291005291 0.05766369047619048 0.1302910052910053
4.0 0.1832217261904762 0.4755291005291005 0.07477678571428571 0.08597883597883597
4.0 0.7658110119047619 0.25496031746031744 0.03757440476190476 0.046957671957671955
4.0 0.8158482142857143 0.18683862433862433 0.028273809523809524 0.037698412698412696
4.0 0.7862723214285714 0.21924603174603174 0.033854166666666664 0.041666666666666664
4.0 0.35249255952380953 0.49834656084656087 0.10602678571428571 0.09060846560846561
4.0 0.24609375 0.564484126984127 0.10453869047619048 0.11177248677248677
4.0 0.07291666666666667 0.7837301587301587 0.14583333333333334 0.17063492063492064
4.0 0.8411458333333334 0.1593915343915344 0.027529761904761904 0.03439153439153439
4.0 0.8967633928571429 0.09788359788359788 0.027157738095238096 0.03306878306878307
4.0 0.15997023809523808 0.2896825396825397 0.043154761904761904 0.05555555555555555
4.0 0.13523065476190477 0.24603174603174602 0.029389880952380952 0.04497354497354497
4.0 0.671875 0.2552910052910053 0.04017857142857143 0.05026455026455026
4.0 0.6997767857142857 0.267526455026455 0.03943452380952381 0.05357142857142857
10.0 0.38448660714285715 0.5241402116402116 0.030133928571428572 0.07208994708994709
1.0 0.11123511904761904 0.7923280423280423 0.028273809523809524 0.09656084656084656
1.0 0.13113839285714285 0.7658730158730159 0.025669642857142856 0.09259259259259259
1.0 0.15531994047619047 0.7533068783068783 0.025669642857142856 0.08597883597883597
10.0 0.80078125 0.25826719576719576 0.011532738095238096 0.031084656084656083
3.0 0.8063616071428571 0.26884920634920634 0.01525297619047619 0.04298941798941799
1.0 0.7790178571428571 0.5472883597883598 0.024553571428571428 0.07473544973544974
1.0 0.37779017857142855 0.5238095238095238 0.0234375 0.06481481481481481
10.0 0.8257068452380952 0.20965608465608465 0.012276785714285714 0.04497354497354497
3.0 0.41889880952380953 0.4851190476190476 0.018601190476190476 0.05886243386243386
2.0 0.41889880952380953 0.4695767195767196 0.018601190476190476 0.05423280423280423
3.0 0.3997395833333333 0.46064814814814814 0.02269345238095238 0.056216931216931214
2.0 0.4030877976190476 0.45006613756613756 0.013764880952380952 0.056216931216931214
10.0 0.05822172619047619 0.49272486772486773 0.0234375 0.05423280423280423
3.0 0.04241071428571429 0.4576719576719577 0.01636904761904762 0.05952380952380952
3.0 0.8400297619047619 0.7562830687830688 0.025297619047619048 0.08928571428571429
1.0 0.34263392857142855 0.9275793650793651 0.027529761904761904 0.0958994708994709
1.0 0.033482142857142856 0.6117724867724867 0.024553571428571428 0.09259259259259259
10.0 0.02808779761904762 0.43287037037037035 0.015997023809523808 0.0496031746031746
4.0 0.08928571428571429 0.41865079365079366 0.057291666666666664 0.08068783068783068
10.0 0.19903273809523808 0.3237433862433862 0.033482142857142856 0.046957671957671955
4.0 0.7260044642857143 0.23941798941798942 0.038318452380952384 0.05026455026455026
4.0 0.6995907738095238 0.22883597883597884 0.03236607142857143 0.04365079365079365
4.0 0.7449776785714286 0.2156084656084656 0.035342261904761904 0.05555555555555555
4.0 0.7273065476190477 0.20634920634920634 0.03422619047619048 0.03835978835978836
4.0 0.75 0.19973544973544974 0.03050595238095238 0.04365079365079365
4.0 0.7765997023809523 0.1960978835978836 0.030133928571428572 0.04034391534391534
4.0 0.7765997023809523 0.18551587301587302 0.02418154761904762 0.036375661375661374
4.0 0.7972470238095238 0.16468253968253968 0.025297619047619048 0.03968253968253968
4.0 0.7321428571428571 0.18981481481481483 0.03050595238095238 0.03835978835978836
3.0 0.8350074404761905 0.2156084656084656 0.018229166666666668 0.03968253968253968
1.0 0.8597470238095238 0.39384920634920634 0.01636904761904762 0.061507936507936505
1.0 0.7620907738095238 0.646494708994709 0.020461309523809524 0.08134920634920635
3.0 0.1917782738095238 0.44642857142857145 0.03757440476190476 0.03835978835978836
3.0 0.18880208333333334 0.42824074074074076 0.027157738095238096 0.032407407407407406
10.0 0.19773065476190477 0.669973544973545 0.030133928571428572 0.08068783068783068
2.0 0.41555059523809523 0.39451058201058203 0.015625 0.05357142857142857
2.0 0.41610863095238093 0.37533068783068785 0.014508928571428572 0.04828042328042328
3.0 0.42689732142857145 0.30224867724867727 0.027157738095238096 0.03306878306878307
3.0 0.5299479166666666 0.6061507936507936 0.02418154761904762 0.06415343915343916
3.0 0.49609375 0.6068121693121693 0.02269345238095238 0.06812169312169312
3.0 0.7116815476190477 0.6795634920634921 0.024553571428571428 0.08267195767195767
10.0 0.6197916666666666 0.6352513227513228 0.020833333333333332 0.07076719576719577
3.0 0.6372767857142857 0.7119708994708994 0.024553571428571428 0.08267195767195767
3.0 0.6603422619047619 0.7222222222222222 0.026041666666666668 0.0873015873015873
3.0 0.6530877976190477 0.8015873015873016 0.029389880952380952 0.09259259259259259
10.0 0.6075148809523809 0.8835978835978836 0.04538690476190476 0.09656084656084656
4.0 0.07273065476190477 0.34953703703703703 0.07626488095238096 0.06018518518518518
3.0 0.6638764880952381 0.8849206349206349 0.053943452380952384 0.09126984126984126
3.0 0.1949404761904762 0.8224206349206349 0.027529761904761904 0.09986772486772487
3.0 0.3444940476190476 0.4332010582010582 0.03422619047619048 0.03835978835978836
1.0 0.15959821428571427 0.373015873015873 0.021577380952380952 0.05423280423280423
10.0 0.17113095238095238 0.39880952380952384 0.010416666666666666 0.03835978835978836
3.0 0.5863095238095238 0.27380952380952384 0.015625 0.03306878306878307
4.0 0.060825892857142856 0.1712962962962963 0.026413690476190476 0.04365079365079365
3.0 0.7057291666666666 0.373015873015873 0.03050595238095238 0.03835978835978836
1.0 0.21465773809523808 0.22685185185185186 0.010416666666666666 0.04497354497354497
3.0 0.5673363095238095 0.29365079365079366 0.023065476190476192 0.0291005291005291
10.0 0.09877232142857142 0.26091269841269843 0.012276785714285714 0.04298941798941799
10.0 0.061755952380952384 0.26355820105820105 0.01488095238095238 0.04431216931216931
2.0 0.4953497023809524 0.5968915343915344 0.020461309523809524 0.06283068783068783
2.0 0.5308779761904762 0.5965608465608465 0.024553571428571428 0.06084656084656084
2.0 0.7127976190476191 0.6666666666666666 0.021577380952380952 0.06878306878306878
2.0 0.6207217261904762 0.6259920634920635 0.019717261904761904 0.056216931216931214
2.0 0.6370907738095238 0.6967592592592593 0.025669642857142856 0.06547619047619048
2.0 0.6609002976190477 0.7166005291005291 0.02194940476190476 0.08134920634920635
2.0 0.6556919642857143 0.7916666666666666 0.025669642857142856 0.07804232804232804
1.0 0.86328125 0.5886243386243386 0.02194940476190476 0.08862433862433862
2.0 0.6177455357142857 0.8779761904761905 0.028645833333333332 0.10515873015873016
2.0 0.6702008928571429 0.8687169312169312 0.030877976190476192 0.08928571428571429
2.0 0.7047991071428571 0.36177248677248675 0.017485119047619048 0.04497354497354497
2.0 0.19642857142857142 0.8019179894179894 0.025297619047619048 0.10251322751322751
2.0 0.8145461309523809 0.2013888888888889 0.009300595238095238 0.03373015873015873
1.0 0.8573288690476191 0.22321428571428573 0.012276785714285714 0.036375661375661374
1.0 0.8684895833333334 0.2509920634920635 0.010044642857142858 0.04828042328042328
1.0 0.87890625 0.2681878306878307 0.01525297619047619 0.037698412698412696
4.0 0.8915550595238095 0.23974867724867724 0.027901785714285716 0.041666666666666664
1.0 0.8212425595238095 0.5744047619047619 0.02269345238095238 0.08796296296296297
2.0 0.8015252976190477 0.25165343915343913 0.011532738095238096 0.03373015873015873
2.0 0.8069196428571429 0.2628968253968254 0.011160714285714286 0.031084656084656083
2.0 0.022507440476190476 0.42294973544973546 0.017485119047619048 0.057539682539682536
2.0 0.3443080357142857 0.41798941798941797 0.016741071428571428 0.05026455026455026
4.0 0.8655133928571429 0.20403439153439154 0.029389880952380952 0.037698412698412696
2.0 0.04296875 0.44742063492063494 0.019717261904761904 0.052248677248677246
2.0 0.054873511904761904 0.48313492063492064 0.014508928571428572 0.06018518518518518
2.0 0.19996279761904762 0.6531084656084656 0.02418154761904762 0.07076719576719577
2.0 0.4283854166666667 0.28869047619047616 0.01525297619047619 0.037698412698412696
2.0 0.5690104166666666 0.2787698412698413 0.011532738095238096 0.03373015873015873
10.0 0.07570684523809523 0.26421957671957674 0.013020833333333334 0.041666666666666664
1.0 0.16573660714285715 0.38062169312169314 0.013764880952380952 0.03902116402116402
2.0 0.5827752976190477 0.267526455026455 0.010044642857142858 0.041666666666666664
10.0 0.06603422619047619 0.29662698412698413 0.014508928571428572 0.04034391534391534
5.0 0.4376860119047619 0.22916666666666666 0.039806547619047616 0.04828042328042328
5.0 0.4283854166666667 0.19874338624338625 0.041294642857142856 0.0496031746031746
4.0 0.5210193452380952 0.2166005291005291 0.04724702380952381 0.04431216931216931
3.0 0.41685267857142855 0.40575396825396826 0.030133928571428572 0.03373015873015873
