4.0 0.010602678571428572 0.8855820105820106 0.021205357142857144 0.09788359788359788
4.0 0.32124255952380953 0.3888888888888889 0.07998511904761904 0.05952380952380952
4.0 0.48604910714285715 0.4150132275132275 0.0859375 0.07738095238095238
4.0 0.19680059523809523 0.533068783068783 0.057291666666666664 0.10714285714285714
4.0 0.24293154761904762 0.4583333333333333 0.07291666666666667 0.0873015873015873
4.0 0.7336309523809523 0.3478835978835979 0.060267857142857144 0.05952380952380952
4.0 0.8456101190476191 0.24801587301587302 0.033482142857142856 0.04365079365079365
4.0 0.7903645833333334 0.2962962962962963 0.04352678571428571 0.05423280423280423
4.0 0.40848214285714285 0.49206349206349204 0.10193452380952381 0.08597883597883597
4.0 0.30673363095238093 0.5482804232804233 0.1015625 0.10185185185185185
4.0 0.2661830357142857 0.6531084656084656 0.12686011904761904 0.13161375661375663
4.0 0.8699776785714286 0.21031746031746032 0.03311011904761905 0.041005291005291
4.0 0.9401041666666666 0.14186507936507936 0.027529761904761904 0.037698412698412696
4.0 0.22340029761904762 0.27744708994708994 0.04055059523809524 0.05357142857142857
4.0 0.20219494047619047 0.23743386243386244 0.029389880952380952 0.04497354497354497
4.0 0.7332589285714286 0.26256613756613756 0.04017857142857143 0.05026455026455026
4.0 0.7650669642857143 0.2748015873015873 0.04055059523809524 0.04828042328042328
10.0 0.41908482142857145 0.5555555555555556 0.027901785714285716 0.07671957671957672
1.0 0.23251488095238096 0.7784391534391535 0.025297619047619048 0.09656084656084656
1.0 0.24683779761904762 0.7658730158730159 0.026413690476190476 0.10185185185185185
1.0 0.24739583333333334 0.7466931216931217 0.025297619047619048 0.10185185185185185
10.0 0.8335193452380952 0.34755291005291006 0.012276785714285714 0.041666666666666664
3.0 0.8524925595238095 0.3425925925925926 0.017485119047619048 0.04497354497354497
1.0 0.8251488095238095 0.6154100529100529 0.024553571428571428 0.08267195767195767
1.0 0.42094494047619047 0.5499338624338624 0.0234375 0.06415343915343916
3.0 0.8891369047619048 0.30224867724867727 0.013392857142857142 0.04497354497354497
10.0 0.8738839285714286 0.2691798941798942 0.012648809523809524 0.04497354497354497
3.0 0.45424107142857145 0.5383597883597884 0.018601190476190476 0.05952380952380952
2.0 0.4538690476190476 0.5218253968253969 0.018601190476190476 0.05423280423280423
3.0 0.4739583333333333 0.49603174603174605 0.024553571428571428 0.06613756613756613
2.0 0.47042410714285715 0.4966931216931217 0.019717261904761904 0.05952380952380952
10.0 0.14527529761904762 0.5512566137566137 0.030133928571428572 0.06812169312169312
3.0 0.13913690476190477 0.5165343915343915 0.01636904761904762 0.05952380952380952
3.0 0.9058779761904762 0.7860449735449735 0.025297619047619048 0.08928571428571429
1.0 0.3478422619047619 0.8154761904761905 0.022321428571428572 0.0873015873015873
10.0 0.13895089285714285 0.8025793650793651 0.021205357142857144 0.05886243386243386
2.0 0.13374255952380953 0.7628968253968254 0.025669642857142856 0.06944444444444445
1.0 0.08426339285714286 0.5701058201058201 0.02418154761904762 0.08068783068783068
10.0 0.09449404761904762 0.4444444444444444 0.028273809523809524 0.05026455026455026
4.0 0.11662946428571429 0.3439153439153439 0.06436011904761904 0.06481481481481481
10.0 0.3619791666666667 0.3396164021164021 0.033482142857142856 0.046957671957671955
4.0 0.7907366071428571 0.24735449735449735 0.038318452380952384 0.05026455026455026
4.0 0.7646949404761905 0.23511904761904762 0.041294642857142856 0.04298941798941799
4.0 0.8126860119047619 0.22420634920634921 0.035342261904761904 0.05555555555555555
4.0 0.7860863095238095 0.210978835978836 0.03422619047619048 0.03835978835978836
4.0 0.8299851190476191 0.20932539682539683 0.03050595238095238 0.04298941798941799
4.0 0.8084077380952381 0.2027116402116402 0.03050595238095238 0.04034391534391534
4.0 0.8467261904761905 0.1927910052910053 0.027529761904761904 0.04034391534391534
4.0 0.8688616071428571 0.17427248677248677 0.030133928571428572 0.04034391534391534
4.0 0.8240327380952381 0.1832010582010582 0.03050595238095238 0.03835978835978836
3.0 0.8919270833333334 0.2533068783068783 0.018229166666666668 0.03968253968253968
1.0 0.9304315476190477 0.40906084656084657 0.01636904761904762 0.061507936507936505
1.0 0.8580729166666666 0.5889550264550265 0.020461309523809524 0.07341269841269842
3.0 0.3234747023809524 0.45072751322751325 0.03757440476190476 0.037698412698412696
3.0 0.3208705357142857 0.435515873015873 0.027157738095238096 0.032407407407407406
10.0 0.22805059523809523 0.5912698412698413 0.025297619047619048 0.0701058201058201
2.0 0.4642857142857143 0.3845899470899471 0.015625 0.05357142857142857
2.0 0.47302827380952384 0.373015873015873 0.014508928571428572 0.04894179894179894
3.0 0.4856770833333333 0.30092592592592593 0.027157738095238096 0.03306878306878307
3.0 0.6889880952380952 0.7827380952380952 0.04389880952380952 0.08664021164021164
3.0 0.6495535714285714 0.7771164021164021 0.03720238095238095 0.0873015873015873
3.0 0.6921502976190477 0.9252645502645502 0.03311011904761905 0.09656084656084656
10.0 0.5652901785714286 0.8505291005291006 0.030133928571428572 0.0873015873015873
3.0 0.6156994047619048 0.8736772486772487 0.02976190476190476 0.08597883597883597
3.0 0.6337425595238095 0.9130291005291006 0.035342261904761904 0.08796296296296297
4.0 0.03962053571428571 0.31183862433862436 0.07626488095238096 0.05357142857142857
3.0 0.27194940476190477 0.41104497354497355 0.03050595238095238 0.037698412698412696
1.0 0.27845982142857145 0.3544973544973545 0.013764880952380952 0.05423280423280423
3.0 0.09486607142857142 0.5373677248677249 0.024553571428571428 0.052248677248677246
10.0 0.19456845238095238 0.3406084656084656 0.015625 0.037037037037037035
3.0 0.6456473214285714 0.2781084656084656 0.016741071428571428 0.03373015873015873
4.0 0.13151041666666666 0.15773809523809523 0.02269345238095238 0.04431216931216931
3.0 0.6313244047619048 0.37367724867724866 0.03050595238095238 0.03835978835978836
1.0 0.29055059523809523 0.2328042328042328 0.00744047619047619 0.03835978835978836
10.0 0.15941220238095238 0.2046957671957672 0.010788690476190476 0.037698412698412696
10.0 0.13597470238095238 0.21395502645502645 0.013020833333333334 0.03902116402116402
2.0 0.6482514880952381 0.7619047619047619 0.029389880952380952 0.07142857142857142
2.0 0.6854538690476191 0.7619047619047619 0.026413690476190476 0.06481481481481481
2.0 0.6917782738095238 0.9050925925925926 0.028645833333333332 0.08267195767195767
2.0 0.5660342261904762 0.8323412698412699 0.025669642857142856 0.07341269841269842
2.0 0.6190476190476191 0.8525132275132276 0.026785714285714284 0.0701058201058201
2.0 0.6369047619047619 0.8912037037037037 0.024553571428571428 0.08134920634920635
1.0 0.9428943452380952 0.5608465608465608 0.02194940476190476 0.08862433862433862
2.0 0.6322544642857143 0.36044973544973546 0.017485119047619048 0.04497354497354497
2.0 0.8748139880952381 0.2595899470899471 0.009300595238095238 0.03373015873015873
2.0 0.8893229166666666 0.2986111111111111 0.011532738095238096 0.037698412698412696
1.0 0.9568452380952381 0.31746031746031744 0.012648809523809524 0.04365079365079365
1.0 0.9536830357142857 0.30853174603174605 0.013764880952380952 0.046957671957671955
1.0 0.9402901785714286 0.2622354497354497 0.012276785714285714 0.04431216931216931
1.0 0.9302455357142857 0.2718253968253968 0.010044642857142858 0.047619047619047616
1.0 0.9343377976190477 0.2919973544973545 0.01525297619047619 0.041666666666666664
4.0 0.9711681547619048 0.2542989417989418 0.027901785714285716 0.041666666666666664
1.0 0.8878348214285714 0.59755291005291 0.02269345238095238 0.08796296296296297
2.0 0.8335193452380952 0.3382936507936508 0.011532738095238096 0.03902116402116402
2.0 0.8524925595238095 0.33101851851851855 0.014508928571428572 0.036375661375661374
2.0 0.09170386904761904 0.43617724867724866 0.017485119047619048 0.06283068783068783
2.0 0.26953125 0.398478835978836 0.016741071428571428 0.046957671957671955
4.0 0.9417782738095238 0.21461640211640212 0.03162202380952381 0.037698412698412696
2.0 0.13783482142857142 0.5082671957671958 0.019717261904761904 0.06283068783068783
2.0 0.1402529761904762 0.5472883597883598 0.021577380952380952 0.06018518518518518
2.0 0.09188988095238096 0.513558201058201 0.018601190476190476 0.056216931216931214
2.0 0.22972470238095238 0.5823412698412699 0.018973214285714284 0.07076719576719577
2.0 0.48604910714285715 0.2873677248677249 0.01525297619047619 0.037698412698412696
10.0 0.14713541666666666 0.2166005291005291 0.010044642857142858 0.032407407407407406
1.0 0.19289434523809523 0.32771164021164023 0.013764880952380952 0.03902116402116402
2.0 0.6467633928571429 0.2701719576719577 0.010044642857142858 0.041666666666666664
10.0 0.17057291666666666 0.21197089947089948 0.009300595238095238 0.03505291005291005
5.0 0.49572172619047616 0.22718253968253968 0.039806547619047616 0.04828042328042328
5.0 0.48790922619047616 0.19940476190476192 0.041294642857142856 0.0496031746031746
4.0 0.5745907738095238 0.2166005291005291 0.04724702380952381 0.04431216931216931
3.0 0.46670386904761907 0.40244708994708994 0.030133928571428572 0.03373015873015873
0.0 0.02808779761904762 0.5009920634920635 0.05617559523809524 0.19775132275132276
