11 383 247 6 15
10 85 263 41 8
10 145 307 8 48
10 135 306 8 47
10 126 305 7 47
10 116 305 8 47
10 83 323 32 8
10 82 305 38 8
10 74 294 40 8
10 84 253 45 8
10 164 306 8 46
10 84 243 45 7
10 84 232 32 7
10 86 221 36 8
10 85 211 41 9
10 91 200 42 9
10 87 191 47 8
10 85 181 40 9
10 154 306 8 48
10 173 307 8 47
10 302 116 37 7
10 272 308 7 47
11 308 88 19 8
11 288 88 14 7
10 304 75 36 7
10 305 63 37 9
10 305 51 41 8
10 296 41 60 7
10 232 170 39 11
10 263 308 8 48
10 181 306 8 47
10 254 307 7 47
10 245 308 8 48
10 228 307 7 47
10 219 308 8 48
10 210 307 8 49
10 201 307 10 48
10 190 306 8 49
10 93 170 36 8
