11 328 118 2 1
11 295 338 3 3
10 208 254 6 9
11 219 256 3 3
10 187 108 6 9
10 190 105 5 8
10 196 106 8 12
10 206 100 8 11
10 245 76 9 12
11 222 60 2 3
10 222 72 19 13
10 260 50 5 7
11 168 77 4 3
11 255 31 5 4
11 251 45 3 4
11 258 40 3 4
11 297 338 3 3
11 325 111 4 1
11 299 336 3 4
10 285 222 13 9
11 284 90 4 3
11 292 89 3 3
11 286 93 4 3
11 294 107 4 3
11 300 116 3 3
11 316 97 3 4
11 271 23 3 2
11 272 25 3 2
11 272 27 3 3
11 278 34 4 3
11 278 36 3 2
11 279 38 3 2
10 205 254 6 9
10 202 254 6 9
10 200 256 6 9
10 202 266 6 8
10 98 259 7 4
10 101 257 8 4
10 104 255 7 4
10 108 253 6 3
10 110 251 8 3
10 114 249 8 4
10 117 247 8 4
10 120 245 7 3
10 123 243 8 3
10 126 241 8 3
11 113 152 5 4
11 112 150 6 4
10 136 137 7 5
10 135 135 9 6
10 138 140 7 5
10 140 141 6 4
10 141 143 6 4
10 107 117 4 5
10 110 117 4 6
11 233 377 3 3
10 169 275 6 7
10 171 274 5 7
10 174 274 6 9
10 179 269 6 8
10 181 267 6 8
10 184 266 6 8
10 186 264 6 8
10 189 263 6 8
10 197 269 6 9
11 280 39 3 2
11 281 41 3 2
11 282 43 3 2
11 288 52 4 3
11 289 54 3 3
11 293 52 3 2
11 296 49 4 3
11 295 48 3 2
11 294 53 3 3
11 290 56 3 2
11 299 45 4 3
11 297 51 4 3
11 291 57 3 3
11 292 59 3 3
11 299 52 3 2
11 295 55 3 2
11 295 62 3 2
11 294 61 3 3
11 295 65 3 2
11 298 68 3 3
11 296 66 3 2
11 299 62 4 3
11 342 156 4 3
11 345 162 3 2
11 347 164 4 3
11 347 166 3 3
11 349 167 3 3
11 350 169 4 3
11 351 171 4 3
11 350 151 3 3
11 352 153 4 3
11 354 157 4 3
11 355 159 3 2
11 292 50 4 3
11 287 50 3 2
11 283 44 3 2
11 291 48 3 2
11 282 34 3 2
11 283 35 3 3
11 283 37 3 3
11 285 39 3 2
11 286 33 3 3
11 287 35 3 3
11 288 36 3 2
11 292 34 3 3
11 286 40 3 3
11 287 42 3 3
11 290 38 4 3
11 290 41 3 2
11 294 36 3 2
11 297 36 3 2
11 284 46 3 2
11 286 47 3 2
11 286 49 4 3
11 288 44 3 3
11 289 45 3 3
11 290 47 3 2
11 291 42 3 2
11 293 44 3 3
11 294 38 3 3
11 295 40 3 3
11 296 41 3 2
11 298 38 3 2
11 300 39 3 3
11 293 45 3 3
11 294 46 3 3
10 92 260 8 5
