15 168 203 6 5
15 133 323 5 3
15 98 326 5 3
15 101 322 6 4
15 108 326 7 3
15 110 322 6 4
15 165 329 6 3
15 173 325 5 4
15 153 329 6 4
15 152 324 5 4
15 128 327 4 3
15 141 323 6 4
15 90 326 6 4
15 165 284 4 4
15 155 289 5 4
15 144 284 5 4
15 121 288 5 3
15 110 287 5 3
15 92 286 6 3
15 100 286 6 3
15 105 280 3 5
15 120 282 4 4
15 90 320 4 3
15 69 318 4 3
15 73 245 5 3
15 124 394 6 4
15 216 399 6 5
15 205 398 6 3
15 193 399 4 4
15 182 397 5 5
15 170 396 7 4
15 158 396 5 4
15 143 396 5 3
15 87 391 5 3
15 101 392 4 3
15 171 364 5 4
15 69 324 6 4
15 153 367 5 3
15 142 367 5 3
15 137 363 5 3
15 130 366 5 3
15 128 362 5 3
15 117 365 5 3
15 97 365 5 3
15 88 365 6 3
15 88 361 5 2
15 113 282 6 4
15 95 241 4 2
15 134 283 9 5
15 169 170 5 3
15 214 135 5 6
15 215 109 2 4
15 218 89 3 5
15 217 79 4 3
15 216 62 6 4
15 179 66 2 5
15 178 85 5 4
15 143 84 2 4
15 110 96 6 6
15 157 167 7 7
15 95 205 5 2
15 178 173 3 6
15 147 168 5 2
15 109 168 5 3
15 101 164 3 5
15 107 151 4 5
15 160 140 5 3
15 140 143 6 3
15 170 95 4 4
15 79 97 5 5
15 92 201 6 3
15 106 200 4 3
15 105 242 5 4
15 123 242 5 3
15 122 249 3 6
15 112 247 5 3
15 176 253 3 5
15 177 246 5 4
15 169 242 4 3
15 155 249 4 4
15 149 248 5 3
15 148 244 6 3
15 137 241 4 4
15 114 241 6 3
15 116 202 7 3
15 126 206 6 3
15 136 207 4 2
15 147 208 5 3
15 161 211 3 7
15 183 204 5 3
15 161 202 5 3
15 148 204 5 2
15 139 203 4 2
15 128 202 4 2
15 238 400 7 3
15 274 401 8 4
15 302 409 5 6
15 208 272 3 5
15 259 324 4 5
15 255 320 2 6
15 204 323 5 6
15 213 316 7 5
15 228 320 3 6
15 225 310 5 7
15 215 305 6 4
15 206 295 2 7
15 206 281 2 5
15 215 272 6 7
15 284 314 7 4
15 222 266 6 4
15 252 261 6 5
15 268 271 4 5
15 252 270 5 3
15 241 267 3 5
15 312 263 3 6
15 301 260 2 6
15 298 271 5 5
15 287 271 5 4
15 242 317 5 3
15 287 321 2 5
15 289 372 5 3
15 280 362 6 4
15 152 364 6 3
15 160 363 5 2
15 209 351 3 7
15 207 250 6 6
15 214 248 3 7
15 209 236 5 6
15 300 159 3 5
15 299 374 5 8
15 281 371 5 3
15 237 370 6 4
15 296 315 5 5
15 211 372 6 4
15 344 152 5 4
15 299 170 6 5
15 307 175 6 4
15 340 268 2 3
15 337 274 7 7
15 336 292 6 5
15 204 337 4 6
15 304 311 4 5
15 274 271 6 5
15 265 260 5 6
15 310 223 4 3
15 252 65 5 2
15 300 129 2 6
15 300 120 3 5
15 303 110 2 5
15 257 115 3 5
15 264 107 3 7
15 256 98 5 3
15 223 90 4 6
15 298 68 5 4
15 277 66 5 4
15 239 64 5 2
15 302 222 9 5
15 267 66 2 4
15 202 360 3 3
15 218 362 5 5
15 225 370 3 4
15 248 360 5 3
15 250 371 5 5
15 260 360 5 4
15 299 365 5 6
15 290 363 7 3
15 314 102 4 6
15 313 68 4 5
15 301 138 4 5
15 254 140 4 5
15 299 212 5 3
15 293 210 2 5
15 272 209 1 4
15 256 206 5 4
15 248 209 3 3
15 233 217 5 4
15 210 229 3 4
15 216 220 4 7
15 211 208 5 4
15 206 206 3 6
15 212 175 3 4
15 220 175 6 2
15 257 180 5 5
15 262 172 3 4
15 263 161 5 5
15 211 124 4 6
15 213 159 3 5
15 223 149 3 4
15 255 155 6 3
15 114 84 6 3
