0 0.27884615384615385 0.33653846153846156 0.013479359730412806 0.027801179443976413
0 0.5985576923076923 0.7884615384615384 0.030328559393428815 0.02190395956192081
0 0.20432692307692307 0.44471153846153844 0.014321819713563607 0.031171019376579616
0 0.1658653846153846 0.4254807692307692 0.016006739679865208 0.028643639427127214
0 0.22115384615384615 0.44711538461538464 0.013479359730412806 0.026116259477674812
0 0.24278846153846154 0.4567307692307692 0.013479359730412806 0.02358887952822241
0 0.25961538461538464 0.46153846153846156 0.010951979780960405 0.02190395956192081
0 0.3269230769230769 0.9471153846153846 0.01937657961246841 0.02274641954507161
0 0.3581730769230769 0.8894230769230769 0.020219039595619208 0.028643639427127214
0 0.375 0.8557692307692307 0.02443133951137321 0.027801179443976413
0 0.4014423076923077 0.8100961538461539 0.018534119629317607 0.026116259477674812
0 0.6418269230769231 0.7427884615384616 0.026958719460825613 0.02527379949452401
0 0.6177884615384616 0.8076923076923077 0.020219039595619208 0.027801179443976413
0 0.6778846153846154 0.7283653846153846 0.026958719460825613 0.01684919966301601
0 0.2620192307692308 0.3293269230769231 0.011794439764111205 0.027801179443976413
0 0.7139423076923077 0.7235576923076923 0.029486099410278015 0.01937657961246841
0 0.7091346153846154 0.78125 0.027801179443976413 0.010951979780960405
0 0.6971153846153846 0.6153846153846154 0.02527379949452401 0.026958719460825613
0 0.6514423076923077 0.3245192307692308 0.027801179443976413 0.02527379949452401
0 0.6682692307692307 0.28846153846153844 0.02274641954507161 0.02274641954507161
0 0.6947115384615384 0.20673076923076922 0.02274641954507161 0.028643639427127214
0 0.71875 0.15144230769230768 0.02106149957877001 0.026116259477674812
0 0.75 0.07932692307692307 0.020219039595619208 0.027801179443976413
0 0.8293269230769231 0.125 0.01937657961246841 0.030328559393428815
0 0.19471153846153846 0.3004807692307692 0.010109519797809604 0.02274641954507161
0 0.24278846153846154 0.32211538461538464 0.013479359730412806 0.028643639427127214
0 0.5721153846153846 0.5048076923076923 0.3942712721145746 0.43302443133951135
