14 186 209 21 30
11 173 151 1 0
11 173 150 1 0
11 173 149 1 0
11 173 148 1 0
11 173 148 1 0
11 173 147 1 0
11 173 146 1 0
11 173 146 1 0
11 173 145 1 0
11 173 144 1 0
11 170 144 1 0
11 170 141 1 0
11 173 141 1 0
11 173 140 1 0
11 172 156 1 0
11 172 157 1 0
11 172 158 1 0
11 172 160 1 0
11 172 166 1 0
11 172 164 1 0
11 173 150 1 0
11 173 152 1 0
10 172 162 1 0
11 170 145 1 0
11 276 266 0 1
11 275 266 0 1
11 274 266 0 1
11 273 266 0 1
11 272 266 0 1
11 275 264 0 1
11 274 264 0 1
11 273 264 0 1
11 273 261 0 1
11 272 264 0 1
11 272 261 0 1
11 272 261 0 1
11 271 261 0 1
11 274 260 0 1
11 273 260 0 1
11 274 260 0 1
11 170 148 1 0
11 170 147 1 0
11 170 147 1 0
10 172 163 1 0
10 172 161 1 0
11 273 267 0 1
11 86 150 0 1
11 83 246 0 1
11 68 258 0 1
10 88 254 0 3
11 70 268 0 1
13 76 286 14 15
11 81 321 0 1
11 65 339 0 1
11 67 353 0 1
11 53 48 0 1
11 52 49 0 0
11 51 49 0 1
10 49 49 1 1
11 49 48 1 1
11 48 46 1 1
11 48 47 0 1
11 47 45 1 1
10 47 44 2 2
10 46 43 2 1
11 43 40 1 0
11 82 250 0 1
11 86 143 0 1
10 169 163 1 0
11 53 48 1 1
10 169 162 1 0
10 169 160 1 0
14 123 138 14 9
11 138 122 0 0
11 141 119 1 0
11 138 119 1 0
11 117 120 1 0
11 142 101 0 1
11 141 101 0 1
11 140 101 0 1
11 143 104 0 0
11 142 104 1 0
11 140 104 1 0
11 117 101 1 0
11 114 74 1 1
11 99 84 1 1
11 124 56 1 1
10 125 55 1 2
11 54 48 0 1
11 272 267 0 1
11 274 268 0 1
13 82 109 32 32
11 261 166 1 0
11 253 166 1 0
11 253 164 1 0
11 253 163 1 0
11 278 148 0 1
11 275 127 0 1
11 273 127 0 1
11 272 127 0 1
11 271 127 0 1
11 270 127 0 1
11 269 127 0 1
11 268 126 0 1
11 267 126 0 1
11 272 124 1 0
11 271 123 1 0
11 269 124 1 0
11 266 123 1 0
11 265 123 1 0
11 263 123 1 0
11 256 123 1 0
11 256 163 1 0
11 253 158 1 0
11 251 123 1 0
10 301 93 0 1
14 188 157 21 31
14 213 156 21 30
14 238 159 21 30
14 211 212 17 24
14 237 213 21 30
14 163 271 21 31
13 303 117 32 31
13 402 167 3 3
11 398 204 1 1
11 390 220 0 1
11 390 225 0 1
11 391 229 1 1
11 395 235 1 1
11 401 240 1 1
13 359 168 8 8
11 298 136 1 0
11 297 135 1 0
11 288 130 1 1
10 303 136 1 0
11 255 123 1 0
10 254 179 1 1
11 275 268 0 1
11 261 260 1 0
11 261 259 1 0
11 261 258 1 0
11 261 257 1 0
11 262 256 1 0
11 261 256 1 0
11 262 255 1 0
11 262 254 1 0
11 262 253 1 0
11 262 251 1 0
11 262 279 0 1
11 266 278 0 1
11 265 278 0 1
11 264 278 0 1
11 263 278 0 1
11 263 278 0 1
13 259 271 6 7
11 274 274 0 1
11 277 268 0 1
11 276 268 0 1
11 261 260 1 0
11 262 262 1 0
11 268 261 0 1
11 262 262 1 0
11 267 260 0 1
11 267 261 0 1
11 266 261 0 1
11 266 261 0 1
11 265 261 0 1
11 264 261 0 1
11 268 259 0 1
11 268 259 0 1
11 267 259 0 1
11 266 259 0 1
11 266 259 0 1
11 265 259 0 1
11 264 259 0 1
11 268 257 0 1
11 267 256 0 1
11 266 256 0 1
11 265 256 0 1
11 264 256 0 1
11 264 255 0 1
11 43 40 1 0
