0 0.6586538461538461 0.02403846153846154 0.05157232704402515 0.02893081761006289
0 0.6514423076923077 0.05048076923076923 0.05534591194968553 0.02893081761006289
0 0.3269230769230769 0.59375 0.10440251572327043 0.21761006289308177
0 0.4735576923076923 0.5961538461538461 0.10691823899371068 0.21886792452830187
0 0.6201923076923077 0.6009615384615384 0.10440251572327043 0.21886792452830187
0 0.7668269230769231 0.6033653846153846 0.10566037735849056 0.21761006289308177
0 0.7764423076923077 0.2548076923076923 0.1031446540880503 0.21635220125786161
0 0.6298076923076923 0.25240384615384615 0.10817610062893081 0.21635220125786161
0 0.4831730769230769 0.25 0.10566037735849056 0.21886792452830187
0 0.33413461538461536 0.24759615384615385 0.10691823899371068 0.21635220125786161
