11 260 300 5 2
1 380 202 10 11
1 266 305 11 7
1 127 153 9 9
1 161 170 11 11
1 404 175 10 10
1 397 174 9 9
1 398 182 10 11
1 385 188 9 10
1 379 194 9 10
1 266 259 11 11
1 373 202 9 9
1 373 210 11 11
1 387 267 7 9
1 299 283 9 10
1 303 280 9 10
1 305 276 9 9
1 311 269 8 9
1 268 268 10 10
1 230 273 9 9
1 317 261 9 9
1 193 196 10 10
1 41 253 10 10
1 49 245 9 9
1 57 236 9 9
1 66 227 9 9
1 74 216 9 9
1 182 187 11 11
1 184 195 10 10
1 194 204 10 10
1 247 250 11 10
1 203 205 10 9
1 205 213 10 10
1 214 214 10 10
1 215 223 10 10
1 226 232 10 10
1 237 229 10 11
1 245 241 10 10
1 315 266 9 10
1 323 254 9 10
11 223 266 3 4
11 104 266 4 4
10 356 268 4 4
10 360 286 4 4
10 368 278 3 4
10 357 289 4 4
10 348 279 5 4
11 347 281 4 4
11 109 260 5 4
11 98 273 4 4
10 71 138 5 6
11 179 255 4 4
11 181 256 3 4
11 185 260 3 3
11 169 220 4 4
11 160 213 3 4
10 162 215 5 5
10 166 218 5 6
10 358 269 3 4
11 386 273 4 3
1 328 251 9 10
11 232 140 4 4
1 336 239 9 10
1 340 237 9 10
1 346 202 9 9
1 352 194 9 10
1 380 164 10 10
1 373 172 9 10
11 232 135 3 3
11 210 176 4 4
11 358 287 4 4
1 241 205 9 7
1 255 217 6 6
11 270 192 4 4
11 359 271 4 4
11 350 277 4 4
11 346 282 4 4
11 353 292 4 4
1 32 264 13 13
