1 150 310 11 11
1 264 215 10 9
1 289 210 11 9
1 293 200 11 9
1 281 203 11 9
1 268 206 11 10
1 256 208 11 9
1 247 173 11 10
1 255 179 11 9
1 294 171 11 9
1 273 167 10 8
1 298 161 11 9
1 283 135 10 9
1 271 138 10 8
1 258 142 9 8
1 233 147 11 9
12 176 134 13 11
1 76 209 10 9
1 127 195 17 15
1 276 212 11 10
1 314 203 10 9
1 176 305 10 9
1 327 201 11 9
1 239 291 10 8
1 284 278 11 10
1 319 165 11 9
1 344 159 11 10
1 336 152 11 8
1 347 121 9 9
1 334 123 11 9
1 271 251 12 10
1 277 241 11 9
1 297 246 11 9
1 302 236 11 10
1 310 242 10 10
1 323 240 10 8
1 327 230 11 9
1 340 227 11 10
1 344 189 11 10
1 332 191 12 10
1 93 203 11 9
