0 0.39903846153846156 0.8822115384615384 0.031718061674008806 0.03436123348017621
0 0.25 0.11298076923076923 0.030837004405286344 0.022026431718061675
0 0.34134615384615385 0.49759615384615385 0.173568281938326 0.186784140969163
0 0.4206730769230769 0.5600961538461539 0.173568281938326 0.18766519823788547
0 0.5 0.625 0.1726872246696035 0.186784140969163
0 0.5769230769230769 0.6875 0.1709251101321586 0.18502202643171806
0 0.65625 0.7524038461538461 0.1726872246696035 0.186784140969163
0 0.8509615384615384 0.25961538461538464 0.44669603524229073 0.373568281938326
0 0.25 0.1346153846153846 0.04140969162995594 0.02907488986784141
0 0.16346153846153846 0.8677884615384616 0.03436123348017621 0.03524229074889868
0 0.22596153846153846 0.18990384615384615 0.03788546255506608 0.03259911894273128
0 0.06971153846153846 0.5072115384615384 0.031718061674008806 0.03788546255506608
0 0.11538461538461539 0.71875 0.03259911894273128 0.03524229074889868
0 0.13221153846153846 0.7283653846153846 0.02907488986784141 0.03700440528634361
0 0.1875 0.6947115384615384 0.029955947136563875 0.03524229074889868
0 0.16105769230769232 0.7980769230769231 0.03700440528634361 0.03612334801762114
0 0.24278846153846154 0.40865384615384615 0.19911894273127753 0.20881057268722467
