0 0.7956730769230769 0.6778846153846154 0.04961411245865491 0.02205071664829107
0 0.7668269230769231 0.5024038461538461 0.10915104740904079 0.2094818081587652
0 0.47115384615384615 0.21153846153846154 0.11025358324145536 0.2094818081587652
0 0.59375 0.20192307692307693 0.10694597574421169 0.21058434399117973
0 0.21394230769230768 0.5384615384615384 0.10915104740904079 0.20837927232635062
0 0.3485576923076923 0.5288461538461539 0.11025358324145536 0.20727673649393605
0 0.49038461538461536 0.5192307692307693 0.10694597574421169 0.2094818081587652
0 0.6322115384615384 0.5096153846153846 0.10804851157662625 0.20727673649393605
0 0.03365384615384615 0.8557692307692307 0.02205071664829107 0.04630650496141125
0 0.7740384615384616 0.8221153846153846 0.04189636163175303 0.02756339581036384
0 0.08173076923076923 0.9302884615384616 0.0452039691289967 0.02205071664829107
0 0.6177884615384616 0.8990384615384616 0.04299889746416759 0.03528114663726571
0 0.7043269230769231 0.8509615384615384 0.039691289966923934 0.028665931642778395
0 0.6634615384615384 0.8725961538461539 0.04410143329658214 0.0330760749724366
0 0.5649038461538461 0.9326923076923077 0.0452039691289967 0.03528114663726571
0 0.9206730769230769 0.7932692307692307 0.04410143329658214 0.023153252480705624
0 0.34615384615384615 0.21875 0.10804851157662625 0.21058434399117973
