3 375 32 7 7
2 190 66 5 2
2 225 102 5 2
2 217 106 6 2
2 217 109 5 2
2 225 107 6 2
2 218 111 5 2
2 217 114 6 2
2 226 113 6 2
2 227 122 8 2
2 215 122 9 3
2 191 58 4 1
2 190 64 4 2
2 190 68 4 2
2 226 97 6 2
2 190 72 5 2
2 190 74 4 1
2 190 77 4 2
2 190 81 4 2
2 190 83 4 2
2 189 86 5 2
2 190 88 5 2
2 190 91 6 2
2 190 96 6 2
2 189 99 6 2
2 187 103 10 3
2 226 100 6 2
2 225 95 5 2
2 217 85 7 2
2 225 62 4 2
2 218 89 5 2
2 218 92 5 2
2 218 94 5 2
2 218 97 4 2
2 218 99 6 2
2 218 101 4 2
2 225 52 3 1
2 225 54 3 1
2 225 55 4 1
2 225 57 5 2
2 225 60 3 1
2 226 64 4 1
2 225 92 4 2
2 226 67 4 2
2 225 68 4 1
2 225 71 4 2
2 226 73 5 2
2 225 75 4 2
2 225 78 5 2
2 225 80 4 2
2 226 82 5 2
2 225 85 4 2
2 225 87 5 2
2 225 90 4 2
2 187 107 10 3
2 197 59 3 2
2 197 60 3 2
2 71 156 3 8
2 111 168 3 10
2 103 168 4 9
2 99 168 3 10
2 95 167 3 8
2 91 168 2 9
2 87 168 4 9
2 82 169 4 11
2 78 168 3 9
2 74 166 2 6
2 71 168 3 9
2 67 167 2 4
2 74 156 3 8
2 197 62 4 2
2 78 156 3 8
2 82 157 2 7
2 85 156 3 8
2 89 155 3 9
2 93 156 2 9
2 96 156 3 8
2 100 156 3 7
2 108 156 3 8
2 111 155 3 9
2 115 156 3 8
2 119 155 3 9
2 115 167 4 9
2 122 167 4 9
2 127 167 3 9
2 131 167 4 10
2 198 65 5 2
2 198 67 4 2
2 198 71 5 2
2 197 73 4 2
2 198 80 5 2
2 198 83 6 2
2 198 85 5 2
2 198 88 5 2
2 198 90 5 2
2 198 93 5 2
2 198 95 5 2
2 198 101 5 2
2 199 104 7 2
2 199 107 8 3
2 198 57 4 1
2 197 51 3 1
2 197 50 3 1
2 190 49 4 2
2 157 167 4 10
2 153 168 4 12
2 148 167 4 10
2 143 167 2 9
2 135 167 3 9
2 218 87 4 1
2 218 83 5 1
2 127 156 3 8
2 280 106 4 2
2 280 72 4 2
2 280 74 4 2
2 280 77 4 2
2 280 79 4 2
2 280 81 5 2
2 280 84 4 2
2 280 86 4 2
2 280 88 4 2
2 280 93 4 2
2 280 101 5 2
2 280 103 5 2
2 280 108 5 2
2 280 65 4 1
2 280 111 4 2
2 281 113 5 2
2 281 116 5 2
2 280 119 5 2
2 281 124 7 2
2 246 55 4 2
2 246 58 4 2
2 246 60 4 1
2 246 63 4 1
2 246 67 4 2
2 246 69 4 1
2 281 67 6 2
2 280 63 4 2
2 218 81 5 2
2 273 95 4 2
2 273 68 5 2
2 273 70 4 1
2 280 70 4 1
2 273 72 4 2
2 274 76 3 1
2 274 78 3 1
2 274 80 4 2
2 273 82 4 1
2 273 83 4 2
2 273 86 4 2
2 274 94 3 2
2 273 97 4 1
2 280 60 4 2
2 273 100 4 2
2 273 102 4 1
2 273 106 5 1
2 273 108 5 2
2 273 111 5 2
2 273 115 4 2
2 273 117 4 2
2 273 119 5 2
2 280 54 4 2
2 281 56 4 2
2 280 58 4 2
2 246 70 3 1
2 246 74 3 1
2 246 79 3 1
2 254 116 7 2
2 253 86 4 2
2 253 88 6 2
2 253 91 5 2
2 253 93 5 2
2 253 96 5 2
2 253 98 5 2
2 254 101 6 2
2 253 106 5 2
2 253 109 5 1
2 254 111 7 2
2 254 114 6 2
2 253 119 4 1
2 246 81 4 1
2 246 122 4 1
2 254 122 6 2
2 244 124 7 2
2 256 125 9 3
2 218 52 4 1
2 218 58 4 2
2 218 70 4 2
2 218 72 5 2
2 218 74 4 2
2 218 76 4 2
2 217 79 5 2
2 253 83 5 2
2 253 81 4 2
2 252 78 4 2
2 254 76 6 2
2 246 83 4 2
2 246 87 4 1
2 246 91 4 2
2 246 97 4 2
2 245 99 5 2
2 246 106 4 1
2 246 107 3 1
2 246 112 4 2
2 246 114 4 1
2 246 116 4 2
2 246 118 3 1
2 246 120 4 1
2 246 53 4 1
2 252 53 4 1
2 253 55 4 2
2 252 57 4 2
2 253 59 5 2
2 253 62 5 2
2 253 64 5 2
2 253 66 5 2
2 253 69 5 2
2 253 71 6 2
2 253 73 5 2
2 123 155 3 9
2 130 155 3 8
3 375 25 7 7
2 116 72 2 4
2 152 71 2 5
2 150 71 2 4
2 148 72 2 5
2 143 71 1 4
2 141 72 2 4
2 136 71 2 4
2 134 71 2 4
2 129 72 2 4
2 127 72 1 4
2 125 71 2 4
2 120 72 2 5
2 113 72 2 4
2 157 71 2 4
2 111 72 2 4
2 109 72 2 4
2 104 73 2 5
2 102 72 2 4
2 99 72 2 4
2 97 72 2 4
2 95 72 2 5
2 93 73 2 4
2 91 73 2 4
2 86 73 2 5
2 83 72 2 4
2 154 71 2 4
2 103 65 2 4
2 90 100 2 5
2 156 64 2 4
2 108 91 2 6
2 103 92 2 5
2 101 100 2 5
2 112 100 2 5
2 110 91 2 6
2 115 91 2 7
2 118 100 2 6
2 127 99 2 5
2 138 99 2 5
2 157 91 2 6
2 145 72 2 5
2 153 64 2 5
2 105 65 2 3
2 151 64 2 4
2 149 65 2 4
2 147 65 2 3
2 143 65 1 3
2 141 65 2 3
2 137 65 2 4
2 135 65 2 4
2 127 65 1 4
2 125 65 1 3
2 123 65 1 4
2 111 65 2 4
2 81 72 2 4
2 79 72 2 4
2 77 73 2 4
8 194 80 15 59
2 79 51 1 4
2 81 51 2 4
2 71 51 2 3
2 69 51 2 5
2 66 51 2 4
8 364 84 15 59
8 332 88 14 75
8 303 88 12 77
8 277 88 13 77
8 250 88 14 76
8 221 88 15 73
8 328 327 41 129
2 74 73 2 4
8 279 330 29 117
8 226 329 4 112
8 195 322 4 97
8 166 316 4 85
8 137 309 4 71
8 108 304 3 59
8 85 300 2 50
8 113 161 93 19
8 112 123 94 16
8 110 96 96 15
8 110 69 95 13
2 77 51 1 3
2 87 51 1 3
2 89 51 2 4
2 93 52 2 4
2 67 73 2 4
2 131 65 2 4
2 121 65 2 4
2 119 65 2 4
2 117 65 2 4
2 115 65 2 4
2 109 65 2 4
2 99 66 2 4
2 94 65 1 3
2 86 65 2 4
2 84 66 1 3
2 82 65 1 4
2 80 66 1 3
2 78 65 1 4
2 70 66 2 4
2 68 65 2 4
2 126 52 2 5
2 119 52 2 5
2 117 52 2 5
2 115 52 2 4
2 105 51 2 4
2 103 52 2 4
2 95 51 1 3
2 104 99 2 5
2 93 100 2 5
2 134 155 3 9
2 148 118 2 6
2 133 127 2 6
2 135 127 2 7
2 139 128 2 7
2 142 128 2 7
2 145 127 2 6
2 148 128 2 7
2 151 127 2 6
2 154 127 2 7
2 158 117 3 7
2 154 118 2 6
2 151 118 2 6
2 142 118 2 5
2 126 127 2 7
2 139 118 2 6
2 135 118 2 7
2 133 119 2 6
2 129 118 2 7
2 126 119 2 5
2 123 118 2 6
2 118 119 2 5
2 115 118 2 6
2 112 118 2 6
2 109 118 2 7
2 104 118 2 7
2 129 127 3 6
2 123 128 2 7
2 72 73 2 5
2 79 129 2 7
2 138 156 3 7
2 142 155 2 8
2 146 155 3 7
2 149 155 3 7
2 153 155 3 8
2 157 155 3 8
2 66 143 3 1
2 66 140 3 2
2 70 128 2 6
2 73 128 2 5
2 76 128 2 6
2 83 129 2 7
2 120 127 2 7
2 85 128 2 7
2 89 128 2 6
2 92 128 2 6
2 95 128 3 7
2 98 128 2 6
2 101 128 2 7
2 104 128 2 6
2 107 128 2 8
2 110 127 2 6
2 113 128 2 7
2 116 129 2 8
2 101 119 2 6
2 98 119 2 6
2 95 119 2 6
2 141 91 2 6
2 113 92 2 5
2 110 100 2 6
2 118 92 2 5
2 120 92 2 5
2 123 92 2 5
2 126 92 2 5
2 128 92 2 4
2 131 92 1 4
2 133 91 3 6
2 130 99 2 5
2 139 92 2 5
2 135 100 2 7
2 93 119 2 6
2 141 100 2 5
2 144 99 2 5
2 147 99 2 5
2 150 100 2 6
2 152 99 2 6
2 154 99 2 5
2 157 99 2 6
2 144 91 2 5
2 146 91 2 5
2 152 91 2 6
2 88 72 2 4
2 107 100 2 6
2 98 101 2 6
2 100 92 2 5
2 97 92 2 6
2 90 120 2 5
2 86 119 2 5
2 84 119 2 6
2 81 119 2 6
2 78 119 2 6
2 69 120 2 6
2 67 120 2 6
2 66 93 2 5
2 69 93 2 5
2 67 100 2 5
2 70 101 2 6
2 73 100 2 5
2 75 101 2 6
2 78 100 2 5
2 77 92 2 6
2 79 92 2 7
2 82 92 2 5
2 84 93 2 5
2 81 100 2 6
2 87 92 2 5
2 90 92 2 5
2 94 92 2 6
2 87 101 2 5
2 274 66 4 2
2 273 62 4 2
2 273 58 4 1
2 159 283 7 2
2 142 322 5 2
2 142 324 5 2
2 142 328 5 2
2 142 331 5 2
2 142 335 6 2
2 141 337 4 2
2 142 340 4 2
2 141 342 4 2
2 158 274 8 3
2 159 277 7 3
2 159 280 7 2
2 160 291 5 2
2 142 317 6 2
2 161 293 6 2
2 160 295 6 2
2 160 300 6 2
2 160 303 5 2
2 160 305 6 2
2 160 308 6 2
2 160 310 6 2
2 161 312 6 2
2 161 315 6 2
2 161 317 6 2
2 161 319 6 2
2 142 319 4 2
2 142 315 6 2
2 132 312 4 2
2 142 277 6 2
2 133 316 4 2
2 133 318 4 2
2 133 320 4 2
2 132 322 5 2
2 132 324 4 2
2 132 328 4 2
2 132 330 4 2
2 133 332 4 1
2 133 334 4 2
2 132 336 5 2
2 132 338 5 1
2 142 282 6 2
2 142 312 5 2
2 141 284 5 2
2 141 288 5 2
2 141 291 5 2
2 142 295 6 2
2 141 297 5 2
2 142 299 6 3
2 141 302 4 2
2 142 304 5 2
2 141 306 4 2
2 141 308 5 2
2 142 310 4 2
2 160 322 6 2
2 160 324 6 2
2 160 326 6 2
2 232 299 7 3
2 172 326 7 2
2 172 332 6 2
2 172 335 8 2
2 172 337 8 2
2 172 340 6 2
2 173 343 7 2
2 172 346 7 2
2 172 351 7 2
2 173 354 8 2
2 232 292 9 3
2 234 296 11 3
2 233 303 10 3
2 160 329 6 2
2 234 307 12 3
2 233 310 9 3
2 319 377 4 12
2 233 316 9 3
2 234 322 12 3
2 234 331 12 4
2 233 337 9 4
2 232 340 7 4
2 235 347 12 4
2 233 352 9 3
2 233 356 9 3
2 171 324 6 2
2 171 321 6 2
2 171 319 6 2
2 171 317 6 2
2 161 331 5 2
2 161 333 5 2
2 161 336 5 2
2 161 338 6 2
2 160 341 6 2
2 161 343 5 2
2 161 345 6 2
2 161 348 6 2
2 162 350 5 2
2 161 352 4 1
2 172 274 9 3
2 171 277 7 3
2 171 280 7 3
2 171 283 8 3
2 171 289 7 2
2 172 292 7 2
2 172 295 7 2
2 172 297 7 2
2 171 300 6 2
2 171 303 7 3
2 171 309 6 3
2 171 312 7 2
2 171 314 7 2
2 133 314 4 2
2 132 309 4 2
2 273 56 4 1
2 89 305 4 2
2 88 296 4 2
2 88 308 3 1
2 81 315 4 1
2 81 318 4 1
2 104 324 4 2
2 88 289 4 2
2 88 291 3 1
2 89 298 4 2
2 89 299 4 1
2 89 301 4 1
2 89 303 4 1
2 89 306 4 1
2 81 313 4 1
2 89 309 4 1
2 89 311 4 2
2 89 313 4 1
2 88 315 3 1
2 88 316 3 1
2 89 318 4 2
2 89 320 4 2
2 88 284 4 2
2 88 282 4 2
2 141 286 4 2
2 104 320 4 2
2 89 277 4 2
2 76 312 2 3
2 132 307 5 1
2 80 278 6 2
3 362 27 15 13
2 279 377 2 5
2 281 376 2 5
2 284 376 2 5
2 286 377 3 6
2 288 376 2 5
2 290 377 2 5
2 292 376 2 4
2 273 374 3 2
2 319 336 4 11
2 80 275 7 2
2 80 280 5 2
2 80 312 4 2
2 79 282 6 2
2 79 284 6 2
2 80 286 6 2
2 80 289 5 2
2 81 295 5 2
2 80 298 4 2
2 81 301 4 2
2 81 303 4 1
2 81 305 4 2
2 81 306 4 1
2 81 310 4 2
2 101 275 7 2
2 102 278 5 2
2 102 280 6 2
2 113 326 5 2
2 113 298 4 2
2 113 300 6 1
2 113 302 5 2
2 113 306 5 2
2 113 308 5 2
2 113 310 6 2
2 113 315 5 2
2 113 318 5 2
2 113 320 5 2
2 113 322 5 2
2 113 324 5 1
2 113 328 5 1
2 103 282 4 2
2 130 275 7 2
2 131 278 4 2
2 131 282 5 2
2 132 284 5 2
2 131 287 5 2
2 131 291 4 2
2 132 293 5 2
2 132 296 5 2
2 132 298 5 2
2 132 300 4 2
2 132 302 4 2
2 113 293 5 2
2 112 291 5 2
2 112 288 4 2
2 112 286 5 2
2 103 284 5 2
2 102 287 4 2
2 103 289 5 2
2 104 291 4 2
2 103 293 4 1
2 103 295 4 2
2 103 297 5 2
2 103 302 5 2
2 103 304 5 2
2 103 309 5 2
2 103 322 4 2
2 112 295 4 2
2 167 262 5 2
2 103 299 5 1
2 103 306 4 1
2 103 311 5 1
2 103 313 4 2
2 103 315 4 2
2 103 318 4 2
2 113 330 5 2
2 112 277 5 2
2 113 280 5 2
2 112 282 5 2
2 231 373 6 2
2 232 376 7 2
2 275 273 11 3
2 336 98 5 2
2 336 57 5 2
2 335 64 4 2
2 336 67 5 2
2 335 72 5 2
2 336 74 5 2
2 336 79 5 2
2 336 81 5 2
2 336 84 5 2
2 336 86 4 2
2 335 91 4 2
2 337 96 7 2
2 336 101 5 2
2 335 53 3 1
2 336 103 5 2
2 336 106 5 2
2 336 108 5 2
2 337 113 7 2
2 336 116 5 2
2 336 118 5 2
2 336 121 7 2
2 327 124 7 2
2 337 124 8 2
2 300 53 3 1
2 299 55 4 2
2 335 55 3 2
2 328 121 4 2
2 276 277 10 4
2 328 81 6 2
2 358 112 9 4
2 370 112 9 5
2 329 53 4 2
2 328 57 5 2
2 328 60 6 2
2 328 65 6 2
2 328 67 5 2
2 328 70 4 2
2 327 72 6 2
2 328 77 6 2
2 329 79 4 2
2 328 84 5 2
2 328 118 5 2
2 327 86 6 2
2 328 89 5 2
2 329 91 5 2
2 329 94 4 2
2 328 96 5 2
2 328 98 6 2
2 328 101 6 2
2 328 103 5 2
2 328 106 6 2
2 328 111 5 2
2 328 113 6 2
2 299 58 5 2
2 299 60 4 2
2 299 62 4 1
2 307 93 5 2
2 306 67 5 2
2 306 69 4 2
2 306 71 4 1
2 307 73 6 2
2 307 76 4 1
2 307 78 5 2
2 306 82 4 2
2 306 84 4 2
2 306 87 5 2
2 307 89 5 2
2 307 91 5 2
2 306 98 4 1
2 299 64 5 2
2 307 100 6 2
2 306 102 4 1
2 306 104 5 2
2 306 107 4 2
2 307 109 5 2
2 307 111 6 2
2 306 114 5 2
2 306 119 5 2
2 306 122 4 2
2 308 124 7 3
2 274 53 4 2
2 307 64 5 1
2 307 62 6 2
2 306 60 4 2
2 306 58 4 2
2 300 66 3 1
2 299 68 5 2
2 299 71 4 1
2 298 73 5 1
2 299 75 5 2
2 299 77 5 2
2 299 81 4 1
2 299 86 5 1
2 299 90 5 2
2 299 94 4 1
2 299 96 4 2
2 299 101 4 2
2 299 103 4 1
2 299 105 4 2
2 300 107 4 2
2 299 109 4 2
2 299 112 4 2
2 299 114 4 1
2 298 116 4 1
2 299 120 5 2
2 298 125 7 2
2 306 53 4 1
2 306 56 4 2
2 359 109 6 2
2 360 106 5 2
2 360 104 6 2
2 259 281 10 3
2 272 346 1 4
2 291 368 2 6
2 289 367 2 7
2 286 367 2 6
2 283 367 2 7
2 280 367 2 8
2 277 367 3 7
2 273 369 2 4
2 277 376 3 6
2 257 273 13 4
2 258 277 12 3
2 260 284 9 2
2 259 329 8 3
2 260 287 8 3
2 259 290 9 4
2 259 294 11 3
2 259 297 9 4
2 260 301 9 3
2 260 304 9 3
2 258 308 11 3
2 258 311 10 3
2 259 315 10 3
2 260 319 9 3
2 260 322 8 3
2 276 348 2 7
2 278 348 2 7
2 281 347 2 6
2 284 347 2 6
2 274 280 10 3
2 275 284 12 4
2 270 295 3 9
2 290 302 3 7
2 288 302 3 8
2 285 302 3 8
2 282 302 4 9
2 278 302 2 8
2 276 303 2 7
2 274 314 4 9
2 277 314 4 8
2 280 313 4 7
2 283 313 4 7
2 292 313 5 8
2 292 336 3 8
2 290 337 3 7
2 287 337 2 7
2 281 337 3 7
2 277 339 2 5
2 271 341 4 2
2 293 346 2 7
2 290 347 2 6
2 287 347 2 7
2 260 325 9 3
2 261 332 8 3
2 360 101 5 2
2 360 57 4 2
2 369 97 6 2
2 369 93 7 2
2 369 87 8 2
2 369 84 8 2
2 369 80 7 2
2 368 77 7 3
2 369 71 7 3
2 369 67 7 2
2 368 64 7 2
2 369 60 8 3
2 368 57 6 2
2 361 60 4 3
2 260 336 9 3
2 359 65 7 2
2 360 68 5 2
2 360 71 6 2
2 360 76 5 3
2 359 82 6 3
2 360 84 5 2
2 360 87 5 2
2 359 90 6 2
2 360 93 5 2
2 360 95 5 2
2 360 98 5 2
2 369 100 7 2
2 384 55 3 4
2 392 62 3 5
2 394 61 2 5
2 261 339 8 3
2 260 342 10 3
2 260 346 10 3
2 259 349 12 4
2 260 353 9 2
2 259 356 11 3
2 262 360 8 2
2 261 363 8 2
2 261 366 8 2
2 259 370 11 3
2 260 374 10 3
2 259 377 10 4
2 261 381 8 3
2 262 386 9 3
2 200 364 4 3
2 226 110 6 2
2 190 60 4 2
2 299 83 5 2
2 280 98 4 2
2 396 61 2 4
2 386 63 2 3
2 409 76 3 2
2 396 57 4 5
8 94 50 65 7
