11 29 260 5 7
2 105 160 11 17
8 171 304 22 29
8 150 296 22 28
8 134 288 23 28
8 116 281 21 27
8 94 272 24 30
15 391 268 16 14
2 24 127 34 14
2 27 140 27 11
2 46 134 6 10
2 76 151 7 11
2 89 158 7 9
2 94 160 8 11
2 33 198 11 22
2 358 201 8 5
2 7 189 16 15
2 51 204 8 14
2 84 213 29 19
2 150 295 8 11
2 162 301 8 11
2 190 306 14 24
2 184 303 5 8
2 208 316 15 23
2 222 316 10 18
2 230 318 15 23
2 237 323 6 9
2 249 331 13 20
8 188 311 21 27
8 207 317 21 28
8 229 326 21 27
8 248 333 22 29
8 10 191 23 31
8 76 221 24 20
8 58 210 20 24
8 59 140 20 23
8 75 145 22 26
8 97 154 22 25
8 131 165 27 24
8 220 126 13 24
8 236 126 12 23
8 257 126 13 24
8 281 125 14 25
8 318 131 36 39
8 332 147 26 18
8 341 169 26 23
8 349 187 29 25
8 358 207 29 26
8 365 224 24 15
8 364 246 24 20
8 359 272 26 18
8 351 293 28 23
8 343 313 29 24
8 333 337 32 33
8 304 350 19 23
8 284 349 21 24
8 265 339 21 28
2 255 338 5 9
2 347 188 23 15
11 16 256 6 8
11 307 58 3 8
11 311 57 3 7
11 172 57 3 8
11 123 101 6 9
11 78 63 10 9
11 93 69 7 7
11 97 70 7 6
11 101 73 10 8
11 107 74 7 6
11 80 87 6 8
11 75 61 8 7
10 195 57 4 8
11 278 57 3 9
11 336 60 5 7
2 339 178 13 8
11 398 51 7 6
11 324 59 4 7
11 412 163 7 6
11 408 334 8 5
11 398 363 8 7
11 137 363 5 8
11 133 362 5 8
11 55 344 6 9
11 47 337 7 8
11 68 328 7 8
11 29 284 9 8
11 13 276 7 7
11 299 59 4 7
11 390 114 8 5
11 141 364 5 8
11 26 322 7 7
2 334 171 33 20
2 309 138 13 16
2 317 126 9 10
2 307 123 7 11
2 290 121 3 9
2 282 129 6 14
2 256 131 7 22
2 218 135 8 26
2 206 123 5 15
2 198 134 10 28
2 188 135 5 9
2 328 338 14 13
2 264 337 10 15
2 300 352 4 10
2 336 314 10 6
2 345 292 10 5
2 357 278 12 8
2 364 257 9 4
2 365 221 11 5
2 356 215 9 6
11 25 260 6 8
11 20 258 5 6
11 17 278 8 8
11 4 273 9 9
11 9 312 7 8
5 169 94 17 35
