0 0.6322115384615384 0.17548076923076922 0.02216538789428815 0.03751065643648764
0 0.036057692307692304 0.2764423076923077 0.0886615515771526 0.18925831202046034
0 0.20432692307692307 0.6466346153846154 0.113384484228474 0.17476555839727195
0 0.30528846153846156 0.6201923076923077 0.11508951406649616 0.175618073316283
0 0.46875 0.5769230769230769 0.113384484228474 0.17476555839727195
0 0.5673076923076923 0.5504807692307693 0.11594202898550723 0.17391304347826086
0 0.6682692307692307 0.5240384615384616 0.11508951406649616 0.17306052855924975
0 0.7692307692307693 0.4951923076923077 0.11508951406649616 0.17476555839727195
0 0.8701923076923077 0.46875 0.113384484228474 0.175618073316283
0 0.13701923076923078 0.24759615384615385 0.14151747655583974 0.1918158567774936
0 0.5432692307692307 0.31971153846153844 0.14151747655583974 0.19096334185848252
0 0.2548076923076923 0.21875 0.1432225063938619 0.1824381926683717
0 0.37740384615384615 0.19951923076923078 0.14066496163682862 0.1526001705029838
0 0.5072115384615384 0.18269230769230768 0.13128729752770674 0.11935208866155157
0 0.06490384615384616 0.44471153846153844 0.1321398124467178 0.19096334185848252
0 0.18028846153846154 0.41346153846153844 0.14407502131287295 0.1918158567774936
0 0.3004807692307692 0.38461538461538464 0.1432225063938619 0.19266837169650466
0 0.4182692307692308 0.35096153846153844 0.1432225063938619 0.1901108269394714
0 0.10336538461538461 0.6730769230769231 0.113384484228474 0.17476555839727195
