2 375 347 3 2
2 158 195 4 1
2 170 204 5 1
2 170 199 4 1
2 170 197 4 1
2 170 194 4 1
2 170 192 4 2
2 170 189 4 1
2 170 187 5 1
2 170 184 4 1
2 170 182 4 1
2 170 180 4 1
2 170 178 4 1
2 170 176 4 1
2 170 173 4 1
2 170 171 4 1
2 171 169 5 1
2 171 166 5 1
2 170 164 5 1
2 171 162 5 2
2 172 159 7 2
2 159 206 5 2
2 159 204 4 2
2 159 202 4 2
2 158 200 4 2
2 170 206 4 1
2 177 162 5 2
2 177 168 5 2
2 177 203 4 1
2 189 193 5 1
2 189 190 5 1
2 189 188 5 2
2 189 185 5 2
2 189 183 5 2
2 189 180 5 2
2 190 177 5 1
2 189 174 5 2
2 191 171 7 2
2 177 206 5 2
2 177 201 6 2
2 177 173 5 2
2 177 198 5 2
2 176 195 5 1
2 177 193 4 1
2 177 190 5 1
2 176 188 5 1
2 177 185 5 1
2 177 183 5 1
2 177 180 5 1
2 177 178 5 1
2 177 175 5 1
2 158 198 4 1
2 159 193 4 1
2 375 346 3 2
2 159 191 4 1
2 153 185 4 1
2 153 183 4 1
2 153 178 4 1
2 153 176 4 1
2 153 174 4 1
2 153 172 4 1
2 153 168 3 1
2 153 166 4 1
2 153 164 4 1
2 153 161 4 1
2 153 159 4 1
2 153 157 3 1
2 153 155 4 1
2 153 153 4 1
2 153 151 3 1
2 142 205 3 1
2 142 203 4 1
2 142 199 4 1
2 142 197 4 2
2 142 195 4 1
2 142 193 4 1
2 142 191 4 1
2 142 189 3 1
2 153 187 4 1
2 153 189 4 1
2 153 191 3 1
2 159 166 5 1
2 159 189 4 1
2 159 187 5 1
2 159 185 5 1
2 159 181 5 1
2 159 178 5 1
2 159 176 4 1
2 159 174 4 1
2 159 172 4 1
2 159 170 4 1
2 159 168 5 1
2 159 163 4 1
2 153 193 4 1
2 159 161 4 1
2 159 157 4 1
2 159 154 4 1
2 159 151 4 1
2 153 206 4 1
2 153 204 4 1
2 153 202 4 1
2 153 200 4 1
2 153 198 4 1
2 153 196 4 1
2 189 198 5 1
2 189 201 5 2
2 189 203 5 2
2 196 174 5 1
2 171 212 4 2
2 171 209 5 1
2 165 250 4 1
2 165 248 4 2
2 165 243 4 1
2 165 241 4 1
2 165 239 4 1
2 165 236 4 1
2 165 232 4 1
2 165 227 3 1
2 165 225 4 1
2 165 223 4 1
2 166 221 4 1
2 165 218 4 1
2 165 216 4 1
2 166 213 3 1
2 165 212 3 1
2 154 250 3 5
2 155 246 3 2
2 155 244 4 2
2 155 242 4 2
2 155 240 3 1
2 155 238 4 1
2 171 214 4 1
2 172 216 5 2
2 171 218 4 2
2 171 253 4 1
2 183 233 5 1
2 183 231 4 1
2 183 226 5 1
2 183 224 4 1
2 182 221 4 1
2 183 216 4 1
2 183 214 4 2
2 183 212 4 1
2 183 209 5 2
2 174 258 6 7
2 166 253 5 3
2 171 223 4 2
2 171 250 4 2
2 171 248 4 1
2 171 246 5 2
2 171 243 4 1
2 171 241 4 2
2 171 236 4 1
2 171 232 4 1
2 171 230 4 2
2 171 227 4 2
2 171 225 5 1
2 155 236 4 1
2 155 234 4 1
2 155 232 4 1
2 196 206 4 1
2 219 188 7 2
2 210 206 6 2
2 210 204 5 1
2 210 201 6 2
2 210 198 5 2
2 211 195 5 2
2 210 193 6 2
2 211 190 5 2
2 211 187 5 1
2 212 184 8 2
2 196 203 5 2
2 218 194 6 2
2 196 201 5 1
2 196 198 5 2
2 197 196 4 2
2 196 193 5 2
2 196 190 5 1
2 196 188 5 2
2 197 185 5 1
2 196 182 5 2
2 196 179 4 1
2 196 177 4 2
2 218 191 6 2
2 218 198 6 2
2 155 230 4 1
2 150 233 4 1
2 155 228 4 1
2 155 226 4 1
2 155 224 4 1
2 155 222 4 2
2 155 220 4 1
2 155 218 4 1
2 155 215 4 1
2 155 213 4 1
2 155 209 4 1
2 149 235 4 1
2 149 230 3 1
2 218 203 6 2
2 149 228 4 1
2 149 226 4 1
2 150 224 4 1
2 149 222 4 1
2 149 220 4 1
2 149 218 4 1
2 149 216 4 1
2 149 211 4 1
2 149 209 4 1
2 218 206 6 2
2 142 187 4 1
2 142 185 4 1
2 142 183 4 1
2 92 127 6 4
2 39 122 5 3
2 41 119 5 3
2 42 118 5 3
2 43 115 5 3
2 44 113 5 3
2 56 116 9 6
2 58 113 9 6
2 59 110 9 6
2 60 107 7 5
2 62 104 8 6
2 62 101 7 5
2 47 112 6 4
2 49 110 6 4
2 50 107 6 4
2 51 104 6 4
2 53 102 6 4
2 54 99 5 3
2 55 97 5 4
2 65 98 10 6
2 57 94 5 4
2 24 127 4 3
2 25 124 4 3
2 26 122 4 3
2 38 124 4 3
2 37 126 5 3
2 36 128 5 3
2 79 132 6 4
2 91 131 5 3
2 90 133 4 3
2 89 135 5 4
2 86 141 6 4
2 84 145 5 3
2 81 148 7 2
2 74 148 6 2
2 74 140 5 3
2 76 138 5 3
2 76 136 5 3
2 80 129 4 2
2 82 110 5 3
2 80 128 3 2
2 82 125 5 4
2 83 122 5 3
2 87 115 5 3
2 88 113 4 3
2 73 125 7 5
2 75 123 6 4
2 77 119 7 5
2 80 115 6 4
2 81 112 4 3
2 28 118 4 3
2 29 116 5 3
2 30 114 5 3
8 193 189 12 34
8 226 287 7 11
8 214 282 14 16
8 200 279 18 23
8 186 272 24 28
8 203 244 29 38
8 207 211 28 7
8 186 224 11 32
8 169 230 10 43
8 152 228 10 39
8 214 196 14 21
8 173 183 11 46
8 245 248 48 68
8 156 178 10 58
8 139 172 10 67
8 121 159 11 40
8 117 138 20 25
8 103 141 12 22
8 94 132 24 32
8 74 140 15 22
8 81 119 19 23
8 40 121 15 22
8 57 106 24 25
8 229 238 48 69
8 277 243 29 32
2 31 112 5 3
8 34 92 16 26
2 32 110 5 3
2 33 108 5 4
2 36 103 5 4
2 37 101 6 4
2 39 98 6 4
2 40 96 6 4
2 41 93 6 4
2 42 90 6 4
8 336 77 34 29
8 315 69 25 16
8 19 82 14 23
8 295 255 28 32
8 386 326 14 17
8 381 316 13 19
8 374 308 19 27
8 361 299 23 30
8 349 290 25 32
8 337 283 25 33
15 363 339 5 10
15 309 301 8 9
8 324 275 25 33
8 311 267 27 33
2 92 129 5 3
2 93 125 6 4
2 142 179 4 1
2 95 124 4 3
2 136 183 4 1
2 137 181 4 1
2 137 179 4 1
2 137 177 4 1
2 137 175 4 1
2 137 173 4 1
2 137 170 4 1
2 137 168 4 1
2 137 164 4 1
2 137 160 4 1
2 137 158 4 1
2 137 155 4 1
2 137 153 4 1
2 137 151 4 1
2 137 149 4 1
2 137 147 4 1
2 137 145 3 1
2 137 143 4 1
2 137 141 3 1
2 138 138 5 1
2 118 158 3 7
2 117 170 5 2
2 124 177 7 2
2 137 185 4 1
2 137 188 3 1
2 136 189 4 1
2 142 155 3 1
2 143 177 4 1
2 142 175 4 1
2 142 171 4 1
2 142 169 4 1
2 142 167 4 1
2 142 165 4 1
2 142 163 4 1
2 142 161 4 1
2 142 159 4 1
2 142 157 4 1
2 143 153 3 1
2 137 192 4 1
2 142 151 3 1
2 142 149 4 1
2 143 147 3 1
2 143 145 4 1
2 143 143 4 1
2 142 140 4 1
2 138 203 2 4
2 137 198 4 1
2 137 196 4 1
2 137 194 4 1
2 124 171 6 2
2 124 167 5 1
2 124 164 5 2
2 97 134 4 2
2 105 147 6 10
2 97 149 5 6
2 90 145 5 7
2 103 132 3 4
2 100 144 3 4
2 103 139 3 5
2 106 131 4 6
2 93 141 4 3
2 94 140 5 4
2 95 138 4 3
2 98 132 5 4
2 108 150 4 6
2 98 131 4 3
2 99 129 4 3
2 100 127 4 3
2 102 125 4 3
2 103 123 5 3
2 104 121 5 4
2 102 117 10 6
2 98 118 4 3
2 97 120 4 3
2 96 122 5 4
2 108 135 5 7
2 118 130 4 5
2 124 162 6 1
2 118 140 4 1
2 125 160 8 2
2 124 157 6 2
2 125 155 7 2
2 125 152 8 2
2 124 150 5 1
2 126 147 6 2
2 124 145 6 2
2 124 143 5 2
2 124 140 5 2
2 123 137 8 2
2 118 142 3 1
2 123 131 7 5
2 117 144 5 2
2 117 146 5 1
2 117 148 5 2
2 117 152 6 2
2 112 154 4 1
2 107 156 1 3
2 105 156 1 2
2 102 155 2 1
2 98 156 4 1
2 123 127 10 7
2 183 236 4 1
2 182 238 4 1
2 184 241 6 2
2 335 280 4 3
2 322 274 4 3
2 323 272 4 3
2 323 270 4 3
2 325 269 3 2
2 327 265 4 3
2 333 264 4 5
2 331 262 5 6
2 329 260 5 7
2 305 282 3 2
2 305 280 4 3
2 307 279 4 3
2 308 277 4 3
2 308 276 4 3
2 310 274 4 3
2 311 272 4 3
2 312 271 4 3
2 313 269 4 3
2 315 266 3 3
2 316 265 4 3
2 317 263 3 3
2 318 262 4 3
2 321 258 5 6
2 319 256 4 6
2 321 276 4 3
2 319 277 4 3
2 318 279 4 3
2 321 284 3 2
2 337 277 4 3
2 338 275 4 3
2 340 273 4 3
2 346 272 4 5
2 344 271 4 5
2 342 269 4 5
2 317 290 3 2
2 318 288 3 2
2 319 287 4 3
2 320 285 4 3
2 322 282 3 2
2 315 284 3 3
2 323 281 4 3
2 324 279 4 3
2 325 278 4 3
2 326 276 4 3
2 327 274 3 2
2 328 272 3 2
2 330 271 4 3
2 331 268 4 3
2 313 287 4 3
2 314 285 3 3
2 316 255 5 6
2 300 279 5 4
2 301 277 4 4
2 229 287 6 7
2 298 245 4 4
2 299 244 5 4
2 300 242 4 4
2 301 240 7 5
2 274 258 7 5
2 274 255 5 4
2 276 253 5 4
2 277 251 5 4
2 278 249 5 4
2 279 247 5 4
2 210 289 8 6
2 295 249 4 3
2 215 285 3 2
2 217 283 3 2
2 218 281 4 3
2 219 280 4 3
2 220 278 3 2
2 209 286 3 3
2 210 284 3 2
2 211 282 4 3
2 212 280 3 2
2 213 279 3 2
2 297 247 4 3
2 294 250 4 3
2 302 275 5 4
2 301 252 6 4
2 307 269 5 4
2 309 265 5 4
2 311 263 4 3
2 313 258 5 4
2 288 270 6 4
2 291 266 5 4
2 293 264 5 4
2 297 258 5 4
2 295 260 5 4
2 300 254 6 4
2 302 250 5 4
2 293 252 4 4
2 304 248 5 4
2 305 246 5 4
2 282 267 5 4
2 284 266 4 3
2 285 264 4 4
2 287 260 5 3
2 288 259 4 3
2 290 257 4 4
2 291 256 4 3
2 292 254 4 3
2 336 279 4 3
2 334 282 4 3
2 200 285 4 3
2 330 289 3 2
2 329 90 5 5
2 326 87 4 4
2 345 70 3 3
2 344 71 3 4
2 343 73 3 4
2 341 74 3 3
2 339 75 3 3
2 338 76 3 3
2 336 78 4 4
2 334 79 3 3
2 333 81 4 4
2 331 82 3 4
2 344 65 4 4
2 342 66 4 4
2 341 67 3 3
2 339 69 3 3
2 338 70 3 3
2 336 71 3 4
2 334 72 3 3
2 333 74 3 3
2 331 75 3 3
2 330 76 3 4
2 328 77 3 4
2 325 85 4 4
2 322 106 4 6
2 312 83 5 6
2 309 70 4 5
2 376 345 3 2
2 376 343 3 2
2 376 341 3 2
2 372 335 2 2
2 376 342 3 3
15 128 311 6 5
2 316 65 4 4
2 314 66 4 4
2 313 68 4 5
2 311 69 4 5
2 307 72 5 5
2 306 75 4 5
2 325 65 4 4
2 324 66 3 3
2 322 67 4 4
2 320 69 3 3
2 319 70 2 3
2 317 71 3 3
2 316 72 3 3
2 314 74 3 3
2 313 75 4 4
2 311 78 4 5
2 326 79 4 4
2 390 322 3 3
2 389 319 3 2
2 354 277 5 7
2 369 291 3 2
2 371 289 4 3
2 370 286 7 5
2 347 297 3 2
2 350 293 4 2
2 351 291 4 3
2 353 290 3 2
2 354 288 4 3
2 356 284 4 3
2 359 281 5 6
2 330 298 4 3
2 367 294 4 3
2 331 296 5 3
2 332 294 5 4
2 335 290 4 4
2 337 288 5 3
2 338 286 4 3
2 339 284 5 4
2 340 282 5 4
2 342 280 5 3
2 343 278 4 3
2 344 276 4 3
2 368 292 3 3
2 365 297 4 3
2 386 314 3 3
2 357 300 4 3
2 380 298 3 2
2 377 301 2 3
2 365 316 4 5
2 369 308 4 5
2 376 295 3 4
2 346 299 3 3
2 364 290 4 3
2 363 292 4 4
2 361 295 3 2
2 360 296 3 2
2 355 303 3 3
2 364 299 4 3
2 354 305 3 2
2 353 306 4 3
2 352 308 4 3
2 355 312 4 3
2 357 311 5 4
2 357 309 4 3
2 360 306 5 4
2 361 304 4 3
2 362 302 3 2
2 363 301 4 3
2 199 286 4 3
2 200 283 3 2
2 190 209 5 2
2 246 240 5 3
2 236 234 4 3
2 237 232 5 3
2 239 230 4 3
2 240 228 5 4
2 241 226 5 3
2 242 224 5 3
2 243 222 5 4
2 247 215 4 3
2 249 213 4 4
2 250 210 4 3
2 251 208 4 3
2 209 268 5 4
2 210 266 5 4
2 213 261 5 4
2 216 256 5 4
2 218 253 5 4
2 219 251 5 3
2 220 249 5 4
2 222 246 5 4
2 223 243 5 3
2 224 241 5 3
2 226 239 5 4
2 227 237 5 4
2 234 238 5 3
2 232 240 4 3
2 231 242 4 3
2 265 216 11 7
2 249 236 5 4
2 250 233 5 4
2 251 232 4 3
2 252 229 4 3
2 253 227 4 3
2 254 225 4 3
2 256 223 4 4
2 257 221 4 4
2 259 219 4 3
2 260 217 4 3
2 214 271 4 3
2 230 245 4 4
2 216 269 5 4
2 217 267 5 3
2 218 265 4 3
2 219 263 4 3
2 220 261 5 3
2 223 257 4 3
2 224 255 5 3
2 225 253 5 4
2 228 249 4 3
2 229 246 4 3
2 229 234 5 4
2 230 232 5 4
2 232 229 5 4
2 205 212 1 6
2 207 232 6 5
2 215 232 5 4
2 208 229 6 5
2 216 230 5 4
2 210 226 7 5
2 219 211 2 6
2 216 212 2 6
2 213 212 2 6
2 210 212 2 6
2 207 211 2 6
2 202 211 1 6
2 212 237 5 3
2 199 212 1 6
2 188 238 2 4
2 189 233 5 3
2 190 229 5 2
2 189 226 5 1
2 190 223 6 2
2 189 221 4 2
2 189 218 5 2
2 190 215 5 2
2 190 212 5 2
2 213 235 5 4
2 205 235 7 5
2 235 224 5 4
2 202 254 5 4
2 236 221 5 4
2 237 218 7 5
2 238 215 7 5
2 240 213 7 5
2 242 210 7 5
2 245 204 8 5
2 243 207 7 5
2 198 261 5 4
2 199 259 5 4
2 201 257 5 4
2 203 252 5 4
2 203 238 6 5
2 205 250 5 4
2 206 247 6 5
2 208 245 4 4
2 209 242 5 4
2 211 240 5 4
2 192 257 6 5
2 194 254 6 5
2 197 249 6 5
2 198 246 6 5
2 200 243 7 5
2 247 238 5 4
2 245 242 4 3
2 202 281 4 3
2 244 244 5 3
2 177 284 7 5
2 179 281 6 5
2 180 278 6 5
2 181 276 6 5
2 183 273 6 5
2 185 270 6 4
2 186 267 6 5
2 188 265 5 4
2 189 262 6 5
2 191 260 5 4
2 281 246 5 4
2 282 244 5 4
2 283 242 5 4
2 284 240 3 2
2 285 238 5 4
2 287 236 5 4
2 288 234 6 4
2 266 253 8 5
2 269 252 5 4
2 270 250 5 4
2 271 248 5 4
2 272 246 5 4
2 273 244 5 4
2 196 263 3 2
2 194 265 3 2
2 194 267 3 2
2 199 275 3 2
2 203 280 3 2
2 203 278 4 3
2 204 276 4 3
2 205 274 3 3
2 207 273 3 3
2 193 286 3 2
2 194 284 3 2
2 196 280 3 2
2 197 279 3 2
2 198 277 3 3
2 200 274 3 3
2 192 269 3 2
2 203 268 4 3
2 184 284 3 3
2 185 283 3 2
2 185 281 3 3
2 186 279 3 2
2 187 278 3 2
2 188 276 3 2
2 189 274 3 2
2 191 273 3 2
2 192 271 3 2
2 274 242 5 4
2 276 240 6 5
2 277 238 6 5
2 257 235 6 5
2 243 256 4 3
2 244 254 4 3
2 245 252 3 3
2 246 251 4 3
2 248 249 4 3
2 249 247 5 4
2 251 245 6 4
2 252 242 5 4
2 254 240 6 5
2 255 237 6 4
2 259 232 6 5
2 240 261 4 2
2 260 230 6 4
2 262 227 7 5
2 264 224 5 4
2 266 221 7 5
2 235 259 4 3
2 236 256 4 3
2 238 254 5 4
2 239 252 4 4
2 240 250 4 3
2 242 246 4 3
2 242 258 4 3
2 239 263 3 2
2 279 237 6 4
2 228 271 5 3
2 280 235 5 4
2 281 233 6 4
2 282 231 6 4
2 289 231 7 5
2 283 228 6 4
2 234 260 5 3
2 233 262 4 3
2 231 265 5 4
2 230 267 4 3
2 229 269 4 4
2 226 273 5 4
2 238 265 4 3
2 225 275 5 4
2 224 277 4 3
2 229 280 3 3
2 230 278 3 2
2 231 277 4 2
2 233 273 4 3
2 234 271 4 2
2 235 270 3 2
2 236 268 3 2
2 237 266 3 2
8 33 107 25 40
