2 396 114 3 8
8 181 289 5 7
8 189 147 10 34
8 179 146 12 34
8 169 144 10 34
8 157 145 8 30
8 142 144 9 30
8 289 301 6 7
8 281 300 8 7
8 283 282 38 16
8 271 298 8 9
8 232 294 6 8
8 192 290 6 7
8 171 288 6 7
8 203 269 5 9
8 159 287 5 8
8 152 286 4 7
8 139 285 5 7
8 129 283 7 9
8 119 283 6 6
8 106 282 5 5
8 100 281 5 6
8 101 260 8 9
8 110 260 5 11
8 122 261 5 10
8 131 262 4 10
8 197 146 10 31
8 208 145 12 37
8 219 142 10 40
8 230 141 10 43
8 89 159 17 23
8 79 165 17 23
8 66 172 16 20
8 52 189 21 17
8 40 215 18 8
8 51 250 12 13
8 45 290 14 14
8 40 310 12 15
8 39 330 11 15
8 75 278 6 6
8 408 121 6 11
8 392 117 7 14
8 365 110 8 13
8 334 106 8 13
8 324 108 5 12
8 347 107 13 14
8 311 111 19 17
8 292 114 5 14
8 280 116 5 13
8 267 118 6 14
8 257 139 11 41
8 249 143 9 34
8 238 141 10 41
8 140 263 6 7
8 211 269 6 9
2 331 103 5 9
2 144 266 4 7
2 238 293 4 7
2 228 292 4 7
2 213 292 4 6
2 199 286 7 4
2 188 289 4 7
2 185 270 4 10
2 155 266 5 10
2 163 268 3 7
2 174 269 3 7
2 168 287 4 6
2 129 283 5 7
2 128 264 3 7
8 193 268 5 9
2 108 266 6 4
2 92 279 3 7
2 79 277 2 6
2 294 284 4 7
2 301 285 3 6
2 34 334 3 7
2 44 250 9 10
2 78 154 6 7
2 88 150 6 7
2 296 109 4 9
2 316 107 3 8
2 253 294 3 6
2 258 295 2 8
2 283 282 3 7
2 280 282 3 7
8 171 266 5 9
8 161 265 4 10
8 152 264 5 11
8 231 271 6 10
8 243 272 5 9
8 255 277 11 9
8 88 258 4 6
2 271 114 4 8
2 277 113 3 8
2 245 125 4 7
2 234 122 3 7
2 224 125 3 7
2 230 122 3 6
2 188 132 3 5
2 182 134 4 7
2 167 132 4 6
2 219 277 8 3
2 230 278 7 3
2 235 274 3 6
2 239 275 3 7
2 258 280 7 4
2 267 280 4 9
2 276 281 4 8
8 122 143 8 32
