2 193 25 2 3
8 245 111 10 5
8 257 195 6 3
8 257 188 5 4
8 259 175 7 2
8 258 164 8 3
8 257 155 8 4
8 257 146 7 2
8 254 132 7 6
8 251 123 8 3
8 242 103 9 5
2 187 11 2 2
8 240 96 10 9
8 235 89 9 7
8 232 80 11 10
8 227 71 9 8
8 215 56 12 11
8 211 47 9 6
8 205 34 8 5
8 196 23 7 6
8 257 202 7 2
8 256 208 5 3
8 255 214 5 2
8 255 223 5 3
2 186 12 2 3
2 185 13 2 3
2 183 14 3 4
8 170 407 9 10
8 183 393 5 5
8 194 379 9 9
8 202 367 10 7
8 213 347 9 9
8 218 335 10 9
8 226 316 8 6
8 234 303 9 8
8 236 291 5 8
8 245 275 7 6
8 248 269 7 5
8 249 261 5 3
8 248 252 3 10
8 252 243 8 3
8 184 6 19 15
