9 252 26 2 4
9 251 15 2 4
3 39 70 1 1
3 40 69 1 1
3 187 45 2 2
3 202 51 3 3
3 201 57 3 3
3 200 62 3 3
3 200 40 1 1
3 194 51 1 1
3 196 52 1 1
3 333 8 4 4
3 334 3 4 4
3 339 4 4 4
3 338 9 4 4
3 344 5 4 4
3 343 10 4 4
3 349 6 3 4
3 348 10 4 4
3 354 7 4 4
3 353 12 4 4
3 358 8 4 3
3 357 13 4 4
3 399 3 6 6
3 386 14 3 3
3 390 15 4 4
3 395 16 4 4
3 385 19 3 3
3 389 20 4 4
3 394 21 4 4
3 368 11 6 6
3 39 71 1 1
3 39 80 1 1
3 41 81 1 1
3 100 6 0 0
3 75 24 3 3
3 70 21 2 2
3 68 20 2 2
3 66 18 1 1
3 64 17 1 1
3 63 19 1 1
3 65 20 2 2
3 67 22 1 1
3 68 23 1 1
3 94 17 1 1
3 97 13 0 0
3 97 12 0 0
3 98 12 0 0
3 101 5 0 0
3 36 79 1 1
3 100 5 0 1
3 100 5 0 1
3 118 8 0 1
3 119 7 0 0
3 116 7 0 0
3 118 6 0 1
3 116 5 1 1
3 37 81 1 1
3 39 82 1 1
3 41 85 1 1
3 41 83 1 1
3 42 82 1 1
3 35 81 1 1
3 376 13 6 7
3 367 18 7 6
3 374 20 6 6
3 266 54 1 1
9 174 357 5 2
9 173 360 5 2
9 234 364 8 3
9 233 366 7 2
9 255 314 3 7
9 258 314 2 6
9 245 201 24 6
9 243 203 19 5
9 45 31 22 27
9 240 157 10 5
9 241 154 9 5
3 38 79 1 1
3 264 54 1 1
3 264 56 1 1
3 396 141 6 5
3 266 56 1 1
3 267 56 1 1
3 269 55 1 1
6 185 127 4 3
6 188 129 4 4
9 301 242 3 3
9 305 241 3 3
9 190 194 27 6
9 200 192 25 4
9 252 375 6 3
9 280 380 10 5
9 291 313 10 3
8 286 112 5 1
3 403 141 6 6
3 403 135 6 6
3 365 25 7 6
3 263 6 2 2
3 373 27 6 6
3 383 27 3 3
3 387 28 3 3
3 390 29 3 3
3 394 30 3 3
3 382 32 3 3
3 386 33 3 3
3 389 33 3 3
3 393 34 3 3
3 262 9 2 2
3 265 9 2 2
3 267 10 2 2
3 270 10 2 2
3 265 7 2 2
3 397 134 6 6
3 268 7 2 2
3 270 8 2 2
3 264 1 1 1
3 266 1 1 1
3 268 2 1 1
3 270 2 1 1
3 272 3 1 1
3 272 1 1 1
3 270 0 1 1
3 409 35 5 5
3 410 29 5 5
3 411 22 5 5
3 414 15 3 3
3 78 26 3 3
