13 318 352 6 6
1 171 352 9 10
1 134 329 6 5
1 206 289 6 6
1 210 308 5 6
1 205 311 6 6
1 205 322 6 6
1 159 349 10 11
1 182 352 9 10
2 384 248 6 2
1 189 348 6 7
1 198 342 10 10
1 207 336 12 12
1 214 331 11 11
1 223 327 11 11
1 231 322 11 11
1 138 343 10 11
1 126 341 9 11
1 150 368 9 10
1 103 352 11 10
1 140 366 8 10
1 131 364 9 10
1 122 362 10 11
1 114 360 10 11
1 112 371 10 10
1 113 381 6 6
1 141 387 6 6
1 148 404 11 12
1 136 408 6 6
1 58 403 6 6
1 27 401 12 12
1 47 388 11 10
1 41 346 10 9
1 160 401 10 9
1 216 354 10 11
1 208 360 11 11
2 374 407 5 4
2 383 251 6 2
2 387 338 3 6
8 382 337 8 3
8 365 413 4 3
13 300 361 4 3
1 229 280 12 12
1 238 295 11 10
1 245 377 7 6
1 224 392 12 11
1 197 308 6 5
2 392 300 6 4
2 395 190 4 1
2 394 188 5 1
2 403 186 2 5
1 281 368 12 12
1 200 364 10 12
1 277 359 11 12
1 268 343 11 11
2 302 23 6 7
1 237 317 6 7
1 257 338 10 10
1 244 338 12 13
1 240 355 6 6
1 239 369 7 6
1 210 386 6 7
1 210 394 12 10
1 181 400 6 5
1 184 391 6 5
1 186 381 5 5
1 192 369 10 11
2 40 110 4 7
