9 320 151 3 2
9 260 68 1 3
9 212 31 4 6
9 209 67 2 0
9 205 113 3 5
9 238 274 1 2
9 137 354 2 1
9 181 342 2 1
9 160 281 2 1
9 138 220 3 4
9 176 150 1 2
9 129 159 1 1
9 97 163 2 2
9 67 167 1 1
9 29 175 5 3
9 42 249 5 3
9 31 387 1 1
9 224 72 1 3
9 288 66 1 3
7 338 250 16 24
9 290 318 4 2
9 14 82 5 2
7 231 51 9 16
7 283 339 20 13
9 227 200 5 4
9 63 370 6 2
9 153 70 1 1
9 309 63 6 3
9 391 55 1 3
9 362 58 3 4
9 411 315 1 1
9 302 330 3 3
9 149 252 2 1
9 131 200 1 1
9 368 331 2 1
9 348 378 6 6
9 12 380 5 3
