9 349 184 3 1
9 266 12 0 1
9 135 371 1 0
9 147 372 0 0
9 163 374 1 0
9 172 392 0 0
9 142 259 1 1
9 138 248 1 0
9 151 47 3 2
9 136 34 3 1
9 188 30 4 2
9 205 26 1 1
9 187 249 1 1
9 175 324 1 1
9 195 412 1 1
9 227 404 0 0
9 248 391 0 1
9 215 315 1 1
9 237 238 4 3
9 221 147 1 2
9 203 96 4 3
9 218 93 0 1
9 248 84 1 1
9 119 393 1 0
9 129 335 1 1
9 126 329 1 1
9 75 113 1 1
9 24 74 1 1
9 41 68 2 2
9 16 117 0 0
9 25 132 1 1
9 39 224 1 2
9 72 348 0 1
9 90 178 1 0
9 86 163 1 0
9 84 152 1 1
9 70 94 1 0
9 112 272 1 1
9 80 88 1 1
9 57 61 2 1
9 52 18 2 1
9 101 2 3 1
9 108 8 0 4
9 109 8 0 4
9 98 46 1 1
9 103 233 1 0
9 108 256 1 0
9 251 16 1 1
9 278 75 0 1
9 215 144 5 6
9 265 158 1 3
9 401 242 1 1
9 395 183 0 1
9 404 181 1 1
9 387 130 0 1
9 410 84 1 1
9 408 71 1 0
9 406 61 1 0
9 405 43 1 0
9 407 39 0 1
9 398 5 1 1
9 326 56 1 0
9 306 3 1 2
9 271 381 2 2
9 273 381 2 2
9 252 307 2 3
9 254 306 2 3
2 268 53 1 5
2 272 71 2 4
2 265 18 2 5
2 264 18 2 5
9 97 208 1 2
9 372 279 3 2
9 387 368 1 2
9 371 373 0 1
9 290 156 7 3
9 241 237 1 1
9 271 303 1 2
9 269 382 1 1
9 303 368 1 1
9 318 362 1 1
9 300 296 1 1
9 309 294 0 1
9 322 293 6 2
9 311 192 0 1
2 286 130 2 4
9 351 349 0 1
9 321 63 1 2
9 325 45 1 1
9 324 23 1 1
9 322 5 1 0
9 334 59 0 1
9 369 49 1 1
9 339 141 1 1
9 337 287 0 1
9 338 287 0 1
9 18 76 2 2
