7 362 158 54 95
6 221 199 9 15
6 200 199 10 15
6 189 199 10 15
6 180 199 9 15
6 220 144 10 18
6 210 144 9 17
15 154 167 12 26
6 220 177 10 15
6 210 177 10 14
6 199 177 11 16
6 189 177 9 16
6 220 161 9 15
6 209 161 9 15
6 199 161 9 16
6 189 160 8 16
7 96 251 58 110
6 211 199 10 16
6 180 217 8 15
5 326 203 6 11
6 190 217 10 14
5 314 203 6 12
5 304 203 6 12
5 292 203 5 12
5 306 180 6 12
5 294 180 6 12
5 167 231 6 12
5 157 231 7 12
5 147 231 6 12
5 136 231 6 12
5 146 251 6 11
5 136 251 6 12
6 180 234 9 15
6 221 217 9 15
6 211 217 10 15
6 200 217 10 14
14 92 250 38 60
