11 258 271 5 6
10 261 246 9 8
10 353 225 9 9
11 32 57 7 4
11 101 132 7 7
11 104 135 6 6
11 107 138 6 7
11 110 141 5 6
11 117 135 6 7
11 114 132 7 7
11 109 130 6 7
11 106 127 6 6
11 99 126 6 6
11 101 123 6 7
11 104 120 8 8
11 106 116 7 7
11 109 113 7 7
11 112 109 7 7
11 115 106 7 7
11 120 105 6 7
11 114 116 7 7
11 120 111 7 5
11 30 202 8 7
10 96 266 8 8
11 48 355 8 6
11 173 331 6 5
11 175 328 6 6
11 179 325 7 6
11 189 326 7 5
10 270 255 8 7
10 273 263 10 8
11 204 333 7 6
10 264 256 8 7
10 192 186 14 12
10 189 190 14 12
10 176 229 14 20
10 180 233 13 18
10 185 236 14 19
10 190 237 13 18
10 194 242 14 20
10 199 243 15 22
10 202 247 15 20
10 209 247 15 21
10 213 250 18 24
10 215 268 11 12
10 220 264 10 12
10 222 259 11 13
10 225 255 12 13
10 227 250 12 13
10 231 245 12 13
10 235 241 12 13
10 238 236 11 13
10 241 232 12 13
10 244 228 11 12
10 248 223 12 14
10 280 269 7 7
10 289 263 19 15
10 283 276 9 8
10 279 261 9 8
10 286 267 9 8
11 197 330 7 6
11 194 344 5 7
11 256 269 5 6
11 345 221 7 9
10 306 206 9 7
10 319 214 9 8
10 327 220 8 6
11 334 225 6 6
11 322 224 6 6
10 321 235 10 6
10 330 240 9 6
11 185 142 5 7
11 334 39 8 4
10 83 270 13 12
10 71 264 11 9
11 301 374 5 8
11 313 379 5 6
11 321 384 5 7
11 325 386 4 6
11 332 390 4 7
11 328 388 3 6
11 117 171 6 6
10 268 265 8 8
10 266 273 7 8
10 289 254 8 8
10 293 257 7 7
10 267 287 8 10
10 403 290 8 8
10 398 289 8 10
10 310 223 10 8
10 302 218 10 8
10 297 200 8 7
11 338 216 7 8
11 202 347 6 7
11 331 212 8 8
11 209 350 5 7
11 212 352 5 7
11 265 361 5 8
11 158 364 7 7
11 161 371 7 7
11 192 369 5 6
10 201 374 8 8
11 237 380 7 5
11 261 211 7 8
10 275 203 8 9
11 289 163 8 7
11 293 157 9 8
11 300 146 8 8
11 310 133 7 7
11 317 122 8 7
11 309 118 8 6
11 306 121 8 7
11 302 128 8 8
11 297 134 8 7
11 285 121 8 7
11 279 132 8 7
11 250 128 8 6
11 290 183 7 9
11 324 206 6 8
11 367 200 7 8
11 372 202 6 7
11 328 209 7 7
10 194 181 14 12
