9 169 391 11 20
3 98 235 2 2
3 108 242 7 7
3 88 244 2 2
3 96 246 5 5
3 97 240 3 3
3 93 239 3 3
3 94 234 4 4
3 98 237 1 1
3 134 190 2 2
3 103 231 3 4
3 110 233 3 3
3 111 228 4 4
3 115 230 4 4
3 99 229 3 4
3 125 222 4 3
13 7 310 3 3
3 135 208 4 3
3 133 216 4 3
3 144 88 1 1
3 158 119 3 3
3 146 94 2 2
3 147 92 2 2
3 146 89 2 2
3 144 92 2 2
3 144 90 1 1
3 155 163 4 4
3 140 203 6 6
3 133 161 2 3
3 137 164 4 5
3 132 166 4 4
3 136 168 2 2
3 139 168 3 3
3 143 211 6 6
3 126 218 4 3
3 117 210 3 3
8 220 247 17 25
8 11 195 22 12
2 214 256 3 2
3 114 278 1 1
3 115 276 1 1
2 216 240 3 2
2 118 169 3 9
8 7 187 14 9
8 3 200 6 6
3 141 144 3 3
8 4 206 9 7
8 24 271 6 7
8 19 274 6 7
8 14 276 5 7
8 9 278 4 6
8 6 280 5 7
2 198 247 4 3
3 195 127 2 2
3 115 206 4 3
3 136 193 3 4
3 118 207 3 3
3 122 206 3 3
3 124 200 3 3
3 127 201 3 3
3 126 195 2 2
3 133 197 3 3
8 10 272 5 6
3 196 130 3 3
8 6 273 5 7
8 2 276 5 6
2 39 238 5 7
2 78 159 6 18
8 123 50 29 32
8 137 40 19 56
3 165 114 4 4
