11 398 295 15 16
11 223 215 12 18
11 222 236 11 15
11 230 239 10 17
11 164 244 15 11
11 187 250 18 11
11 164 261 13 17
11 225 253 18 10
11 172 265 10 17
11 197 269 11 17
11 205 271 11 18
11 223 274 11 17
11 240 219 12 17
11 249 221 12 17
11 256 223 10 15
11 264 224 11 16
11 272 225 12 17
11 281 228 11 18
11 288 231 10 17
11 298 233 9 16
11 240 241 12 17
11 231 217 13 18
11 215 214 11 17
11 256 244 11 15
11 210 235 11 17
11 74 122 11 16
11 91 126 10 16
11 115 132 10 15
11 123 133 11 18
11 132 136 8 13
11 141 136 9 15
11 203 149 24 13
11 190 165 12 18
11 202 168 10 16
11 214 171 10 17
11 222 172 9 16
11 230 174 10 17
11 239 176 11 17
11 247 178 11 17
11 179 204 11 18
11 156 218 9 16
11 173 226 11 15
11 185 227 10 16
11 197 230 8 13
11 248 242 11 17
11 264 246 11 17
11 397 264 11 17
11 246 314 8 15
11 291 303 19 19
11 290 291 20 17
11 305 292 17 16
11 313 287 15 16
11 321 281 16 19
11 328 275 19 19
11 344 257 17 10
11 347 247 16 8
11 349 238 17 11
11 346 228 17 11
11 342 219 18 14
11 334 210 16 15
11 327 203 15 17
11 320 197 16 18
11 310 194 13 17
11 301 190 12 15
11 276 169 16 16
11 402 204 18 11
11 404 213 18 11
10 255 312 10 18
11 239 314 9 17
11 272 247 10 15
11 231 315 8 14
11 280 249 11 17
11 288 251 10 16
11 297 252 11 15
11 6 321 9 15
11 15 321 10 15
11 22 321 8 16
11 34 326 17 7
11 54 326 16 7
11 127 308 19 18
11 145 319 8 18
11 154 319 9 16
11 164 319 7 15
11 172 318 8 17
11 180 318 8 16
11 188 317 10 17
11 197 317 9 16
11 205 316 10 18
11 214 316 8 16
11 223 315 9 16
11 16 110 10 13
