0 0.8221153846153846 0.8341346153846154 0.0061255742725880545 0.009698825931597753
0 0.39903846153846156 0.4735576923076923 0.010719754977029096 0.017866258295048492
0 0.3076923076923077 0.4951923076923077 0.010719754977029096 0.018121490556406328
0 0.31490384615384615 0.49278846153846156 0.010209290454313423 0.018121490556406328
0 0.32211538461538464 0.49278846153846156 0.009698825931597753 0.018376722817764164
0 0.3293269230769231 0.49038461538461536 0.01046452271567126 0.017866258295048492
0 0.33413461538461536 0.4879807692307692 0.011230219499744768 0.018121490556406328
0 0.34134615384615385 0.4879807692307692 0.01046452271567126 0.017100561510974985
0 0.3485576923076923 0.4855769230769231 0.01046452271567126 0.018121490556406328
0 0.35336538461538464 0.4855769230769231 0.010974987238386932 0.018121490556406328
0 0.3605769230769231 0.4831730769230769 0.01046452271567126 0.017866258295048492
0 0.36538461538461536 0.4807692307692308 0.010719754977029096 0.017611026033690656
0 0.37259615384615385 0.4807692307692308 0.010209290454313423 0.017866258295048492
0 0.3798076923076923 0.47836538461538464 0.01046452271567126 0.018121490556406328
0 0.3870192307692308 0.47596153846153844 0.010974987238386932 0.017866258295048492
0 0.4110576923076923 0.47115384615384615 0.010719754977029096 0.017866258295048492
0 0.28846153846153844 0.4807692307692308 0.01582440020418581 0.014803471158754467
0 0.4182692307692308 0.46875 0.011230219499744768 0.017611026033690656
0 0.46153846153846156 0.4639423076923077 0.01914241960183767 0.009954058192955587
0 0.4639423076923077 0.4831730769230769 0.018376722817764164 0.008933129147524246
0 0.46634615384615385 0.4879807692307692 0.017866258295048492 0.008933129147524246
0 0.46875 0.5 0.018887187340479835 0.010719754977029096
0 0.47115384615384615 0.5072115384615384 0.018121490556406328 0.010209290454313423
0 0.43509615384615385 0.4855769230769231 0.008933129147524246 0.017100561510974985
0 0.4206730769230769 0.4879807692307692 0.00867789688616641 0.016590096988259313
0 0.4014423076923077 0.49278846153846156 0.00867789688616641 0.017866258295048492
0 0.3894230769230769 0.4951923076923077 0.009188361408882082 0.017611026033690656
0 0.37740384615384615 0.49759615384615385 0.008933129147524246 0.017611026033690656
0 0.3701923076923077 0.5 0.008422664624808575 0.016590096988259313
0 0.3629807692307692 0.5024038461538461 0.00867789688616641 0.017100561510974985
0 0.33653846153846156 0.47115384615384615 0.01633486472690148 0.009698825931597753
0 0.2980769230769231 0.49759615384615385 0.010209290454313423 0.017866258295048492
0 0.8149038461538461 0.3942307692307692 0.013016845329249616 0.02016334864726901
0 0.13942307692307693 0.47596153846153844 0.0061255742725880545 0.010974987238386932
0 0.11538461538461539 0.4375 0.00638080653394589 0.009954058192955587
0 0.12259615384615384 0.43509615384615385 0.006636038795303726 0.011230219499744768
0 0.07932692307692307 0.4206730769230769 0.007656967840735069 0.012251148545176109
0 0.08653846153846154 0.40625 0.010209290454313423 0.009443593670239918
0 0.07211538461538461 0.39663461538461536 0.010719754977029096 0.008933129147524246
0 0.09134615384615384 0.3894230769230769 0.010974987238386932 0.00587034201123022
0 0.10576923076923077 0.40625 0.00816743236345074 0.012251148545176109
0 0.12740384615384615 0.4014423076923077 0.007656967840735069 0.012506380806533945
0 0.125 0.3798076923076923 0.008422664624808575 0.0061255742725880545
0 0.1346153846153846 0.3798076923076923 0.00638080653394589 0.010209290454313423
0 0.15625 0.4230769230769231 0.012251148545176109 0.0071465033180193975
0 0.10096153846153846 0.4951923076923077 0.011230219499744768 0.00816743236345074
0 0.12740384615384615 0.47836538461538464 0.007912200102092905 0.011995916283818273
0 0.11538461538461539 0.4831730769230769 0.007401735579377233 0.011485451761102604
0 0.2932692307692308 0.49759615384615385 0.010974987238386932 0.01914241960183767
0 0.10096153846153846 0.5024038461538461 0.011995916283818273 0.00816743236345074
0 0.10336538461538461 0.5072115384615384 0.009954058192955587 0.007401735579377233
0 0.10336538461538461 0.5144230769230769 0.010974987238386932 0.007401735579377233
0 0.0673076923076923 0.5240384615384616 0.010719754977029096 0.0071465033180193975
0 0.07692307692307693 0.5216346153846154 0.010974987238386932 0.0071465033180193975
0 0.07932692307692307 0.5264423076923077 0.010209290454313423 0.006891271056661561
0 0.24759615384615385 0.5096153846153846 0.01046452271567126 0.018631955079122
0 0.2548076923076923 0.5072115384615384 0.010974987238386932 0.019397651863195507
0 0.2620192307692308 0.5048076923076923 0.011995916283818273 0.018376722817764164
0 0.2668269230769231 0.5048076923076923 0.011485451761102604 0.019397651863195507
0 0.27403846153846156 0.5024038461538461 0.010974987238386932 0.018631955079122
0 0.28125 0.5024038461538461 0.011230219499744768 0.01914241960183767
0 0.2860576923076923 0.5 0.011230219499744768 0.018631955079122
0 0.3581730769230769 0.5024038461538461 0.00867789688616641 0.01684532924961715
0 0.40865384615384615 0.5120192307692307 0.011485451761102604 0.017100561510974985
0 0.34615384615384615 0.5048076923076923 0.00816743236345074 0.017100561510974985
0 0.7211538461538461 0.42788461538461536 0.013272077590607452 0.024502297090352218
0 0.6850961538461539 0.4831730769230769 0.022970903522205207 0.0222052067381317
0 0.6947115384615384 0.4807692307692308 0.023226135783563043 0.0222052067381317
0 0.7043269230769231 0.47836538461538464 0.025267993874425725 0.024502297090352218
0 0.7139423076923077 0.47836538461538464 0.024247064828994382 0.023991832567636547
0 0.7211538461538461 0.4735576923076923 0.024757529351710054 0.024247064828994382
0 0.6586538461538461 0.46153846153846156 0.02679938744257274 0.013016845329249616
0 0.5913461538461539 0.4375 0.01174068402246044 0.021439509954058193
0 0.6033653846153846 0.43509615384615385 0.014293006636038795 0.026033690658499233
0 0.6129807692307693 0.4326923076923077 0.013782542113323122 0.024247064828994382
0 0.6346153846153846 0.4375 0.018631955079122 0.04134762633996937
0 0.6418269230769231 0.4326923076923077 0.018631955079122 0.04058192955589586
0 0.6634615384615384 0.42788461538461536 0.018121490556406328 0.04083716181725369
0 0.7091346153846154 0.4254807692307692 0.014803471158754467 0.028075548749361915
0 0.7307692307692307 0.4254807692307692 0.013527309851965288 0.02501276161306789
0 0.3389423076923077 0.5072115384615384 0.007912200102092905 0.016590096988259313
0 0.49759615384615385 0.43990384615384615 0.017100561510974985 0.04083716181725369
0 0.5336538461538461 0.40625 0.02552322613578356 0.013527309851965288
0 0.5360576923076923 0.39663461538461536 0.02833078101071975 0.013016845329249616
0 0.5336538461538461 0.3894230769230769 0.027309851965288408 0.013527309851965288
0 0.53125 0.37259615384615385 0.02782031648800408 0.014293006636038795
0 0.5240384615384616 0.36538461538461536 0.024502297090352218 0.013272077590607452
0 0.5240384615384616 0.3581730769230769 0.024502297090352218 0.012506380806533945
0 0.5216346153846154 0.3317307692307692 0.024757529351710054 0.011995916283818273
0 0.5192307692307693 0.3245192307692308 0.024502297090352218 0.012506380806533945
0 0.5168269230769231 0.31490384615384615 0.02552322613578356 0.014037774374680958
0 0.7716346153846154 0.41346153846153844 0.01914241960183767 0.04083716181725369
0 0.78125 0.4110576923076923 0.01914241960183767 0.04058192955589586
0 0.6802884615384616 0.4855769230769231 0.02552322613578356 0.02348136804492088
0 0.6682692307692307 0.4879807692307692 0.0222052067381317 0.021694742215416028
0 0.6586538461538461 0.4879807692307692 0.02348136804492088 0.021694742215416028
0 0.6490384615384616 0.49038461538461536 0.020418580908626846 0.019652884124553342
0 0.3317307692307692 0.5072115384615384 0.01046452271567126 0.01735579377233282
0 0.3245192307692308 0.5096153846153846 0.00816743236345074 0.01684532924961715
0 0.31971153846153844 0.5120192307692307 0.007656967840735069 0.01633486472690148
0 0.3125 0.5120192307692307 0.010719754977029096 0.017611026033690656
0 0.30288461538461536 0.5168269230769231 0.008422664624808575 0.017611026033690656
0 0.2956730769230769 0.5168269230769231 0.008933129147524246 0.01735579377233282
0 0.29086538461538464 0.5192307692307693 0.008933129147524246 0.01735579377233282
0 0.28365384615384615 0.5192307692307693 0.009188361408882082 0.01735579377233282
0 0.2764423076923077 0.5216346153846154 0.00867789688616641 0.017611026033690656
0 0.2644230769230769 0.5240384615384616 0.008422664624808575 0.017100561510974985
0 0.3798076923076923 0.53125 0.018376722817764164 0.010974987238386932
0 0.3605769230769231 0.5360576923076923 0.018631955079122 0.009698825931597753
0 0.42788461538461536 0.5528846153846154 0.018631955079122 0.01046452271567126
0 0.31009615384615385 0.5504807692307693 0.010719754977029096 0.017866258295048492
0 0.28365384615384615 0.5552884615384616 0.010719754977029096 0.018376722817764164
0 0.27884615384615385 0.5576923076923077 0.01046452271567126 0.018887187340479835
0 0.27163461538461536 0.5576923076923077 0.009954058192955587 0.018631955079122
0 0.4735576923076923 0.4254807692307692 0.014037774374680958 0.02552322613578356
0 0.4567307692307692 0.3317307692307692 0.01582440020418581 0.03598774885145482
0 0.4639423076923077 0.32211538461538464 0.01735579377233282 0.042368555385400714
0 0.5985576923076923 0.5048076923076923 0.02348136804492088 0.021694742215416028
0 0.6105769230769231 0.5048076923076923 0.022460438999489536 0.021439509954058193
0 0.6177884615384616 0.5 0.024757529351710054 0.02348136804492088
0 0.625 0.49759615384615385 0.022460438999489536 0.0222052067381317
0 0.6346153846153846 0.49759615384615385 0.024757529351710054 0.023736600306278714
0 0.6418269230769231 0.49278846153846156 0.024757529351710054 0.023736600306278714
0 0.125 0.4519230769230769 0.0071465033180193975 0.011995916283818273
0 0.11778846153846154 0.4543269230769231 0.007912200102092905 0.01276161306789178
0 0.10096153846153846 0.43990384615384615 0.007401735579377233 0.01174068402246044
0 0.06490384615384616 0.40625 0.011230219499744768 0.009443593670239918
0 0.2091346153846154 0.5168269230769231 0.010209290454313423 0.018376722817764164
0 0.21634615384615385 0.5168269230769231 0.009954058192955587 0.018376722817764164
0 0.22115384615384615 0.5144230769230769 0.01046452271567126 0.018376722817764164
0 0.2283653846153846 0.5144230769230769 0.010209290454313423 0.018631955079122
0 0.23557692307692307 0.5120192307692307 0.01046452271567126 0.018887187340479835
0 0.2403846153846154 0.5096153846153846 0.010719754977029096 0.018887187340479835
0 0.22596153846153846 0.5336538461538461 0.009698825931597753 0.017611026033690656
0 0.24759615384615385 0.5456730769230769 0.018887187340479835 0.010719754977029096
0 0.07451923076923077 0.3942307692307692 0.009698825931597753 0.008422664624808575
0 0.0673076923076923 0.4014423076923077 0.011995916283818273 0.010719754977029096
0 0.08653846153846154 0.41586538461538464 0.008422664624808575 0.012506380806533945
0 0.07211538461538461 0.44711538461538464 0.0061255742725880545 0.011230219499744768
0 0.09375 0.41346153846153844 0.0071465033180193975 0.010719754977029096
0 0.07692307692307693 0.3870192307692308 0.009188361408882082 0.00867789688616641
0 0.10336538461538461 0.3870192307692308 0.011230219499744768 0.007401735579377233
0 0.11057692307692307 0.39663461538461536 0.01174068402246044 0.0071465033180193975
0 0.12259615384615384 0.40384615384615385 0.006636038795303726 0.01174068402246044
0 0.0985576923076923 0.40865384615384615 0.0071465033180193975 0.010974987238386932
0 0.11538461538461539 0.40625 0.0071465033180193975 0.01174068402246044
0 0.055288461538461536 0.4230769230769231 0.009698825931597753 0.008933129147524246
0 0.052884615384615384 0.42788461538461536 0.009954058192955587 0.009698825931597753
0 0.04326923076923077 0.4423076923076923 0.010209290454313423 0.00816743236345074
0 0.06009615384615385 0.4543269230769231 0.0071465033180193975 0.010719754977029096
0 0.06009615384615385 0.46634615384615385 0.006636038795303726 0.011995916283818273
0 0.0673076923076923 0.4639423076923077 0.006636038795303726 0.011995916283818273
0 0.20432692307692307 0.5192307692307693 0.009698825931597753 0.018631955079122
0 0.1971153846153846 0.5216346153846154 0.009954058192955587 0.017866258295048492
0 0.18990384615384615 0.5240384615384616 0.009443593670239918 0.018887187340479835
0 0.18269230769230768 0.5240384615384616 0.009698825931597753 0.018121490556406328
0 0.5 0.24278846153846154 0.024757529351710054 0.01276161306789178
0 0.46634615384615385 0.2668269230769231 0.01735579377233282 0.04083716181725369
0 0.44711538461538464 0.29086538461538464 0.016079632465543645 0.04032669729453802
0 0.47836538461538464 0.20673076923076922 0.04134762633996937 0.01633486472690148
0 0.4807692307692308 0.19471153846153846 0.03547728432873915 0.015569167942827974
0 0.5120192307692307 0.2932692307692308 0.02782031648800408 0.014037774374680958
0 0.5096153846153846 0.2860576923076923 0.02782031648800408 0.013782542113323122
0 0.5072115384615384 0.2764423076923077 0.02782031648800408 0.014037774374680958
0 0.5072115384615384 0.2692307692307692 0.027309851965288408 0.013272077590607452
0 0.5048076923076923 0.2620192307692308 0.02782031648800408 0.014293006636038795
0 0.5 0.2548076923076923 0.023991832567636547 0.013016845329249616
0 0.9230769230769231 0.11057692307692307 0.022460438999489536 0.02016334864726901
0 0.9254807692307693 0.12980769230769232 0.02348136804492088 0.019397651863195507
0 0.16105769230769232 0.4951923076923077 0.009698825931597753 0.018376722817764164
0 0.15384615384615385 0.4951923076923077 0.009698825931597753 0.017611026033690656
0 0.14903846153846154 0.49759615384615385 0.010209290454313423 0.017611026033690656
0 0.13701923076923078 0.5 0.009443593670239918 0.017611026033690656
0 0.12740384615384615 0.5144230769230769 0.017866258295048492 0.009188361408882082
0 0.12980769230769232 0.5216346153846154 0.01684532924961715 0.009698825931597753
0 0.12980769230769232 0.5264423076923077 0.017100561510974985 0.010209290454313423
0 0.13221153846153846 0.5336538461538461 0.017100561510974985 0.009954058192955587
0 0.1346153846153846 0.5384615384615384 0.016590096988259313 0.009698825931597753
0 0.1346153846153846 0.5456730769230769 0.01633486472690148 0.010209290454313423
0 0.13701923076923078 0.5528846153846154 0.01633486472690148 0.009954058192955587
0 0.1778846153846154 0.5120192307692307 0.009443593670239918 0.01735579377233282
0 0.07211538461538461 0.46153846153846156 0.006636038795303726 0.01046452271567126
0 0.036057692307692304 0.4543269230769231 0.011485451761102604 0.009954058192955587
0 0.10576923076923077 0.4567307692307692 0.006891271056661561 0.01174068402246044
0 0.0625 0.5072115384615384 0.009954058192955587 0.006891271056661561
0 0.03365384615384615 0.4951923076923077 0.01174068402246044 0.0071465033180193975
0 0.03365384615384615 0.49038461538461536 0.010974987238386932 0.006891271056661561
0 0.03125 0.4831730769230769 0.008933129147524246 0.00638080653394589
0 0.1875 0.5432692307692307 0.008422664624808575 0.016590096988259313
0 0.10817307692307693 0.5336538461538461 0.010719754977029096 0.007656967840735069
0 0.08173076923076923 0.5432692307692307 0.011230219499744768 0.0071465033180193975
0 0.06971153846153846 0.5408653846153846 0.009954058192955587 0.007401735579377233
0 0.0673076923076923 0.5336538461538461 0.011230219499744768 0.007401735579377233
0 0.04567307692307692 0.5504807692307693 0.010974987238386932 0.00867789688616641
0 0.04567307692307692 0.5456730769230769 0.01046452271567126 0.006891271056661561
0 0.038461538461538464 0.5168269230769231 0.01046452271567126 0.007401735579377233
0 0.03365384615384615 0.5 0.010719754977029096 0.0071465033180193975
0 0.0625 0.5024038461538461 0.009954058192955587 0.0071465033180193975
0 0.07211538461538461 0.5 0.010209290454313423 0.0071465033180193975
0 0.03365384615384615 0.45913461538461536 0.011230219499744768 0.009443593670239918
0 0.06971153846153846 0.49278846153846156 0.010974987238386932 0.007912200102092905
0 0.06971153846153846 0.4879807692307692 0.010719754977029096 0.0071465033180193975
0 0.028846153846153848 0.4735576923076923 0.009698825931597753 0.00587034201123022
0 0.038461538461538464 0.4495192307692308 0.010719754977029096 0.009443593670239918
0 0.04807692307692308 0.43509615384615385 0.010974987238386932 0.009443593670239918
0 0.07692307692307693 0.46153846153846156 0.006636038795303726 0.011230219499744768
0 0.09134615384615384 0.4567307692307692 0.0061255742725880545 0.01046452271567126
0 0.06490384615384616 0.4495192307692308 0.005615109749872384 0.009698825931597753
0 0.07692307692307693 0.44711538461538464 0.006891271056661561 0.010974987238386932
0 0.08413461538461539 0.44711538461538464 0.006636038795303726 0.010719754977029096
0 0.0889423076923077 0.44471153846153844 0.007656967840735069 0.011485451761102604
0 0.09615384615384616 0.44471153846153844 0.006891271056661561 0.011230219499744768
0 0.0985576923076923 0.4567307692307692 0.0071465033180193975 0.010719754977029096
0 0.036057692307692304 0.5072115384615384 0.010209290454313423 0.00638080653394589
0 0.038461538461538464 0.5120192307692307 0.010719754977029096 0.0071465033180193975
0 0.040865384615384616 0.5240384615384616 0.011485451761102604 0.007656967840735069
0 0.0625 0.5120192307692307 0.010974987238386932 0.007656967840735069
0 0.028846153846153848 0.46634615384615385 0.011995916283818273 0.006891271056661561
0 0.08653846153846154 0.45913461538461536 0.006891271056661561 0.010974987238386932
0 0.10817307692307693 0.43990384615384615 0.006891271056661561 0.010209290454313423
0 0.11057692307692307 0.4543269230769231 0.007912200102092905 0.011995916283818273
0 0.11298076923076923 0.38461538461538464 0.011230219499744768 0.006636038795303726
0 0.1466346153846154 0.46153846153846156 0.008422664624808575 0.013016845329249616
0 0.14423076923076922 0.47596153846153844 0.007401735579377233 0.011485451761102604
0 0.1346153846153846 0.47836538461538464 0.006636038795303726 0.011230219499744768
0 0.12259615384615384 0.4807692307692308 0.0071465033180193975 0.01174068402246044
0 0.11057692307692307 0.4831730769230769 0.007912200102092905 0.012506380806533945
0 0.09615384615384616 0.4831730769230769 0.011230219499744768 0.00587034201123022
0 0.0985576923076923 0.4879807692307692 0.012506380806533945 0.007401735579377233
0 0.10576923076923077 0.5216346153846154 0.01174068402246044 0.0061255742725880545
0 0.07451923076923077 0.5096153846153846 0.011230219499744768 0.0071465033180193975
0 0.07451923076923077 0.5048076923076923 0.01046452271567126 0.00638080653394589
0 0.07932692307692307 0.53125 0.009954058192955587 0.00638080653394589
0 0.08173076923076923 0.5384615384615384 0.01174068402246044 0.006891271056661561
0 0.08413461538461539 0.5480769230769231 0.009443593670239918 0.0071465033180193975
0 0.08653846153846154 0.5528846153846154 0.010719754977029096 0.0061255742725880545
0 0.11298076923076923 0.5480769230769231 0.012251148545176109 0.006891271056661561
0 0.11298076923076923 0.5528846153846154 0.009698825931597753 0.00638080653394589
0 0.11057692307692307 0.5408653846153846 0.011485451761102604 0.00867789688616641
0 0.04326923076923077 0.5384615384615384 0.011230219499744768 0.00638080653394589
0 0.0673076923076923 0.5288461538461539 0.011230219499744768 0.00638080653394589
0 0.04326923076923077 0.5336538461538461 0.01046452271567126 0.006636038795303726
0 0.040865384615384616 0.5288461538461539 0.010974987238386932 0.006636038795303726
0 0.06490384615384616 0.5168269230769231 0.009954058192955587 0.005615109749872384
0 0.8076923076923077 0.39903846153846156 0.01633486472690148 0.027309851965288408
0 0.8269230769230769 0.38461538461538464 0.01276161306789178 0.020418580908626846
0 0.8149038461538461 0.8677884615384616 0.00638080653394589 0.010974987238386932
0 0.5745192307692307 0.5793269230769231 0.010719754977029096 0.006891271056661561
0 0.4567307692307692 0.6057692307692307 0.013016845329249616 0.025778458397141397
0 0.4639423076923077 0.6033653846153846 0.013272077590607452 0.02628892291985707
0 0.47115384615384615 0.5985576923076923 0.010719754977029096 0.019397651863195507
0 0.47836538461538464 0.5985576923076923 0.013527309851965288 0.0222052067381317
0 0.5408653846153846 0.7884615384615384 0.03956100051046452 0.016079632465543645
0 0.5168269230769231 0.6730769230769231 0.014293006636038795 0.022460438999489536
0 0.6850961538461539 0.6129807692307693 0.01633486472690148 0.03879530372639101
0 0.6971153846153846 0.6105769230769231 0.017100561510974985 0.04007146503318019
0 0.7115384615384616 0.6057692307692307 0.015569167942827974 0.04083716181725369
0 0.5264423076923077 0.6081730769230769 0.010719754977029096 0.00638080653394589
0 0.5817307692307693 0.6177884615384616 0.009698825931597753 0.00638080653394589
0 0.6081730769230769 0.6057692307692307 0.012251148545176109 0.006891271056661561
0 0.5769230769230769 0.5961538461538461 0.010974987238386932 0.00638080653394589
0 0.6105769230769231 0.6177884615384616 0.009698825931597753 0.00638080653394589
0 0.39663461538461536 0.6201923076923077 0.014293006636038795 0.02501276161306789
0 0.6466346153846154 0.6057692307692307 0.013016845329249616 0.007912200102092905
0 0.6153846153846154 0.5889423076923077 0.01174068402246044 0.00816743236345074
0 0.5769230769230769 0.5889423076923077 0.009443593670239918 0.0061255742725880545
0 0.5817307692307693 0.6105769230769231 0.010974987238386932 0.007401735579377233
0 0.6081730769230769 0.6105769230769231 0.011230219499744768 0.007656967840735069
0 0.6225961538461539 0.6225961538461539 0.013016845329249616 0.007912200102092905
0 0.625 0.6322115384615384 0.01046452271567126 0.00638080653394589
0 0.6466346153846154 0.6105769230769231 0.01046452271567126 0.00587034201123022
0 0.7956730769230769 0.5480769230769231 0.03981623277182235 0.017611026033690656
0 0.8317307692307693 0.5432692307692307 0.011485451761102604 0.006636038795303726
0 0.84375 0.5961538461538461 0.009954058192955587 0.0071465033180193975
0 0.8461538461538461 0.6129807692307693 0.009698825931597753 0.00638080653394589
0 0.84375 0.6057692307692307 0.009954058192955587 0.00638080653394589
0 0.4254807692307692 0.6129807692307693 0.014037774374680958 0.023991832567636547
0 0.37259615384615385 0.625 0.013782542113323122 0.022970903522205207
0 0.8365384615384616 0.3798076923076923 0.014037774374680958 0.02271567126084737
0 0.08653846153846154 0.5600961538461539 0.01046452271567126 0.006636038795303726
0 0.08173076923076923 0.5432692307692307 0.01046452271567126 0.007401735579377233
0 0.11538461538461539 0.5600961538461539 0.011485451761102604 0.00816743236345074
0 0.11778846153846154 0.5721153846153846 0.012251148545176109 0.007912200102092905
0 0.1201923076923077 0.5769230769230769 0.012251148545176109 0.006891271056661561
0 0.12259615384615384 0.5841346153846154 0.01046452271567126 0.006636038795303726
0 0.125 0.5985576923076923 0.011995916283818273 0.007401735579377233
0 0.24519230769230768 0.6081730769230769 0.015313935681470138 0.009188361408882082
0 0.4110576923076923 0.5697115384615384 0.01914241960183767 0.009954058192955587
0 0.3485576923076923 0.5600961538461539 0.008933129147524246 0.017866258295048492
0 0.31971153846153844 0.5673076923076923 0.009188361408882082 0.018121490556406328
0 0.3581730769230769 0.6274038461538461 0.013527309851965288 0.02552322613578356
0 0.25961538461538464 0.5625 0.010974987238386932 0.018376722817764164
0 0.25240384615384615 0.5625 0.010209290454313423 0.018887187340479835
0 0.24519230769230768 0.5649038461538461 0.010719754977029096 0.018376722817764164
0 0.25721153846153844 0.5817307692307693 0.009188361408882082 0.017611026033690656
0 0.2692307692307692 0.5793269230769231 0.009188361408882082 0.018376722817764164
0 0.2764423076923077 0.5769230769230769 0.008422664624808575 0.017611026033690656
0 0.32211538461538464 0.6394230769230769 0.013272077590607452 0.02348136804492088
0 0.3293269230769231 0.6346153846153846 0.011995916283818273 0.021949974476773864
0 0.33653846153846156 0.6322115384615384 0.010719754977029096 0.018887187340479835
0 0.34375 0.6322115384615384 0.013016845329249616 0.021949974476773864
0 0.35336538461538464 0.6322115384615384 0.013016845329249616 0.025778458397141397
0 0.8653846153846154 0.6826923076923077 0.010974987238386932 0.0071465033180193975
0 0.9927884615384616 0.7475961538461539 0.014803471158754467 0.017611026033690656
0 0.09615384615384616 0.7932692307692307 0.011995916283818273 0.02552322613578356
0 0.8197115384615384 0.8701923076923077 0.0061255742725880545 0.01046452271567126
0 0.007211538461538462 0.8605769230769231 0.011995916283818273 0.007656967840735069
0 0.25 0.8365384615384616 0.04032669729453802 0.01684532924961715
0 0.2548076923076923 0.8269230769230769 0.039305768249106685 0.016590096988259313
0 0.3581730769230769 0.8317307692307693 0.04185809086268504 0.015569167942827974
0 0.3942307692307692 0.8221153846153846 0.023226135783563043 0.013016845329249616
0 0.49038461538461536 0.8004807692307693 0.042879019908116385 0.01633486472690148
0 0.28846153846153844 0.8269230769230769 0.01276161306789178 0.014037774374680958
0 0.3389423076923077 0.8846153846153846 0.03649821337417049 0.01276161306789178
0 0.5072115384615384 0.8677884615384616 0.027054619703930576 0.01174068402246044
0 0.53125 0.8629807692307693 0.02348136804492088 0.01046452271567126
0 0.5649038461538461 0.8557692307692307 0.019397651863195507 0.01046452271567126
0 0.8293269230769231 0.8341346153846154 0.00638080653394589 0.010974987238386932
0 0.11057692307692307 0.8004807692307693 0.013016845329249616 0.02552322613578356
0 0.8557692307692307 0.8269230769230769 0.010974987238386932 0.006636038795303726
0 0.8221153846153846 0.8581730769230769 0.005615109749872384 0.009698825931597753
0 0.7692307692307693 0.8870192307692307 0.006636038795303726 0.010974987238386932
0 0.7740384615384616 0.8894230769230769 0.006636038795303726 0.012506380806533945
0 0.78125 0.8894230769230769 0.007656967840735069 0.011995916283818273
0 0.7932692307692307 0.8918269230769231 0.0071465033180193975 0.010974987238386932
0 0.8100961538461539 0.8966346153846154 0.005615109749872384 0.008933129147524246
0 0.8052884615384616 0.8822115384615384 0.012251148545176109 0.00587034201123022
0 0.8173076923076923 0.8966346153846154 0.00587034201123022 0.010719754977029096
0 0.7884615384615384 0.8629807692307693 0.00587034201123022 0.009698825931597753
0 0.7932692307692307 0.8653846153846154 0.00638080653394589 0.01046452271567126
0 0.8004807692307693 0.8653846153846154 0.0071465033180193975 0.009954058192955587
0 0.8052884615384616 0.8677884615384616 0.00638080653394589 0.010209290454313423
0 0.055288461538461536 0.875 0.007656967840735069 0.011485451761102604
0 0.06490384615384616 0.8725961538461539 0.007656967840735069 0.012251148545176109
0 0.07211538461538461 0.8725961538461539 0.007912200102092905 0.012506380806533945
0 0.07692307692307693 0.8605769230769231 0.012506380806533945 0.0071465033180193975
0 0.1201923076923077 0.7932692307692307 0.013272077590607452 0.02679938744257274
0 0.09615384615384616 0.8293269230769231 0.01276161306789178 0.026544155181214904
0 0.10336538461538461 0.8197115384615384 0.01276161306789178 0.02552322613578356
0 0.11538461538461539 0.8245192307692307 0.012506380806533945 0.021694742215416028
0 0.125 0.8197115384615384 0.012506380806533945 0.024247064828994382
0 0.11057692307692307 0.8461538461538461 0.013527309851965288 0.0222052067381317
0 0.12259615384615384 0.8485576923076923 0.013527309851965288 0.024757529351710054
0 0.1658653846153846 0.8485576923076923 0.04032669729453802 0.01735579377233282
0 0.16105769230769232 0.8581730769230769 0.04492087799897907 0.018376722817764164
0 0.23317307692307693 0.8485576923076923 0.042368555385400714 0.015058703420112302
0 0.03125 0.8173076923076923 0.0071465033180193975 0.012506380806533945
0 0.03365384615384615 0.84375 0.008422664624808575 0.013782542113323122
0 0.036057692307692304 0.8557692307692307 0.007401735579377233 0.011485451761102604
0 0.040865384615384616 0.8533653846153846 0.00638080653394589 0.010974987238386932
0 0.07451923076923077 0.8557692307692307 0.010719754977029096 0.00638080653394589
0 0.06009615384615385 0.875 0.00638080653394589 0.009954058192955587
0 0.038461538461538464 0.8798076923076923 0.0071465033180193975 0.010209290454313423
0 0.009615384615384616 0.8725961538461539 0.010974987238386932 0.007656967840735069
0 0.057692307692307696 0.8125 0.007656967840735069 0.01174068402246044
0 0.040865384615384616 0.8173076923076923 0.007401735579377233 0.011485451761102604
0 0.02403846153846154 0.8197115384615384 0.0071465033180193975 0.011485451761102604
0 0.038461538461538464 0.8413461538461539 0.007401735579377233 0.010719754977029096
0 0.07211538461538461 0.8317307692307693 0.010719754977029096 0.00816743236345074
0 0.07451923076923077 0.84375 0.012506380806533945 0.008422664624808575
0 0.07451923076923077 0.8509615384615384 0.01174068402246044 0.00816743236345074
0 0.0889423076923077 0.5697115384615384 0.011230219499744768 0.007656967840735069
0 0.09375 0.5865384615384616 0.01046452271567126 0.006636038795303726
0 0.09134615384615384 0.5817307692307693 0.011485451761102604 0.008933129147524246
0 0.9807692307692307 0.3918269230769231 0.007656967840735069 0.011485451761102604
0 0.9903846153846154 0.37740384615384615 0.007401735579377233 0.011230219499744768
0 0.9951923076923077 0.37740384615384615 0.005615109749872384 0.009188361408882082
0 0.9975961538461539 0.3870192307692308 0.00638080653394589 0.011485451761102604
0 0.9927884615384616 0.41586538461538464 0.007656967840735069 0.01276161306789178
0 0.13942307692307693 0.5600961538461539 0.016079632465543645 0.009698825931597753
0 0.13942307692307693 0.5673076923076923 0.017100561510974985 0.010719754977029096
0 0.13942307692307693 0.5745192307692307 0.017866258295048492 0.009698825931597753
0 0.07692307692307693 0.7451923076923077 0.01276161306789178 0.02628892291985707
0 0.22115384615384615 0.5697115384615384 0.010209290454313423 0.018376722817764164
0 0.21394230769230768 0.5721153846153846 0.010719754977029096 0.01914241960183767
0 0.18269230769230768 0.5745192307692307 0.016590096988259313 0.009954058192955587
0 0.18509615384615385 0.5793269230769231 0.016590096988259313 0.009954058192955587
0 0.1875 0.5865384615384616 0.017100561510974985 0.010209290454313423
0 0.1875 0.59375 0.017100561510974985 0.010719754977029096
0 0.18990384615384615 0.5985576923076923 0.018121490556406328 0.010209290454313423
0 0.19230769230769232 0.6057692307692307 0.017100561510974985 0.010719754977029096
0 0.19230769230769232 0.6129807692307693 0.01735579377233282 0.010719754977029096
0 0.21634615384615385 0.5913461538461539 0.009954058192955587 0.018887187340479835
0 0.09375 0.6923076923076923 0.008933129147524246 0.027309851965288408
0 0.09134615384615384 0.7211538461538461 0.009698825931597753 0.021949974476773864
0 0.9783653846153846 0.3557692307692308 0.007656967840735069 0.01174068402246044
0 0.9735576923076923 0.3557692307692308 0.007656967840735069 0.011230219499744768
0 0.9350961538461539 0.5048076923076923 0.01046452271567126 0.010209290454313423
0 0.8990384615384616 0.49038461538461536 0.007912200102092905 0.01174068402246044
0 0.8677884615384616 0.375 0.014293006636038795 0.02501276161306789
0 0.8798076923076923 0.3798076923076923 0.017866258295048492 0.03802960694231751
0 0.8894230769230769 0.37740384615384615 0.017611026033690656 0.03802960694231751
0 0.8990384615384616 0.37259615384615385 0.017866258295048492 0.03751914241960184
0 0.9206730769230769 0.3942307692307692 0.02271567126084737 0.012251148545176109
0 0.9230769230769231 0.4014423076923077 0.023226135783563043 0.010719754977029096
0 0.9254807692307693 0.40865384615384615 0.02271567126084737 0.010974987238386932
0 0.8293269230769231 0.46153846153846156 0.035732516590096984 0.014803471158754467
0 0.8846153846153846 0.44711538461538464 0.027565084226646244 0.014293006636038795
0 0.9591346153846154 0.41346153846153844 0.026544155181214904 0.012251148545176109
0 0.9567307692307693 0.4014423076923077 0.027565084226646244 0.013527309851965288
0 0.9375 0.3798076923076923 0.013272077590607452 0.023991832567636547
0 0.9447115384615384 0.37740384615384615 0.01174068402246044 0.023991832567636547
0 0.9543269230769231 0.375 0.011995916283818273 0.02348136804492088
0 0.9639423076923077 0.3798076923076923 0.014037774374680958 0.023991832567636547
0 0.9567307692307693 0.35336538461538464 0.013272077590607452 0.02348136804492088
0 0.9471153846153846 0.35096153846153844 0.01276161306789178 0.023991832567636547
0 0.9399038461538461 0.35336538461538464 0.01454823889739663 0.02501276161306789
0 0.9302884615384616 0.3557692307692308 0.013272077590607452 0.024247064828994382
0 0.8317307692307693 0.5432692307692307 0.011995916283818273 0.006636038795303726
0 0.8605769230769231 0.5360576923076923 0.0071465033180193975 0.01046452271567126
0 0.8653846153846154 0.5360576923076923 0.005359877488514548 0.011485451761102604
0 0.8725961538461539 0.5336538461538461 0.010209290454313423 0.015313935681470138
0 0.875 0.5216346153846154 0.007656967840735069 0.010974987238386932
0 0.8870192307692307 0.5192307692307693 0.008933129147524246 0.014293006636038795
0 0.9110576923076923 0.4855769230769231 0.006636038795303726 0.011230219499744768
0 0.08173076923076923 0.7259615384615384 0.010719754977029096 0.020673813169984685
0 0.09615384615384616 0.7427884615384616 0.01174068402246044 0.024502297090352218
0 0.07932692307692307 0.5793269230769231 0.010209290454313423 0.0071465033180193975
0 0.04567307692307692 0.5456730769230769 0.010209290454313423 0.006636038795303726
0 0.06009615384615385 0.6057692307692307 0.011485451761102604 0.006891271056661561
0 0.10096153846153846 0.6153846153846154 0.010209290454313423 0.007401735579377233
0 0.07451923076923077 0.6394230769230769 0.00638080653394589 0.010209290454313423
0 0.08173076923076923 0.6394230769230769 0.006636038795303726 0.01046452271567126
0 0.08653846153846154 0.6370192307692307 0.006636038795303726 0.011485451761102604
0 0.13221153846153846 0.6322115384615384 0.013782542113323122 0.007912200102092905
0 0.12980769230769232 0.6225961538461539 0.009954058192955587 0.0061255742725880545
0 0.12740384615384615 0.6177884615384616 0.010719754977029096 0.006636038795303726
0 0.12740384615384615 0.6105769230769231 0.009954058192955587 0.0061255742725880545
0 0.12259615384615384 0.5913461538461539 0.014293006636038795 0.00816743236345074
0 0.11298076923076923 0.5480769230769231 0.012506380806533945 0.006891271056661561
0 0.11298076923076923 0.5528846153846154 0.010209290454313423 0.0061255742725880545
0 0.040865384615384616 0.7019230769230769 0.009954058192955587 0.006636038795303726
0 0.04567307692307692 0.5504807692307693 0.011485451761102604 0.007656967840735069
0 0.10576923076923077 0.7427884615384616 0.01454823889739663 0.026033690658499233
0 0.05048076923076923 0.5673076923076923 0.010974987238386932 0.007656967840735069
0 0.052884615384615384 0.5769230769230769 0.010209290454313423 0.007401735579377233
0 0.055288461538461536 0.5889423076923077 0.01046452271567126 0.007401735579377233
0 0.057692307692307696 0.59375 0.010209290454313423 0.006636038795303726
0 0.057692307692307696 0.5985576923076923 0.010719754977029096 0.007401735579377233
0 0.06009615384615385 0.6105769230769231 0.010719754977029096 0.006891271056661561
0 0.0625 0.6153846153846154 0.009954058192955587 0.00638080653394589
0 0.0625 0.6225961538461539 0.010719754977029096 0.007401735579377233
0 0.06490384615384616 0.6274038461538461 0.009954058192955587 0.006891271056661561
0 0.06490384615384616 0.6322115384615384 0.010719754977029096 0.0071465033180193975
0 0.0889423076923077 0.6153846153846154 0.01174068402246044 0.008422664624808575
0 0.08653846153846154 0.6057692307692307 0.009954058192955587 0.0071465033180193975
0 0.08413461538461539 0.6009615384615384 0.010719754977029096 0.006636038795303726
0 0.09615384615384616 0.5985576923076923 0.011995916283818273 0.007912200102092905
0 0.08173076923076923 0.59375 0.009954058192955587 0.00638080653394589
0 0.055288461538461536 0.5841346153846154 0.010719754977029096 0.007401735579377233
0 0.07692307692307693 0.5673076923076923 0.010719754977029096 0.00638080653394589
0 0.0889423076923077 0.7596153846153846 0.013016845329249616 0.026544155181214904
0 0.08413461538461539 0.7764423076923077 0.013016845329249616 0.02628892291985707
0 0.11298076923076923 0.7668269230769231 0.012251148545176109 0.021184277692700357
0 0.10336538461538461 0.7692307692307693 0.013527309851965288 0.025267993874425725
0 0.10096153846153846 0.6947115384615384 0.011230219499744768 0.018631955079122
0 0.10817307692307693 0.6899038461538461 0.013527309851965288 0.025778458397141397
0 0.11538461538461539 0.6875 0.013782542113323122 0.025778458397141397
0 0.1201923076923077 0.6850961538461539 0.010974987238386932 0.018631955079122
0 0.12980769230769232 0.6826923076923077 0.014293006636038795 0.02628892291985707
0 0.13701923076923078 0.6826923076923077 0.01276161306789178 0.02271567126084737
0 0.14423076923076922 0.6802884615384616 0.013272077590607452 0.02348136804492088
0 0.15144230769230768 0.6802884615384616 0.01276161306789178 0.02271567126084737
0 0.17067307692307693 0.6730769230769231 0.011995916283818273 0.01914241960183767
0 0.1778846153846154 0.6706730769230769 0.011995916283818273 0.019397651863195507
0 0.19230769230769232 0.6634615384615384 0.009954058192955587 0.01684532924961715
0 0.20673076923076922 0.6658653846153846 0.01454823889739663 0.02552322613578356
0 0.22115384615384615 0.6634615384615384 0.01454823889739663 0.024502297090352218
0 0.2283653846153846 0.6586538461538461 0.013527309851965288 0.02552322613578356
0 0.23557692307692307 0.65625 0.013527309851965288 0.026544155181214904
0 0.04807692307692308 0.5552884615384616 0.012506380806533945 0.007401735579377233
0 0.04807692307692308 0.5625 0.01174068402246044 0.0071465033180193975
0 0.07451923076923077 0.5625 0.011485451761102604 0.006891271056661561
0 0.08413461538461539 0.5480769230769231 0.010209290454313423 0.006891271056661561
0 0.08653846153846154 0.5528846153846154 0.01174068402246044 0.0061255742725880545
0 0.052884615384615384 0.5721153846153846 0.009443593670239918 0.00638080653394589
