10 393 178 8 17
10 285 163 12 22
10 355 191 13 22
10 362 190 14 22
10 374 186 14 22
10 326 182 24 12
10 279 195 23 10
10 236 204 25 12
10 212 209 20 8
10 221 195 23 11
10 253 186 25 10
10 279 181 23 10
10 309 155 13 21
10 303 158 12 20
10 297 160 12 21
10 291 161 12 21
10 273 167 12 21
10 164 193 11 22
10 266 168 11 21
10 261 169 11 21
10 255 170 11 22
10 248 170 9 21
10 241 172 9 22
10 234 174 11 22
10 227 178 10 23
10 214 182 10 22
10 208 183 10 22
10 188 204 23 12
10 195 184 8 22
10 190 185 10 22
10 183 188 11 22
10 177 190 9 21
10 348 188 13 21
10 342 193 12 22
10 337 195 13 22
10 331 197 12 22
10 225 246 11 22
10 220 248 10 22
10 215 251 11 22
10 210 253 11 22
10 203 255 12 22
10 185 235 13 23
10 190 233 11 22
10 196 232 11 22
10 202 231 11 22
10 207 227 11 22
10 213 225 12 22
10 218 224 11 22
10 224 222 12 22
10 231 223 13 22
10 237 221 11 22
10 242 219 11 21
10 248 216 11 22
10 255 214 11 22
10 261 212 11 22
10 268 213 11 22
10 275 213 12 22
10 282 212 11 22
10 288 211 12 22
10 294 209 11 21
10 300 206 12 22
10 307 205 12 21
10 313 203 12 22
10 319 201 13 21
10 325 199 13 22
10 170 192 10 22
10 158 193 11 22
11 346 174 11 7
10 116 111 11 22
10 219 97 9 22
10 213 98 10 21
10 199 100 8 22
10 206 99 10 23
10 193 100 9 22
10 187 101 8 22
10 174 104 8 21
10 167 103 9 21
10 160 104 11 22
10 148 103 12 23
10 141 106 11 22
10 136 108 11 22
10 129 107 9 22
10 122 109 12 22
10 110 113 12 22
10 244 111 24 8
10 104 115 13 23
10 195 159 11 22
10 190 160 11 22
10 184 162 12 22
10 177 164 12 22
10 171 164 11 22
10 165 168 11 21
10 147 172 11 22
10 159 170 11 21
10 153 170 11 21
10 120 178 20 12
10 116 173 20 11
10 111 161 20 12
10 107 154 20 13
10 224 95 11 23
10 233 97 12 22
10 246 96 11 22
10 252 92 12 24
10 189 144 20 9
10 148 124 21 8
10 168 129 21 10
10 193 124 21 8
10 217 114 22 8
10 170 120 20 7
10 194 117 22 8
10 212 139 22 10
10 239 134 23 8
10 219 153 11 22
10 228 150 11 22
10 235 150 11 22
10 242 149 11 22
10 254 146 11 22
10 260 145 10 22
10 266 144 10 22
10 272 142 9 22
10 278 141 10 22
10 284 139 10 22
10 290 138 11 22
10 296 135 9 21
10 303 133 9 22
10 325 92 8 23
10 306 91 10 19
10 294 91 10 22
10 287 92 11 22
10 274 92 11 24
10 266 93 11 23
10 258 91 11 22
10 238 244 12 21
10 232 244 12 22
10 245 243 11 21
11 143 211 11 10
11 250 304 9 12
11 244 307 9 13
11 238 311 6 8
11 233 313 9 12
11 228 317 9 12
11 214 321 8 11
11 207 323 9 13
11 200 325 8 11
11 187 321 11 9
11 183 315 9 10
11 128 185 11 7
11 128 192 12 8
11 135 196 11 9
11 138 203 13 11
11 132 212 11 13
10 251 241 11 22
11 149 224 10 11
11 157 236 10 11
11 166 248 9 10
11 175 260 9 10
11 191 274 11 10
11 194 281 11 9
11 197 286 11 8
11 200 290 11 9
11 203 296 11 10
11 174 302 11 9
11 172 296 11 9
11 169 291 10 9
11 163 280 13 11
11 159 275 9 10
11 255 302 9 12
11 261 300 9 12
11 399 198 4 9
11 403 177 8 4
11 216 273 9 4
11 104 171 10 7
11 115 167 11 8
11 300 189 15 8
11 241 101 7 11
11 319 99 4 11
11 313 98 5 10
11 282 98 6 11
11 301 94 6 10
11 287 108 15 5
11 332 112 8 4
11 322 118 5 11
11 335 118 11 4
11 334 123 14 4
10 373 150 6 21
10 367 153 6 22
11 336 134 5 9
11 343 141 4 9
11 348 144 4 9
11 353 145 4 10
11 397 146 5 11
11 389 146 5 10
11 377 145 4 9
11 407 142 9 4
11 407 149 9 4
11 393 157 8 9
11 410 166 10 3
11 405 171 8 4
11 405 183 8 5
11 154 270 10 9
11 147 262 10 10
11 143 257 11 10
10 317 268 12 22
10 323 267 13 23
10 329 264 12 22
10 337 261 13 22
10 343 259 13 21
10 349 258 13 22
10 354 254 13 22
10 366 251 13 22
10 373 249 14 22
10 381 244 12 22
10 388 242 13 22
10 405 217 13 21
10 370 211 13 21
10 364 212 12 22
10 356 210 11 22
10 349 214 11 21
10 343 217 11 21
10 337 220 11 21
10 330 222 10 21
10 324 223 11 22
10 318 225 10 20
10 312 227 10 21
10 305 229 11 22
10 295 232 12 21
10 289 233 11 20
10 282 234 11 20
10 276 235 11 21
10 269 234 12 21
10 263 236 11 21
10 257 238 11 22
10 310 270 13 22
10 305 272 13 22
11 135 247 11 10
10 299 274 11 22
11 130 241 12 10
11 127 235 11 9
11 123 230 11 9
11 118 227 11 10
11 114 222 11 10
11 105 209 10 9
11 98 200 10 10
11 94 194 10 9
11 87 191 10 8
11 83 185 11 9
11 78 179 11 8
11 73 174 11 8
11 69 168 11 8
11 67 162 11 8
11 64 156 12 8
11 55 128 11 8
10 91 110 13 22
10 83 111 10 21
10 60 144 21 8
10 59 136 21 7
10 333 105 23 13
10 208 156 11 21
10 202 158 11 22
10 245 291 21 12
10 268 289 11 22
10 276 286 11 21
10 282 283 11 22
10 287 281 13 22
10 293 278 13 22
10 105 148 21 12
