11 268 130 10 5
10 182 222 18 4
10 139 202 11 16
10 136 207 12 15
10 134 213 12 15
10 178 191 14 4
10 195 197 18 4
10 175 197 15 4
10 173 202 14 4
10 171 207 14 4
10 192 202 18 5
10 190 207 18 4
10 168 212 15 4
10 187 212 18 3
10 166 217 15 3
10 185 217 18 4
10 131 217 12 15
10 142 197 12 15
10 145 192 11 16
10 266 134 10 3
10 300 118 13 15
10 182 294 10 12
10 179 299 9 11
10 174 310 9 12
10 170 316 9 11
10 331 88 10 16
10 308 102 13 15
10 297 123 13 15
10 200 126 11 16
10 295 128 13 15
10 292 133 13 15
10 289 138 12 15
10 286 144 13 16
10 223 137 11 17
10 207 130 8 13
10 128 222 12 16
10 163 222 15 5
11 271 125 10 5
10 179 227 18 4
10 155 273 18 4
10 153 278 18 4
10 136 273 15 3
10 150 283 16 4
10 131 283 16 5
10 128 288 16 4
10 148 288 16 3
10 145 294 16 4
10 143 299 16 4
10 140 304 16 5
10 134 310 14 6
10 125 294 16 5
10 105 262 11 14
10 102 267 12 14
10 100 272 11 13
10 158 268 17 4
10 138 268 16 5
10 142 263 16 5
10 171 242 18 3
10 160 227 15 4
10 125 227 12 15
10 123 233 12 15
10 157 232 16 4
10 155 238 15 4
10 174 237 18 5
10 152 242 15 3
10 160 263 18 3
10 149 247 15 3
10 168 248 18 4
10 146 253 15 4
10 165 253 17 5
10 165 258 18 5
10 145 258 15 3
10 185 290 9 11
10 187 283 10 13
10 190 278 9 13
10 193 273 10 12
11 236 70 5 11
11 231 70 5 11
10 336 115 15 4
10 333 121 15 4
10 330 126 15 3
10 327 131 15 4
10 325 136 15 4
10 323 141 15 4
10 341 141 13 4
10 320 146 15 4
10 317 151 15 4
10 338 146 13 3
10 336 151 13 4
10 335 156 13 3
10 315 156 15 4
11 241 72 5 11
11 246 78 6 10
11 258 85 9 11
11 242 103 11 10
11 273 119 10 4
11 274 113 10 5
11 245 120 9 8
11 241 116 10 10
11 236 113 10 10
11 251 108 11 10
11 236 100 10 11
11 262 87 9 11
11 226 108 9 9
11 221 105 10 10
11 232 97 12 10
11 216 102 10 10
11 219 88 12 10
11 266 90 9 11
10 334 161 13 3
10 312 161 15 4
10 309 166 15 4
10 268 267 12 11
10 274 232 15 4
10 295 232 13 3
10 291 237 13 4
10 253 258 13 11
10 258 261 13 11
10 264 263 11 11
10 273 269 12 11
10 280 222 15 3
10 278 272 12 11
10 290 277 10 17
10 203 253 9 11
10 200 258 8 12
10 198 264 9 12
10 195 268 8 12
10 277 226 15 3
10 303 217 14 3
10 330 166 13 3
10 299 186 16 4
10 326 171 13 4
10 306 172 15 4
10 304 176 15 4
10 323 176 13 4
10 302 182 15 4
10 321 182 13 4
10 316 192 13 4
10 282 217 15 3
10 296 191 16 3
10 293 196 16 3
10 313 197 14 4
10 308 207 14 3
10 288 207 15 3
10 285 212 16 3
10 97 278 11 14
