10 261 151 16 20
10 170 185 20 24
10 132 254 21 25
10 139 250 21 24
10 145 245 20 25
10 157 236 21 24
10 165 232 21 25
10 171 227 20 23
10 177 223 21 23
10 190 215 20 24
10 163 191 18 21
10 156 156 19 22
10 157 195 20 23
10 151 201 21 25
10 144 205 20 24
10 137 209 19 23
10 131 214 21 25
10 125 219 21 25
10 119 224 21 25
10 113 229 21 26
10 126 260 21 25
10 248 269 25 19
10 221 288 20 17
10 196 248 21 24
10 79 316 21 25
10 82 293 20 24
10 63 293 19 21
10 47 289 21 25
10 62 266 21 25
10 46 271 21 24
10 54 268 19 22
10 29 248 18 21
10 37 245 21 24
10 42 240 18 21
10 146 286 21 25
10 152 281 20 25
10 158 276 20 25
10 164 272 20 24
10 178 264 20 24
10 184 258 20 24
10 190 254 18 22
10 107 234 21 26
10 150 160 19 23
10 258 159 17 21
10 278 285 21 18
10 230 136 18 21
10 237 131 18 21
10 243 126 17 21
10 211 190 17 20
10 218 186 19 21
10 225 181 18 20
10 234 207 18 21
10 227 211 18 21
10 306 265 21 17
10 143 164 19 23
10 274 250 24 21
10 299 232 25 21
10 294 226 25 20
10 262 192 16 21
10 269 188 17 20
10 276 183 16 21
10 244 168 18 21
10 250 163 17 20
10 225 142 18 21
10 206 157 18 21
10 200 162 18 21
10 194 165 19 22
10 137 170 19 23
10 130 174 19 24
10 124 179 21 23
10 118 183 20 24
10 111 188 21 25
10 106 194 21 25
10 100 198 21 25
10 93 203 21 25
10 87 208 20 25
10 175 141 18 21
10 181 136 17 21
10 189 132 17 21
10 193 125 16 21
10 207 117 18 21
10 212 112 16 20
10 220 108 17 21
10 226 103 18 21
10 70 319 21 25
