11 345 86 6 11
10 292 192 13 27
10 311 258 12 28
10 256 250 13 25
10 260 242 13 29
10 237 234 12 23
10 242 226 10 24
10 247 221 12 26
10 255 206 15 29
10 269 225 13 28
10 277 210 12 28
10 260 199 12 23
10 265 190 14 29
10 269 182 12 23
10 273 174 12 25
10 282 202 14 30
10 287 199 13 27
10 305 227 13 28
10 313 228 11 29
10 304 256 12 29
10 297 256 12 29
10 291 253 12 28
10 99 217 23 12
10 147 118 18 21
10 195 113 17 20
10 156 134 18 22
10 107 166 19 21
10 143 176 19 22
10 148 188 19 22
10 168 165 21 25
10 277 323 9 28
10 276 266 6 29
10 284 324 10 27
10 290 325 10 27
10 299 324 8 28
10 309 326 6 25
10 231 283 28 7
10 226 274 28 9
10 214 265 28 10
10 320 227 11 28
10 297 187 13 28
11 340 85 6 10
10 278 170 12 25
11 319 57 6 9
11 323 59 6 10
11 327 60 6 9
11 332 61 6 9
11 336 63 6 9
11 339 54 6 10
11 343 55 6 9
11 347 56 5 8
11 352 58 6 10
11 356 60 7 10
11 349 66 6 9
11 345 65 5 8
11 341 64 5 9
11 296 74 6 9
11 301 74 6 9
11 291 72 6 9
11 332 83 5 9
11 306 53 6 9
11 310 54 7 10
11 330 51 7 10
10 311 141 28 9
10 283 165 13 24
10 288 161 12 22
10 293 155 11 21
10 302 180 12 25
10 305 167 12 24
10 309 160 12 22
10 253 146 17 21
10 311 134 22 7
11 326 50 6 9
11 316 23 6 10
11 360 18 8 6
11 362 22 9 7
11 367 30 9 8
11 372 39 9 7
11 375 47 9 8
11 321 48 6 11
10 176 131 14 27
