11 183 137 6 6
11 89 256 6 6
11 125 227 6 6
11 114 218 4 4
11 111 221 5 5
11 122 233 5 4
11 109 227 6 6
11 107 229 6 5
11 105 232 6 6
11 115 241 6 6
11 100 238 7 6
11 114 244 5 5
11 112 247 6 6
11 110 249 5 5
11 109 251 5 5
11 99 240 7 6
11 98 243 5 4
11 95 246 6 6
11 107 254 6 5
11 105 256 6 5
11 104 258 4 4
11 126 225 5 5
11 129 220 5 5
11 131 217 7 6
11 114 88 6 6
5 297 71 24 27
5 312 80 25 28
14 182 265 118 130
7 181 265 185 212
5 261 131 28 24
4 325 276 60 60
11 109 79 7 5
11 111 85 6 6
11 96 143 6 7
11 134 212 6 6
11 87 137 6 7
11 129 193 7 6
11 128 196 5 5
11 126 199 6 5
11 124 202 6 5
11 123 204 7 6
11 121 207 6 6
11 119 209 5 4
11 101 260 6 4
11 101 263 5 4
11 178 145 6 5
11 99 266 5 5
11 144 197 6 6
11 146 195 4 4
11 147 192 6 5
11 133 189 5 5
11 135 186 6 6
11 136 184 5 5
11 138 181 5 4
11 139 179 5 5
11 151 187 6 5
11 154 182 7 6
11 158 178 5 4
11 159 175 7 6
11 151 162 7 6
11 153 158 6 5
11 164 167 5 5
11 169 160 6 6
11 172 156 6 5
11 157 153 5 4
11 160 148 5 5
11 143 200 5 4
11 141 202 5 5
11 139 204 7 6
11 81 267 6 5
11 87 258 7 6
11 97 268 5 5
11 95 271 6 5
11 94 273 6 5
11 92 276 6 6
11 91 279 6 5
11 89 281 6 5
11 83 265 6 5
11 79 271 5 4
11 136 209 6 6
11 77 274 7 6
11 87 283 7 6
11 84 288 5 5
11 73 278 8 6
11 80 293 6 5
11 68 287 6 6
11 65 292 7 6
11 61 297 5 4
5 269 118 29 24
