10 283 163 22 15
10 356 231 21 15
11 379 192 7 10
11 374 190 8 10
11 369 187 9 11
10 374 204 20 12
10 370 212 21 14
10 365 218 20 15
10 361 225 20 14
10 352 238 21 15
11 390 198 8 12
10 347 244 20 15
10 340 257 22 16
10 337 265 21 15
10 334 272 23 16
10 330 278 21 14
10 327 286 22 15
10 320 292 21 16
11 384 196 8 10
11 396 165 9 12
10 281 234 21 14
10 246 294 20 16
10 276 248 19 13
10 271 255 19 14
10 261 267 19 15
10 267 261 19 14
10 259 275 20 13
10 257 282 20 14
10 254 290 21 15
10 244 301 19 14
11 386 128 9 11
10 237 307 20 14
10 234 323 18 13
10 230 329 19 14
10 224 335 20 14
10 223 344 21 14
10 220 352 20 15
11 381 126 7 10
10 316 297 20 15
10 312 305 20 14
10 310 312 22 16
10 102 162 24 16
10 129 114 23 17
10 125 121 24 16
10 121 128 23 16
10 117 135 23 16
10 113 142 22 17
10 109 149 23 17
10 106 156 24 17
10 99 169 24 17
10 306 319 21 15
10 91 183 23 17
10 87 190 24 17
10 83 197 23 17
10 60 237 22 16
10 53 251 25 18
10 57 244 23 16
10 64 230 22 16
10 133 108 24 16
10 137 100 24 17
10 141 93 23 18
10 145 87 23 18
10 305 327 21 15
10 300 333 22 15
10 297 341 21 15
10 290 346 22 14
10 286 361 21 14
10 279 366 22 15
10 276 374 21 15
10 276 383 22 15
10 225 392 21 6
10 181 373 20 15
10 153 356 24 16
10 126 341 25 16
10 95 323 24 16
10 60 288 9 25
10 150 80 25 18
10 279 241 20 14
10 285 227 19 14
10 104 278 25 16
10 206 164 25 17
10 188 129 24 16
10 192 121 24 16
10 197 115 24 17
10 201 108 26 18
10 219 145 25 16
10 216 152 25 16
10 210 159 25 16
10 205 173 24 17
10 180 142 25 16
10 196 186 25 17
10 193 194 25 17
10 189 199 24 16
10 181 213 24 18
10 177 220 24 17
10 173 227 25 17
10 166 240 23 18
10 184 135 25 15
10 177 149 24 15
10 291 221 20 14
10 136 224 25 16
10 110 272 25 15
10 114 265 25 17
10 116 257 25 16
10 120 250 23 16
10 125 244 23 16
10 131 239 24 16
10 131 230 23 16
10 140 217 25 15
10 174 156 26 16
10 144 211 24 16
10 148 204 25 16
10 151 196 25 15
10 156 191 24 16
10 157 182 25 16
10 165 169 24 15
10 171 163 24 15
10 162 248 24 18
10 158 254 25 17
10 154 261 24 16
10 275 177 21 16
10 245 232 21 14
10 247 224 22 15
10 251 217 21 15
10 253 209 22 15
10 257 202 21 15
10 262 196 22 14
10 271 184 22 15
10 289 157 23 15
10 150 268 23 17
10 318 173 20 13
10 314 180 20 13
10 309 187 20 13
10 304 192 20 14
10 303 201 20 14
10 297 207 21 13
10 293 213 20 14
10 241 239 23 15
10 239 246 22 15
10 237 253 21 16
10 233 260 22 14
10 147 275 25 16
10 143 281 24 17
10 140 288 25 16
10 136 295 25 17
10 133 302 23 16
11 372 64 10 12
10 189 334 21 15
10 192 327 21 13
10 197 320 21 15
10 199 313 20 14
10 206 299 20 14
10 211 292 20 14
10 215 285 21 15
10 224 273 22 14
10 229 266 22 15
10 48 259 22 16
