11 302 113 3 4
10 131 202 9 11
10 168 128 11 3
10 167 136 11 3
10 166 140 11 3
10 153 140 11 2
10 153 143 11 3
10 152 151 11 3
10 152 155 11 3
10 165 155 11 3
10 164 160 12 3
10 164 164 12 3
10 151 163 11 3
10 138 176 3 13
10 181 180 3 12
10 185 180 3 12
10 188 180 3 12
10 192 181 3 12
10 197 181 3 12
10 200 181 3 12
10 208 182 3 12
10 212 182 4 12
10 228 183 4 12
10 236 184 4 12
10 173 179 3 12
10 169 179 3 12
10 122 202 9 12
10 167 120 4 11
10 124 161 12 7
10 126 134 12 7
10 107 52 12 2
10 229 41 8 12
10 204 243 5 12
10 108 56 11 2
10 281 36 12 4
10 110 21 12 3
10 109 25 12 3
10 109 29 12 3
10 109 32 12 3
10 109 36 12 3
10 108 44 12 3
10 107 48 11 3
10 108 60 9 3
10 126 130 12 8
10 107 64 12 2
10 106 71 12 2
10 106 68 12 3
10 107 79 9 3
10 105 87 11 3
10 105 91 10 3
10 105 95 9 3
10 105 103 9 2
10 105 107 10 3
10 103 115 12 3
10 126 142 12 8
10 126 203 10 11
10 145 203 9 11
10 247 43 7 12
10 149 204 9 11
10 191 219 9 10
10 195 219 9 11
10 199 220 8 10
10 204 220 8 10
10 208 221 7 11
10 213 221 9 11
10 218 220 8 11
10 223 220 9 11
10 228 220 8 11
10 232 221 9 11
10 251 246 3 12
10 274 248 4 12
10 278 248 3 12
10 282 248 3 12
10 286 248 3 12
10 294 249 3 12
10 302 250 3 12
10 306 250 4 12
10 310 250 3 12
10 318 251 4 12
10 321 252 4 12
10 330 252 3 12
10 333 252 4 12
10 337 252 3 12
10 341 253 4 12
10 186 219 9 11
10 181 218 9 11
10 177 217 9 11
10 217 208 9 12
10 154 204 9 11
10 158 204 9 11
10 173 204 9 11
10 178 204 10 12
10 182 205 9 11
10 187 205 9 12
10 190 206 10 11
10 195 207 9 12
10 200 206 10 11
10 204 207 9 12
10 213 207 10 12
10 223 208 10 12
10 172 217 8 10
10 122 215 7 10
10 126 215 8 10
10 136 215 8 10
10 140 216 8 11
10 145 216 8 11
10 150 216 8 11
10 169 243 4 12
10 161 243 4 12
10 154 217 8 11
10 159 216 8 11
10 164 217 8 11
10 243 43 8 13
10 183 38 7 10
11 297 112 2 5
10 250 283 2 11
10 265 44 8 12
10 270 45 7 10
10 275 45 7 10
10 279 44 8 11
10 284 46 7 12
10 288 45 9 12
10 141 202 9 12
10 168 205 9 12
10 118 239 4 13
10 122 239 3 13
10 126 240 3 12
10 130 240 3 12
10 134 241 3 12
10 138 241 3 12
10 142 241 3 12
10 145 241 3 12
10 153 242 3 12
10 157 242 3 12
10 165 242 3 12
10 189 242 3 12
10 326 252 4 12
10 373 254 3 13
10 236 282 3 12
10 240 282 3 12
10 243 283 2 12
10 261 45 8 12
10 253 44 6 10
10 239 43 7 11
10 157 178 3 12
10 106 84 10 3
10 104 111 12 3
10 126 138 12 8
10 126 147 12 8
10 123 173 12 9
10 154 135 11 3
10 165 147 11 3
10 134 175 3 12
10 146 177 3 13
10 150 177 3 12
10 153 178 3 12
10 165 179 4 12
10 234 41 7 11
10 177 180 3 12
10 204 182 3 12
10 220 183 3 12
10 263 186 4 12
10 196 31 11 3
10 241 34 11 3
10 197 41 7 9
10 202 40 8 12
10 207 41 5 9
10 212 42 7 12
10 220 42 8 12
10 247 283 3 12
10 253 283 3 11
10 192 39 7 11
10 260 283 3 12
10 121 282 11 3
10 119 302 10 3
10 119 306 12 3
10 118 313 11 3
10 116 325 10 3
10 114 337 12 3
10 114 341 13 4
10 109 357 4 10
10 113 359 4 8
10 75 370 3 11
10 79 372 3 10
10 83 371 3 11
10 87 370 3 10
10 90 371 4 11
10 94 371 3 10
10 97 371 2 8
10 101 371 2 8
10 103 371 2 9
10 107 370 2 11
10 82 327 11 4
10 84 300 11 3
10 226 33 12 3
10 256 43 7 11
10 225 42 9 12
10 188 39 7 11
10 122 278 11 3
10 82 336 11 3
10 83 331 10 4
10 260 302 2 12
10 264 283 2 10
10 271 284 2 12
10 275 285 2 11
10 278 285 3 12
10 282 286 3 12
10 235 301 3 12
10 239 302 3 12
10 242 302 3 12
10 246 302 3 12
10 252 301 2 10
10 256 302 3 10
10 272 300 3 12
10 84 308 11 3
10 277 300 4 12
10 281 300 3 12
10 209 297 12 8
10 223 290 12 7
10 221 296 11 7
10 222 299 12 8
10 109 256 13 8
10 86 277 9 3
10 85 284 11 3
10 85 288 11 3
10 85 292 12 3
10 352 254 3 12
10 357 254 2 12
10 361 254 3 12
11 291 149 6 3
11 178 63 3 6
11 253 21 3 7
11 259 21 3 7
11 264 22 3 7
11 268 22 2 7
11 274 22 4 7
11 292 64 3 7
11 247 132 3 6
11 246 140 3 5
11 256 140 6 3
11 271 136 5 3
11 277 137 5 3
11 271 139 5 4
11 277 139 5 2
11 292 138 5 3
11 291 141 6 3
11 291 144 5 3
11 291 146 6 3
11 276 146 5 3
11 277 142 6 3
11 271 142 4 2
11 270 145 5 3
11 255 143 5 2
11 256 147 5 2
11 270 148 5 3
11 162 62 3 6
11 159 62 3 5
11 155 61 3 7
11 189 18 3 7
11 137 14 3 6
11 142 16 3 6
11 145 15 3 7
11 157 14 3 5
11 163 15 3 6
11 166 15 3 6
11 168 16 3 6
11 171 16 3 6
11 174 16 2 6
11 177 16 3 7
11 183 17 3 7
11 136 32 4 6
11 175 41 5 7
11 140 33 5 7
11 143 39 5 6
11 144 32 4 6
11 148 39 6 8
11 153 40 4 6
11 150 34 4 7
11 157 40 5 7
11 161 41 4 5
11 166 40 4 6
11 163 34 5 7
11 168 35 4 6
11 276 149 5 3
11 290 155 7 3
10 365 254 3 12
11 269 150 5 2
11 341 40 6 4
11 331 39 6 3
11 353 64 4 7
11 365 65 3 5
11 332 62 3 7
11 327 63 5 5
11 327 69 7 3
11 327 76 7 3
11 326 80 7 3
11 325 86 6 3
11 325 89 6 3
11 326 92 5 3
11 325 95 5 2
11 324 103 5 3
11 337 113 4 7
11 340 114 3 6
11 363 115 3 6
11 364 167 5 2
11 384 167 6 3
11 371 163 5 3
11 385 158 5 3
11 372 143 5 3
11 346 141 6 3
11 291 113 3 6
11 294 113 3 5
11 349 40 9 3
11 371 21 6 3
11 289 167 5 3
11 275 163 5 3
11 276 151 5 2
11 276 154 6 3
11 270 154 4 2
11 255 149 5 3
11 255 153 5 3
11 254 156 6 2
11 254 159 7 2
11 269 157 5 3
11 274 157 4 2
11 289 161 6 3
11 275 160 5 2
11 268 160 5 3
11 289 170 7 3
11 268 163 5 3
11 254 162 6 2
11 254 165 5 3
11 254 167 6 3
11 254 171 7 3
11 267 172 5 2
11 268 169 6 3
11 268 166 4 2
11 274 166 5 3
11 275 169 6 3
11 275 174 5 3
11 132 14 5 12
11 86 204 5 2
11 84 222 7 3
11 91 143 7 4
10 277 212 9 12
10 282 211 9 12
10 286 212 10 12
10 291 212 9 12
10 300 213 10 12
10 305 213 10 12
10 309 213 10 12
10 314 213 10 12
10 319 214 10 12
10 322 215 10 12
10 327 215 10 12
10 333 214 10 12
10 337 215 9 12
10 342 215 10 11
10 346 216 10 11
10 351 216 9 12
10 355 216 9 12
10 359 217 10 12
10 364 217 9 12
10 369 217 10 12
10 373 217 9 12
10 267 186 3 12
10 271 187 3 13
10 275 187 5 12
10 279 187 3 12
10 273 211 10 12
10 269 211 9 12
10 264 210 9 12
10 328 228 9 11
10 368 254 3 12
10 376 255 3 12
10 380 255 2 12
10 378 231 8 11
10 374 231 9 11
10 356 229 9 11
10 351 230 9 11
10 346 229 9 11
10 342 228 8 10
10 338 228 8 11
10 332 228 9 10
10 324 226 9 10
10 260 210 9 12
10 319 227 8 11
10 314 226 8 11
10 310 226 8 10
10 300 226 8 10
10 297 225 9 10
10 292 225 8 11
10 287 225 8 10
10 283 225 9 10
10 278 224 9 10
10 255 223 9 11
10 251 222 9 11
10 286 188 4 12
10 290 188 4 12
10 294 188 4 13
11 51 79 2 6
11 32 6 2 4
11 39 42 2 5
11 45 44 3 5
11 22 77 3 6
11 25 77 3 6
11 28 78 2 5
11 33 77 2 6
11 40 78 2 7
11 43 78 2 5
11 46 78 2 5
11 48 78 2 5
11 55 79 2 5
11 59 8 2 6
11 28 91 3 5
11 30 101 3 5
11 38 101 3 6
11 42 101 2 6
11 47 102 3 6
11 51 102 2 5
11 123 114 3 5
11 129 114 2 4
11 132 115 3 6
11 92 128 5 2
11 106 123 5 2
11 63 8 2 5
11 118 11 3 5
10 302 189 3 12
10 365 193 3 12
10 306 189 3 12
10 310 189 3 12
10 318 190 3 13
10 326 190 3 12
10 329 190 3 12
10 334 191 3 12
10 337 191 3 12
10 341 191 3 12
10 345 192 3 12
10 349 192 3 12
10 353 192 3 12
10 369 193 3 12
11 115 12 3 5
10 372 193 3 13
10 377 193 3 12
10 380 194 3 12
10 122 178 12 8
11 106 14 3 6
11 106 7 3 7
11 110 4 2 4
11 109 9 2 4
11 112 12 3 6
11 113 6 3 6
11 116 5 3 5
10 108 40 10 3
