11 179 354 6 11
10 242 117 22 6
10 171 244 19 4
10 170 257 20 5
10 170 264 21 6
10 169 277 20 6
10 169 284 21 5
10 168 297 20 5
10 168 303 20 5
10 167 316 20 6
10 167 324 20 6
10 166 337 21 6
10 246 65 21 6
10 245 71 23 7
10 244 90 22 5
10 243 97 22 5
10 243 104 21 6
10 171 237 20 5
10 172 232 19 4
10 172 224 20 5
10 178 139 19 5
10 181 93 20 6
10 180 100 19 5
10 180 112 20 6
10 179 119 19 5
10 179 126 19 5
10 179 132 19 6
10 178 146 19 5
10 172 218 20 5
10 177 152 19 5
10 176 165 19 6
10 175 178 19 6
10 175 185 19 5
10 175 192 19 7
10 174 198 19 5
10 244 110 21 6
10 242 123 22 6
11 185 356 6 11
10 241 130 21 6
10 238 184 21 5
10 182 86 20 4
10 170 251 20 6
10 168 310 19 5
10 165 343 20 5
10 228 315 21 5
10 227 334 20 5
10 227 340 21 4
10 238 176 22 5
10 239 156 21 4
11 224 361 6 12
11 211 358 5 10
11 205 358 7 13
11 199 358 7 10
11 194 358 4 9
10 228 320 20 5
10 229 308 21 5
10 229 301 20 5
10 234 235 22 4
10 240 137 21 6
10 240 144 21 6
10 239 150 21 5
10 239 163 20 4
10 238 169 21 5
10 235 228 22 5
10 233 242 22 5
10 230 295 21 5
10 233 248 20 5
10 233 255 21 6
10 232 261 21 6
10 232 268 21 4
10 231 275 20 5
10 231 288 21 6
10 184 66 19 5
