10 305 116 25 21
10 128 286 21 23
10 138 277 21 24
10 210 216 24 25
10 190 234 25 26
10 185 238 24 25
10 314 70 23 26
10 308 67 21 24
10 311 111 23 18
10 141 176 25 27
10 190 145 23 21
10 186 139 22 20
10 176 129 23 21
10 171 123 23 21
10 185 75 22 21
10 180 70 22 21
10 134 90 20 20
10 128 93 24 24
10 123 97 22 23
10 111 110 22 23
10 103 118 24 25
10 144 274 22 24
10 133 281 22 24
10 300 121 24 21
10 149 269 22 24
10 296 127 25 21
10 292 132 25 21
10 288 137 25 20
10 273 160 25 21
10 266 167 23 23
10 262 172 24 27
10 240 189 25 26
10 230 198 25 26
10 226 202 23 24
10 237 195 22 24
10 220 206 25 26
10 216 213 22 24
10 206 222 24 26
10 202 226 25 28
10 176 248 22 24
10 171 252 22 23
10 164 255 22 24
10 159 259 22 24
10 154 263 21 24
10 152 42 16 26
