2 372 46 7 8
11 357 38 4 4
2 136 278 12 12
2 132 275 11 12
2 142 263 12 13
2 138 259 11 12
2 202 272 10 10
2 198 268 9 11
2 195 264 10 11
2 190 261 9 10
2 182 255 8 10
2 175 247 9 11
2 172 244 9 10
2 163 238 11 12
2 171 228 8 10
2 183 237 9 11
2 191 243 8 11
2 196 247 9 11
2 203 254 8 10
2 230 294 8 10
2 246 290 10 11
2 151 269 11 12
2 141 282 12 12
2 149 289 11 12
2 119 338 11 11
2 104 299 14 15
2 91 312 17 16
2 111 304 13 14
2 115 308 11 12
2 119 313 12 12
2 103 321 13 13
2 107 325 10 11
2 112 328 11 12
2 136 330 12 12
2 166 286 10 11
2 179 319 13 12
2 183 315 12 10
2 190 309 15 14
2 173 310 11 12
2 169 306 10 10
2 179 295 12 13
2 165 302 11 11
2 152 293 9 11
2 243 287 11 12
2 239 282 9 10
2 236 279 9 10
2 218 213 8 9
2 244 234 9 11
2 240 230 9 11
2 232 241 9 10
2 225 235 8 10
2 229 222 10 10
2 221 232 10 11
2 225 219 8 9
2 210 222 8 8
2 296 242 9 9
2 248 237 8 10
2 289 236 8 9
2 285 233 8 10
2 282 230 8 9
2 278 227 8 9
2 275 224 9 11
2 285 218 8 9
2 278 212 9 10
2 263 216 8 9
2 236 244 9 10
2 240 247 10 11
2 232 276 10 12
2 280 277 10 10
2 222 287 9 10
2 227 274 9 10
2 214 280 10 12
2 223 271 9 10
2 210 278 11 12
2 219 268 9 10
2 206 275 9 11
2 284 279 11 12
2 285 265 12 10
2 243 250 9 11
2 266 263 10 11
2 258 263 11 12
2 266 252 10 11
2 251 256 8 9
2 262 249 9 12
2 259 247 9 10
2 246 254 11 12
2 255 243 10 10
2 87 307 17 18
11 353 41 4 4
2 374 50 8 9
11 351 45 5 5
11 105 144 4 4
11 107 142 4 4
11 119 146 4 4
11 121 144 4 4
11 124 140 5 5
11 127 137 5 4
11 118 129 4 4
11 103 127 4 5
11 129 134 4 4
11 131 133 4 4
11 132 130 4 4
11 123 123 4 4
11 135 127 4 4
11 124 102 4 5
11 136 108 4 4
11 145 116 4 4
11 165 124 4 5
11 162 121 4 5
11 161 119 4 4
11 104 146 4 4
11 115 151 4 4
11 102 148 4 4
11 92 161 4 5
8 330 129 87 75
8 318 161 106 92
8 299 190 105 94
8 294 233 141 119
8 237 237 114 99
8 204 262 97 85
8 163 290 78 74
8 112 320 67 63
11 94 158 4 4
11 100 150 4 4
11 96 156 4 4
11 104 164 3 3
11 106 163 4 4
11 107 160 4 4
11 110 157 4 4
11 113 154 5 4
11 98 154 4 4
11 99 152 4 4
11 159 118 4 5
11 157 117 4 4
11 154 113 4 4
11 336 36 4 4
11 323 33 4 5
11 322 35 5 5
11 319 39 4 4
11 330 43 4 4
11 334 47 4 5
11 338 42 5 5
11 332 41 4 5
11 334 38 5 5
11 340 40 4 4
11 329 28 6 7
11 337 34 5 6
11 339 31 6 5
11 341 29 5 5
11 346 33 6 5
11 339 58 4 4
11 342 55 5 5
11 343 53 4 4
11 345 51 5 4
11 327 29 4 4
11 337 17 6 5
11 175 111 4 4
11 181 81 4 5
11 185 118 4 5
11 173 108 4 5
11 168 104 4 4
11 164 101 5 5
11 166 94 4 4
11 170 91 4 4
11 176 85 4 4
11 165 79 4 5
11 185 77 4 4
11 171 38 4 5
11 178 67 4 4
11 188 72 5 5
11 192 70 5 5
11 196 67 4 4
11 185 60 4 4
11 189 56 4 4
11 210 53 4 5
11 203 43 4 4
2 259 213 9 8
2 271 205 8 10
2 267 203 9 10
2 263 200 9 10
2 332 125 7 8
2 325 133 8 10
2 329 122 6 7
2 320 128 7 8
2 326 120 5 8
2 369 130 5 6
2 379 128 5 6
2 377 125 5 7
2 364 125 6 7
2 369 119 6 6
2 361 123 5 6
2 363 114 5 8
2 360 112 4 5
2 358 111 4 5
2 355 119 5 7
2 353 117 7 7
2 349 115 6 7
2 323 118 7 8
2 317 125 6 8
2 335 126 6 7
2 328 135 6 7
2 338 129 7 8
2 361 148 7 8
2 311 164 7 8
2 318 155 7 8
2 306 162 8 8
2 304 159 7 9
2 300 155 8 10
2 304 145 8 8
2 301 141 8 9
2 370 155 6 7
2 352 154 7 8
2 340 131 6 8
2 349 151 7 7
2 352 140 7 7
2 346 148 6 8
2 343 146 8 8
2 350 138 6 7
2 337 142 6 8
2 347 135 7 8
2 344 133 7 8
2 314 123 7 8
2 311 121 6 7
2 314 111 6 8
2 370 71 7 8
2 360 76 8 9
2 363 79 7 8
2 367 80 9 11
2 370 84 7 8
2 376 91 10 9
2 378 87 10 8
2 376 77 8 9
2 375 71 9 10
2 367 69 8 8
2 354 71 6 7
2 365 65 9 11
2 360 64 9 10
2 357 62 7 8
2 365 55 8 8
2 368 57 6 7
2 373 57 7 8
2 373 62 7 8
2 376 64 7 8
2 357 73 8 9
2 352 69 6 7
2 302 114 7 8
2 306 81 6 7
2 312 108 7 7
2 308 107 6 7
2 306 104 7 8
2 294 107 5 6
2 291 104 7 7
2 288 103 5 7
2 297 97 6 8
2 300 99 6 7
2 317 78 5 6
2 349 65 10 10
2 311 85 6 7
2 317 89 6 7
2 320 91 6 7
2 330 89 6 7
2 333 91 5 7
2 334 101 6 7
2 341 97 5 6
2 347 102 6 7
2 321 158 7 8
2 314 167 7 8
2 321 171 8 8
2 291 148 7 9
2 267 158 7 9
2 261 166 7 8
2 257 164 8 9
2 260 153 7 8
2 253 161 9 10
2 250 158 8 9
2 257 149 9 10
2 294 150 6 8
2 287 145 7 9
2 267 172 8 10
2 280 139 6 8
2 278 136 8 8
2 274 133 7 9
2 268 128 8 9
2 275 119 8 10
2 278 123 7 8
2 281 125 8 9
2 285 128 8 9
2 263 169 7 9
2 274 164 8 9
2 294 136 8 8
2 241 183 8 9
2 256 209 9 11
2 252 207 9 10
2 248 203 9 9
2 253 191 9 10
2 241 197 6 8
2 237 195 9 10
2 227 187 9 11
2 245 186 7 8
2 298 198 7 8
2 277 166 8 9
2 295 195 7 8
2 284 186 7 9
2 288 175 7 8
2 298 183 8 10
2 274 178 8 8
2 270 175 8 8
2 281 169 8 9
2 285 171 8 10
2 291 133 7 7
2 298 139 7 7
2 332 166 7 9
2 344 178 6 8
2 344 191 8 10
2 354 199 7 8
2 351 196 7 8
2 365 193 6 9
2 361 190 8 9
2 351 184 6 7
2 341 187 6 7
2 348 179 7 8
2 338 186 6 7
2 319 201 8 9
2 334 183 7 8
2 302 201 8 8
2 305 189 8 9
2 302 186 7 9
2 341 174 8 8
2 338 172 8 8
2 327 178 7 9
2 324 175 7 9
2 315 198 8 9
2 359 201 6 7
2 357 281 16 17
2 311 238 9 9
2 334 260 10 11
2 327 257 10 12
2 325 250 8 10
2 322 246 8 9
2 310 253 8 9
2 318 244 7 9
2 306 251 9 10
2 303 247 9 10
2 307 235 8 9
2 325 206 7 7
2 299 244 8 9
2 333 226 8 8
2 347 223 9 11
2 339 218 7 8
2 329 224 7 8
2 322 218 7 9
2 330 209 8 9
2 316 213 8 9
8 344 105 79 67
