1 350 198 2 3
1 169 221 3 2
1 169 238 3 2
1 169 230 4 2
1 203 220 4 2
1 198 220 3 3
1 194 221 4 2
1 190 221 3 2
1 182 221 4 2
1 164 221 4 3
1 178 230 3 2
1 168 208 4 4
1 168 201 3 4
1 168 195 2 4
1 167 176 3 4
1 141 206 3 4
1 141 195 3 3
1 146 198 3 4
1 173 238 3 2
1 178 239 4 2
1 149 187 5 4
1 229 209 3 4
1 252 240 10 11
1 246 238 6 6
1 243 242 6 4
1 245 217 7 7
1 229 233 5 4
1 229 220 3 4
1 229 214 4 5
1 228 205 3 4
1 182 238 4 2
1 228 200 3 3
1 195 229 3 2
1 200 238 4 2
1 195 238 3 2
1 191 238 4 2
1 186 238 3 2
1 182 229 4 2
1 145 193 4 5
1 145 184 3 4
1 258 213 9 8
1 41 231 4 4
1 64 249 4 3
1 59 249 4 4
1 53 249 5 5
1 48 249 5 6
1 69 225 3 4
1 51 229 2 4
1 51 225 3 3
1 38 228 4 4
1 93 248 4 3
1 40 218 4 4
1 43 241 5 5
1 39 239 4 4
1 29 232 4 4
1 7 215 4 4
1 35 225 4 4
1 31 222 4 4
1 99 224 4 4
1 99 248 4 3
1 140 235 4 5
1 131 225 3 3
1 140 230 2 3
1 139 226 3 4
1 143 226 3 3
1 143 221 3 4
1 139 222 3 4
1 131 234 2 4
1 131 229 2 3
12 137 247 4 3
1 106 246 7 8
1 122 237 3 4
1 122 232 3 3
1 122 228 2 3
1 122 223 3 4
1 114 227 3 3
1 114 223 3 4
1 106 197 6 4
1 261 240 7 7
1 275 221 3 4
1 350 190 3 3
1 365 176 3 4
1 374 228 3 4
1 375 239 2 3
1 365 229 3 4
1 365 216 2 3
1 365 196 4 5
1 366 189 3 4
1 365 183 3 4
1 363 168 3 4
1 374 215 2 3
1 348 233 3 4
1 352 232 3 2
1 355 240 4 4
1 356 233 2 3
1 356 229 2 3
1 356 224 2 4
1 356 220 2 3
1 369 227 3 2
1 374 211 2 4
1 356 212 2 3
1 199 229 3 2
1 373 179 4 5
1 293 223 6 6
1 302 222 2 4
1 275 239 4 4
1 207 220 4 3
1 208 237 4 2
1 207 229 4 3
1 190 229 3 2
1 374 192 2 3
1 161 239 4 3
1 173 221 4 2
1 403 189 6 5
1 403 207 6 6
1 406 220 5 5
1 403 223 6 5
1 373 199 4 5
1 356 216 2 3
1 356 171 4 3
1 275 215 5 6
12 316 242 2 4
1 319 173 6 6
1 317 174 4 3
1 311 230 2 4
1 311 226 2 4
1 302 231 2 4
1 302 226 2 3
1 302 218 2 3
12 310 243 2 3
1 330 236 4 4
12 302 243 3 4
12 291 243 3 5
1 293 230 6 8
1 294 217 3 4
1 292 197 2 4
1 291 187 2 4
1 290 174 3 4
1 320 234 3 4
1 329 230 2 4
1 357 184 2 4
1 338 234 2 3
1 357 189 2 3
1 357 194 3 3
1 358 198 2 4
1 350 184 3 4
1 347 216 2 3
1 347 225 2 3
1 342 233 3 2
1 338 229 2 3
1 329 225 3 4
1 338 225 2 3
1 338 221 3 4
1 338 180 4 3
1 338 176 3 2
1 329 212 2 3
1 329 217 2 3
1 329 221 3 4
1 27 208 5 5
