0 0.4495192307692308 0.7836538461538461 0.14965560425798372 0.22542266750156542
0 0.4495192307692308 0.8413461538461539 0.14339386349405134 0.0907952410770194
0 0.4519230769230769 0.7331730769230769 0.14715090795241076 0.10707576706324357
0 0.6490384615384616 0.7932692307692307 0.15466499686912963 0.2554790231684408
0 0.5889423076923077 0.5817307692307693 0.06512210394489668 0.06825297432686286
0 0.5649038461538461 0.44471153846153844 0.08515967438948026 0.08641202254226674
0 0.43028846153846156 0.40625 0.053850970569818406 0.05823418910457106
0 0.5625 0.27403846153846156 0.0688791484032561 0.06637445209768314
0 0.3245192307692308 0.2932692307692308 0.03506574827802129 0.06324358171571696
0 0.3894230769230769 0.2956730769230769 0.03506574827802129 0.06261740763932372
0 0.3918269230769231 0.21394230769230768 0.03506574827802129 0.0638697557921102
0 0.3269230769230769 0.21153846153846154 0.03506574827802129 0.06324358171571696
