0 0.5264423076923077 0.39903846153846156 0.01592460188495288 0.015599610009749758
0 0.44471153846153844 0.3389423076923077 0.013974650633734157 0.016574585635359115
0 0.41346153846153844 0.31009615384615385 0.013324666883327917 0.0146246343841404
0 0.3125 0.25240384615384615 0.013649658758531037 0.012674683132921678
0 0.46875 0.5769230769230769 0.014949626259343516 0.014949626259343516
0 0.36538461538461536 0.5504807692307693 0.017874553136171596 0.014949626259343516
0 0.6418269230769231 0.49278846153846156 0.016574585635359115 0.0146246343841404
0 0.7139423076923077 0.4879807692307692 0.014299642508937279 0.015274618134546638
0 0.8966346153846154 0.5985576923076923 0.019499512512187196 0.020474488137796558
0 0.13701923076923078 0.5985576923076923 0.012349691257718558 0.012999675008124796
0 0.17067307692307693 0.6298076923076923 0.013324666883327917 0.013649658758531037
0 0.08413461538461539 0.4951923076923077 0.014299642508937279 0.0146246343841404
0 0.18509615384615385 0.5144230769230769 0.014949626259343516 0.016899577510562237
0 0.3629807692307692 0.7235576923076923 0.014949626259343516 0.0146246343841404
0 0.23557692307692307 0.6899038461538461 0.015274618134546638 0.016249593760155997
0 0.17067307692307693 0.7668269230769231 0.019499512512187196 0.017874553136171596
