11 333 371 10 14
11 232 298 14 13
11 274 289 15 13
11 263 278 14 13
11 252 267 14 14
11 248 260 13 13
11 243 255 12 12
11 232 245 16 15
11 228 237 14 12
11 210 257 11 12
11 230 291 13 13
11 250 314 14 13
11 219 282 13 13
11 213 278 12 12
11 208 272 13 13
11 202 268 12 12
11 198 262 13 13
11 193 257 11 10
11 187 251 12 12
11 182 245 12 13
11 284 299 12 11
11 254 320 11 11
11 166 230 13 11
11 352 315 13 13
11 397 285 15 6
11 396 293 13 6
11 395 315 15 6
11 381 348 11 14
11 373 349 10 13
11 367 354 10 12
11 361 358 12 16
11 358 312 13 13
11 344 319 13 13
11 265 331 11 11
11 338 324 12 12
11 328 326 14 13
11 310 327 16 15
11 302 368 16 15
11 296 361 13 13
11 279 347 12 13
11 275 341 13 12
11 270 336 15 14
11 177 241 12 12
11 156 219 13 12
11 341 368 10 14
11 148 206 11 11
11 111 170 14 13
11 106 164 12 12
11 101 160 15 14
11 105 114 13 14
11 99 107 13 17
11 93 100 15 16
11 79 139 13 13
11 75 132 14 15
11 144 200 11 11
11 116 125 14 13
11 138 196 11 10
11 131 192 11 11
11 137 30 16 13
11 125 38 14 13
11 112 45 13 11
11 93 27 13 13
11 72 67 11 10
11 314 48 13 14
11 120 182 12 12
11 126 136 13 13
11 268 201 11 6
11 188 204 14 14
11 266 193 14 7
11 263 140 14 7
11 268 149 11 5
11 227 195 14 14
11 218 189 13 13
11 223 185 12 12
11 208 189 12 13
11 200 194 13 13
11 183 193 12 10
11 121 131 14 14
11 177 189 13 13
11 173 183 15 13
11 167 178 16 15
11 157 167 14 14
11 161 172 13 11
11 143 150 13 13
11 137 145 13 13
11 131 140 12 13
11 375 39 14 15
