0 0.6033653846153846 0.12980769230769232 0.033693579148124604 0.03178639542275906
0 0.7331730769230769 0.6923076923076923 0.047679593134138595 0.017164653528289893
0 0.16105769230769232 0.8966346153846154 0.013986013986013986 0.03814367450731087
0 0.2980769230769231 0.7980769230769231 0.0839160839160839 0.017800381436745075
0 0.2980769230769231 0.7764423076923077 0.08328035600762873 0.018436109345200256
0 0.30288461538461536 0.6009615384615384 0.06357279084551812 0.017164653528289893
0 0.2956730769230769 0.4831730769230769 0.06865861411315957 0.018436109345200256
0 0.8894230769230769 0.4423076923076923 0.05530832803560077 0.019071837253655435
0 0.8894230769230769 0.4206730769230769 0.05530832803560077 0.017164653528289893
0 0.8870192307692307 0.4014423076923077 0.05530832803560077 0.01652892561983471
0 0.8725961538461539 0.3389423076923077 0.08518753973299428 0.017800381436745075
0 0.8701923076923077 0.24759615384615385 0.0839160839160839 0.020343293070565798
0 0.7379807692307693 0.625 0.060394151303242216 0.017800381436745075
0 0.7379807692307693 0.6442307692307693 0.060394151303242216 0.017800381436745075
0 0.7379807692307693 0.6634615384615384 0.05530832803560077 0.01589319771137953
0 0.7259615384615384 0.7139423076923077 0.05912269548633185 0.017164653528289893
0 0.625 0.125 0.03242212333121424 0.029879211697393517
0 0.7115384615384616 0.7355769230769231 0.0540368722186904 0.018436109345200256
0 0.7019230769230769 0.7572115384615384 0.0572155117609663 0.018436109345200256
0 0.8822115384615384 0.7283653846153846 0.08455181182453911 0.020343293070565798
0 0.8822115384615384 0.7091346153846154 0.08455181182453911 0.01970756516211062
0 0.8942307692307693 0.6850961538461539 0.055944055944055944 0.017164653528289893
0 0.8798076923076923 0.6442307692307693 0.0839160839160839 0.017164653528289893
0 0.47596153846153844 0.8461538461538461 0.06357279084551812 0.017800381436745075
0 0.5528846153846154 0.84375 0.06357279084551812 0.018436109345200256
0 0.6274038461538461 0.84375 0.062301335028607754 0.017800381436745075
0 0.6850961538461539 0.8413461538461539 0.04704386522568341 0.017164653528289893
0 0.7644230769230769 0.8389423076923077 0.09535918626827719 0.019071837253655435
0 0.9783653846153846 0.8125 0.033693579148124604 0.017164653528289893
0 0.6923076923076923 0.16105769230769232 0.03178639542275906 0.031150667514303877
0 0.18269230769230768 0.5528846153846154 0.017800381436745075 0.09218054672600128
