10 62 170 6 2
11 29 96 6 3
11 29 127 6 2
11 29 123 5 3
11 29 118 6 2
11 29 115 5 2
11 29 111 6 2
11 30 107 5 2
11 30 103 5 2
11 30 92 5 2
11 133 82 3 6
11 82 257 6 2
11 85 216 5 3
11 78 208 5 2
11 77 212 5 2
11 76 243 6 2
11 76 233 6 3
11 77 222 6 2
11 143 84 2 6
11 128 99 3 7
10 206 253 3 7
11 241 346 2 6
10 220 272 2 6
10 196 297 6 2
10 222 307 6 3
10 250 309 6 2
11 248 327 3 6
11 248 347 2 5
11 245 347 2 5
11 211 344 2 5
11 142 107 2 6
11 207 345 2 6
11 200 344 2 6
11 190 343 2 5
11 209 324 2 6
11 213 325 2 6
11 199 324 2 5
11 189 325 2 6
11 77 219 6 3
11 58 255 5 3
11 59 249 5 2
11 52 103 2 6
11 79 104 2 6
11 76 104 2 7
11 73 104 3 7
11 66 103 2 5
11 62 103 2 6
11 59 103 2 6
11 56 102 2 4
11 94 98 2 5
11 59 242 6 2
11 66 96 2 6
11 90 98 2 5
11 87 98 2 5
11 73 97 2 6
11 70 97 2 5
11 63 97 2 5
11 56 97 2 5
11 83 105 2 6
11 86 105 2 6
11 90 105 2 6
11 93 105 2 6
11 105 123 2 6
11 109 124 2 6
11 80 140 7 2
11 80 137 7 3
11 62 184 6 2
11 64 160 5 2
11 64 156 5 2
11 64 153 6 2
11 64 149 5 2
11 64 142 6 3
11 64 138 5 2
11 65 130 5 2
11 112 81 2 6
11 104 106 3 6
11 100 99 2 5
10 200 271 2 5
10 217 253 3 5
10 63 167 6 2
11 259 260 2 5
11 394 172 5 2
11 270 115 2 6
11 299 91 2 5
11 297 261 2 6
11 251 266 3 6
11 252 259 2 7
11 255 259 2 4
11 308 246 3 7
11 397 227 6 3
11 290 261 2 6
11 316 287 2 6
11 309 286 2 5
11 266 114 2 5
11 270 107 2 5
11 273 107 2 6
11 257 90 3 5
11 387 172 6 3
11 371 287 5 2
10 231 254 3 7
10 306 174 3 6
10 78 178 5 3
10 79 172 5 3
10 78 165 7 2
10 112 292 7 3
10 101 211 7 3
10 218 197 3 6
10 302 92 2 7
10 293 165 3 8
11 391 321 6 2
10 314 175 2 7
10 295 312 10 3
10 318 313 6 2
10 353 306 7 3
10 360 252 2 5
10 377 240 8 3
11 343 283 2 5
11 285 90 3 6
11 289 90 2 6
11 292 91 2 5
11 254 220 2 7
11 273 259 2 6
11 284 243 3 8
11 277 236 3 7
11 267 244 3 6
11 257 241 2 6
11 264 220 3 7
11 258 220 3 8
11 205 225 2 6
11 326 203 3 6
11 219 226 3 7
10 235 198 3 6
11 196 215 2 6
11 213 215 2 6
11 230 216 2 5
11 202 223 3 6
10 201 243 2 6
11 266 259 2 6
11 262 260 2 7
11 255 266 3 6
11 307 269 2 7
11 325 211 3 6
11 322 266 2 6
11 345 251 2 6
11 332 305 5 2
11 383 308 5 2
11 376 320 5 2
11 368 320 5 3
11 287 116 3 7
11 287 108 2 6
11 280 115 3 6
11 263 114 2 6
11 256 114 3 7
11 349 189 2 6
11 343 196 2 6
11 325 219 2 6
11 52 96 2 6
