11 234 4 8 4
10 213 243 6 18
10 261 311 6 18
10 272 309 6 18
10 278 309 6 18
10 283 308 6 18
10 280 322 18 6
10 249 273 6 18
10 254 272 7 18
10 197 244 7 18
10 202 244 6 18
10 208 243 6 18
10 218 242 7 19
11 276 131 4 7
10 223 241 6 19
10 229 240 6 18
10 234 240 7 18
10 239 238 6 19
10 244 237 6 18
10 249 236 6 18
10 254 235 6 18
10 259 235 7 18
10 264 234 7 18
10 219 220 6 18
10 255 312 6 18
10 285 365 9 18
10 280 363 9 18
10 275 362 9 18
10 136 322 18 11
10 144 324 18 11
10 152 326 18 11
10 170 330 9 18
10 176 332 9 18
10 181 334 9 18
10 186 335 9 18
10 191 337 9 18
10 197 339 9 18
10 202 340 9 18
10 208 342 9 18
10 212 343 9 18
10 218 345 8 18
10 223 347 9 18
10 228 348 8 18
10 233 350 8 18
10 238 351 9 18
10 249 354 9 18
10 259 358 9 18
10 264 359 9 18
10 270 360 9 18
10 225 219 7 18
10 251 214 7 18
10 186 181 8 27
10 182 75 19 7
10 184 80 19 7
10 183 86 19 7
10 185 91 19 7
10 185 96 19 7
10 186 101 19 7
10 187 105 19 6
10 229 89 19 8
10 230 94 19 7
10 231 99 19 7
10 193 112 29 8
10 239 105 28 9
10 81 59 7 19
10 84 79 7 19
10 87 98 7 19
11 77 21 5 5
11 81 14 4 5
11 299 127 4 6
11 293 131 5 8
11 289 130 3 5
11 285 129 3 6
11 281 131 4 7
10 218 47 7 18
10 181 70 19 7
10 192 180 8 27
10 180 64 19 7
10 197 179 8 27
10 203 178 7 27
10 208 177 8 27
10 213 176 9 28
10 219 176 8 27
10 224 175 8 27
10 235 173 9 27
10 241 172 9 27
10 241 142 9 27
10 219 145 9 27
10 214 146 8 27
10 208 147 9 27
10 203 148 8 28
10 197 149 8 28
10 192 150 9 27
10 187 150 8 28
10 181 151 8 27
10 178 45 19 6
10 178 49 19 7
10 179 54 19 7
10 179 59 19 7
10 129 317 19 6
