0 0.8004807692307693 0.6610576923076923 0.009471191791633781 0.014206787687450671
0 0.3798076923076923 0.6153846153846154 0.0033149171270718232 0.006156274664561958
0 0.3894230769230769 0.6346153846153846 0.0037884767166535124 0.006314127861089188
0 0.39903846153846156 0.6370192307692307 0.003472770323599053 0.0066298342541436465
0 0.39663461538461536 0.6370192307692307 0.0037884767166535124 0.006471981057616418
0 0.3798076923076923 0.6346153846153846 0.003157063930544594 0.006471981057616418
0 0.38221153846153844 0.6346153846153846 0.003472770323599053 0.006156274664561958
0 0.3629807692307692 0.6322115384615384 0.0066298342541436465 0.00536700868192581
0 0.38221153846153844 0.6586538461538461 0.0036306235201262827 0.005840568271507498
0 0.39903846153846156 0.6586538461538461 0.004104183109707972 0.006787687450670876
0 0.3894230769230769 0.65625 0.003946329913180742 0.006471981057616418
0 0.3581730769230769 0.6442307692307693 0.006787687450670876 0.00505130228887135
0 0.3581730769230769 0.6634615384615384 0.0033149171270718232 0.005682715074980268
0 0.2548076923076923 0.7475961538461539 0.005998421468034728 0.0048934490923441204
0 0.23798076923076922 0.6802884615384616 0.00505130228887135 0.0066298342541436465
0 0.12740384615384615 0.7451923076923077 0.004577742699289661 0.006471981057616418
0 0.125 0.7427884615384616 0.004419889502762431 0.006314127861089188
0 0.375 0.6153846153846154 0.004104183109707972 0.0066298342541436465
0 0.38221153846153844 0.6177884615384616 0.003946329913180742 0.006787687450670876
0 0.1346153846153846 0.7379807692307693 0.006945540647198106 0.00505130228887135
0 0.3894230769230769 0.6177884615384616 0.0033149171270718232 0.005682715074980268
0 0.4206730769230769 0.5841346153846154 0.0066298342541436465 0.007103393843725336
0 0.4230769230769231 0.41586538461538464 0.005682715074980268 0.00520915548539858
0 0.4230769230769231 0.4110576923076923 0.006314127861089188 0.00520915548539858
0 0.4230769230769231 0.40384615384615385 0.005524861878453039 0.005840568271507498
0 0.4206730769230769 0.3485576923076923 0.002841357537490134 0.006471981057616418
0 0.41586538461538464 0.3389423076923077 0.005840568271507498 0.005840568271507498
0 0.4110576923076923 0.30288461538461536 0.006314127861089188 0.0066298342541436465
0 0.40625 0.27403846153846156 0.006471981057616418 0.003946329913180742
0 0.3942307692307692 0.28125 0.007419100236779796 0.005998421468034728
0 0.3870192307692308 0.3557692307692308 0.002841357537490134 0.006156274664561958
0 0.3894230769230769 0.28365384615384615 0.004419889502762431 0.006314127861089188
0 0.4014423076923077 0.6201923076923077 0.0036306235201262827 0.007261247040252565
0 0.39903846153846156 0.6201923076923077 0.003472770323599053 0.006314127861089188
0 0.3942307692307692 0.6201923076923077 0.0037884767166535124 0.0066298342541436465
0 0.3918269230769231 0.6177884615384616 0.0036306235201262827 0.007103393843725336
0 0.11298076923076923 0.7620192307692307 0.007103393843725336 0.00505130228887135
0 0.1201923076923077 0.7427884615384616 0.00505130228887135 0.006945540647198106
0 0.11778846153846154 0.6322115384615384 0.005998421468034728 0.003472770323599053
0 0.09615384615384616 0.6778846153846154 0.006471981057616418 0.00505130228887135
0 0.0985576923076923 0.6706730769230769 0.006471981057616418 0.0048934490923441204
0 0.0985576923076923 0.6682692307692307 0.005998421468034728 0.0048934490923441204
0 0.10096153846153846 0.6634615384615384 0.006945540647198106 0.00520915548539858
0 0.10096153846153846 0.6610576923076923 0.006787687450670876 0.00505130228887135
0 0.1201923076923077 0.6682692307692307 0.005998421468034728 0.002525651144435675
0 0.1201923076923077 0.6658653846153846 0.006471981057616418 0.003157063930544594
0 0.12740384615384615 0.6682692307692307 0.005682715074980268 0.002841357537490134
0 0.14423076923076922 0.6754807692307693 0.005524861878453039 0.003157063930544594
0 0.14423076923076922 0.6706730769230769 0.00536700868192581 0.0037884767166535124
0 0.14423076923076922 0.6634615384615384 0.006314127861089188 0.0036306235201262827
0 0.1201923076923077 0.6514423076923077 0.00520915548539858 0.002841357537490134
0 0.11778846153846154 0.6490384615384616 0.006156274664561958 0.0033149171270718232
0 0.11778846153846154 0.6466346153846154 0.005998421468034728 0.0033149171270718232
0 0.1201923076923077 0.65625 0.00536700868192581 0.002841357537490134
0 0.11778846153846154 0.6418269230769231 0.00536700868192581 0.002841357537490134
0 0.12740384615384615 0.65625 0.006156274664561958 0.002999210734017364
0 0.10576923076923077 0.6826923076923077 0.006945540647198106 0.00505130228887135
0 0.11778846153846154 0.7403846153846154 0.0042620363062352016 0.005524861878453039
0 0.1466346153846154 0.7067307692307693 0.00536700868192581 0.003472770323599053
0 0.11538461538461539 0.7403846153846154 0.005682715074980268 0.007419100236779796
0 0.11298076923076923 0.7379807692307693 0.004577742699289661 0.006945540647198106
0 0.10817307692307693 0.7355769230769231 0.005524861878453039 0.007419100236779796
0 0.10336538461538461 0.7331730769230769 0.004577742699289661 0.006156274664561958
0 0.09615384615384616 0.7307692307692307 0.0048934490923441204 0.006787687450670876
0 0.11298076923076923 0.7235576923076923 0.005840568271507498 0.004735595895816891
0 0.11778846153846154 0.7259615384615384 0.0066298342541436465 0.00520915548539858
0 0.11298076923076923 0.71875 0.006787687450670876 0.00520915548539858
0 0.13701923076923078 0.7331730769230769 0.005998421468034728 0.004577742699289661
0 0.13942307692307693 0.7259615384615384 0.006156274664561958 0.004735595895816891
0 0.125 0.6947115384615384 0.008524072612470403 0.006156274664561958
0 0.12259615384615384 0.6899038461538461 0.005682715074980268 0.002841357537490134
0 0.12259615384615384 0.6802884615384616 0.0066298342541436465 0.0037884767166535124
0 0.09615384615384616 0.7067307692307693 0.006314127861089188 0.0048934490923441204
0 0.1466346153846154 0.7139423076923077 0.007103393843725336 0.00520915548539858
0 0.4423076923076923 0.5769230769230769 0.00536700868192581 0.005524861878453039
0 0.4423076923076923 0.5721153846153846 0.005682715074980268 0.005524861878453039
0 0.4423076923076923 0.5600961538461539 0.005840568271507498 0.005840568271507498
0 0.6730769230769231 0.7524038461538461 0.005840568271507498 0.007103393843725336
0 0.6658653846153846 0.7524038461538461 0.005998421468034728 0.006471981057616418
0 0.6947115384615384 0.7716346153846154 0.005840568271507498 0.0033149171270718232
0 0.6682692307692307 0.7740384615384616 0.005998421468034728 0.003157063930544594
0 0.6538461538461539 0.7740384615384616 0.005998421468034728 0.003157063930544594
0 0.6466346153846154 0.7764423076923077 0.005840568271507498 0.0033149171270718232
0 0.6418269230769231 0.7548076923076923 0.00536700868192581 0.006787687450670876
0 0.6370192307692307 0.7548076923076923 0.006945540647198106 0.007419100236779796
0 0.6105769230769231 0.7572115384615384 0.006314127861089188 0.007103393843725336
0 0.6081730769230769 0.7572115384615384 0.005998421468034728 0.006787687450670876
0 0.6033653846153846 0.7572115384615384 0.00536700868192581 0.006471981057616418
0 0.5985576923076923 0.7572115384615384 0.006156274664561958 0.006945540647198106
0 0.59375 0.7596153846153846 0.006314127861089188 0.006945540647198106
0 0.5889423076923077 0.7596153846153846 0.005524861878453039 0.006471981057616418
0 0.6009615384615384 0.7788461538461539 0.006314127861089188 0.002999210734017364
0 0.5600961538461539 0.7692307692307693 0.006787687450670876 0.0036306235201262827
0 0.6706730769230769 0.7524038461538461 0.005840568271507498 0.006945540647198106
0 0.6778846153846154 0.7524038461538461 0.005682715074980268 0.0066298342541436465
0 0.43990384615384615 0.5480769230769231 0.00505130228887135 0.00520915548539858
0 0.6826923076923077 0.7524038461538461 0.005840568271507498 0.007103393843725336
0 0.8076923076923077 0.7163461538461539 0.00520915548539858 0.006787687450670876
0 0.8365384615384616 0.7235576923076923 0.006787687450670876 0.005524861878453039
0 0.8293269230769231 0.7259615384615384 0.00505130228887135 0.004419889502762431
0 0.8245192307692307 0.7283653846153846 0.005524861878453039 0.004419889502762431
0 0.8173076923076923 0.7331730769230769 0.006156274664561958 0.00505130228887135
0 0.7884615384615384 0.7355769230769231 0.006471981057616418 0.00520915548539858
0 0.7956730769230769 0.7451923076923077 0.006787687450670876 0.005524861878453039
0 0.7908653846153846 0.7475961538461539 0.00505130228887135 0.003946329913180742
0 0.7692307692307693 0.7572115384615384 0.005682715074980268 0.003946329913180742
0 0.7644230769230769 0.7596153846153846 0.0066298342541436465 0.004419889502762431
0 0.7451923076923077 0.7644230769230769 0.006314127861089188 0.0036306235201262827
0 0.7307692307692307 0.7548076923076923 0.005682715074980268 0.002841357537490134
0 0.7307692307692307 0.7475961538461539 0.00536700868192581 0.0066298342541436465
0 0.7259615384615384 0.7475961538461539 0.00536700868192581 0.006945540647198106
0 0.6875 0.75 0.006156274664561958 0.0066298342541436465
0 0.49759615384615385 0.7764423076923077 0.006945540647198106 0.004419889502762431
0 0.4807692307692308 0.7716346153846154 0.005682715074980268 0.006314127861089188
0 0.43028846153846156 0.7043269230769231 0.00520915548539858 0.0066298342541436465
0 0.4182692307692308 0.6899038461538461 0.006945540647198106 0.005682715074980268
0 0.4254807692307692 0.6466346153846154 0.00536700868192581 0.00520915548539858
0 0.4254807692307692 0.6418269230769231 0.006471981057616418 0.005682715074980268
0 0.4254807692307692 0.6370192307692307 0.005840568271507498 0.0048934490923441204
0 0.4254807692307692 0.6322115384615384 0.006314127861089188 0.005840568271507498
0 0.43990384615384615 0.6346153846153846 0.0066298342541436465 0.006156274664561958
0 0.43990384615384615 0.6322115384615384 0.006471981057616418 0.006156274664561958
0 0.4423076923076923 0.6274038461538461 0.005840568271507498 0.005682715074980268
0 0.4254807692307692 0.6274038461538461 0.006314127861089188 0.005682715074980268
0 0.40625 0.6298076923076923 0.006314127861089188 0.0048934490923441204
0 0.40625 0.6225961538461539 0.003472770323599053 0.0066298342541436465
0 0.4495192307692308 0.6129807692307693 0.007261247040252565 0.003157063930544594
0 0.4495192307692308 0.6105769230769231 0.005524861878453039 0.002999210734017364
0 0.4519230769230769 0.6033653846153846 0.005998421468034728 0.003157063930544594
0 0.4495192307692308 0.6009615384615384 0.005524861878453039 0.002683504340962905
0 0.4495192307692308 0.5985576923076923 0.006156274664561958 0.003946329913180742
0 0.3942307692307692 0.6418269230769231 0.005840568271507498 0.0037884767166535124
0 0.4230769230769231 0.6490384615384616 0.0066298342541436465 0.005682715074980268
0 0.4375 0.6514423076923077 0.006156274664561958 0.005998421468034728
0 0.4206730769230769 0.6730769230769231 0.005998421468034728 0.00536700868192581
0 0.4182692307692308 0.6850961538461539 0.005998421468034728 0.005840568271507498
0 0.4182692307692308 0.6802884615384616 0.005682715074980268 0.00536700868192581
0 0.4326923076923077 0.6850961538461539 0.005682715074980268 0.006156274664561958
0 0.4326923076923077 0.6802884615384616 0.0048934490923441204 0.00520915548539858
0 0.43509615384615385 0.6754807692307693 0.00520915548539858 0.00520915548539858
0 0.4206730769230769 0.6778846153846154 0.006156274664561958 0.005682715074980268
0 0.4206730769230769 0.6682692307692307 0.006471981057616418 0.005524861878453039
0 0.4375 0.65625 0.006314127861089188 0.006314127861089188
0 0.43509615384615385 0.6730769230769231 0.005840568271507498 0.006314127861089188
0 0.43509615384615385 0.6682692307692307 0.005682715074980268 0.005998421468034728
0 0.4206730769230769 0.6634615384615384 0.006471981057616418 0.00536700868192581
0 0.43509615384615385 0.6634615384615384 0.005524861878453039 0.005998421468034728
0 0.43509615384615385 0.6586538461538461 0.00536700868192581 0.005682715074980268
0 0.4230769230769231 0.6586538461538461 0.006156274664561958 0.00505130228887135
0 0.12259615384615384 0.6322115384615384 0.006314127861089188 0.003472770323599053
0 0.125 0.6346153846153846 0.005682715074980268 0.0033149171270718232
0 0.8317307692307693 0.71875 0.006945540647198106 0.00520915548539858
0 0.30528846153846156 0.29086538461538464 0.09439621152328335 0.02478295185477506
0 0.7668269230769231 0.7235576923076923 0.007576953433307025 0.005682715074980268
0 0.7163461538461539 0.75 0.00520915548539858 0.005998421468034728
0 0.7932692307692307 0.6682692307692307 0.006945540647198106 0.01041831097079716
0 0.8028846153846154 0.6634615384615384 0.007103393843725336 0.010260457774269928
0 0.8125 0.5408653846153846 0.052565114443567484 0.03630623520126283
0 0.84375 0.5192307692307693 0.04609313338595107 0.07466456195737964
0 0.8822115384615384 0.625 0.007576953433307025 0.002841357537490134
0 0.8413461538461539 0.5649038461538461 0.00505130228887135 0.006945540647198106
0 0.8557692307692307 0.5432692307692307 0.006314127861089188 0.008524072612470403
0 0.8629807692307693 0.5697115384615384 0.011996842936069455 0.007103393843725336
0 0.8677884615384616 0.5600961538461539 0.006156274664561958 0.008839779005524863
0 0.9206730769230769 0.6394230769230769 0.014048934490923443 0.00994475138121547
0 0.9423076923076923 0.6658653846153846 0.006787687450670876 0.005524861878453039
0 0.9302884615384616 0.6730769230769231 0.00520915548539858 0.004577742699289661
0 0.9254807692307693 0.6754807692307693 0.005682715074980268 0.004735595895816891
0 0.40625 0.59375 0.00520915548539858 0.007103393843725336
0 0.25961538461538464 0.34134615384615385 0.1984214680347277 0.053512233622730866
0 0.4326923076923077 0.6947115384615384 0.005682715074980268 0.006471981057616418
0 0.29086538461538464 0.40384615384615385 0.17932123125493293 0.060299921073401735
0 0.0889423076923077 0.7211538461538461 0.0066298342541436465 0.004735595895816891
0 0.07932692307692307 0.7115384615384616 0.006156274664561958 0.004577742699289661
0 0.07692307692307693 0.7139423076923077 0.006945540647198106 0.004735595895816891
0 0.07692307692307693 0.71875 0.005998421468034728 0.004419889502762431
0 0.07451923076923077 0.7211538461538461 0.006945540647198106 0.0048934490923441204
0 0.07451923076923077 0.7235576923076923 0.007103393843725336 0.005682715074980268
0 0.014423076923076924 0.7331730769230769 0.005682715074980268 0.006945540647198106
0 0.009615384615384616 0.7427884615384616 0.0048934490923441204 0.006945540647198106
0 0.09375 0.7283653846153846 0.004735595895816891 0.006471981057616418
0 0.08653846153846154 0.7475961538461539 0.006787687450670876 0.00520915548539858
0 0.09375 0.75 0.006314127861089188 0.004735595895816891
0 0.038461538461538464 0.7524038461538461 0.0042620363062352016 0.00536700868192581
0 0.01201923076923077 0.7668269230769231 0.00536700868192581 0.006156274664561958
0 0.33413461538461536 0.5432692307692307 0.1286503551696922 0.044198895027624314
0 0.30528846153846156 0.47596153846153844 0.16764009471191793 0.06614048934490924
0 0.43028846153846156 0.6995192307692307 0.005682715074980268 0.006471981057616418
0 0.41346153846153844 0.3173076923076923 0.006471981057616418 0.005998421468034728
0 0.125 0.6394230769230769 0.00536700868192581 0.002999210734017364
0 0.2283653846153846 0.49759615384615385 0.004577742699289661 0.021941594317284926
0 0.20673076923076922 0.4230769230769231 0.0042620363062352016 0.017995264404104185
0 0.22115384615384615 0.4014423076923077 0.0037884767166535124 0.016258879242304656
0 0.20432692307692307 0.40384615384615385 0.004419889502762431 0.017679558011049725
0 0.16346153846153846 0.36778846153846156 0.005524861878453039 0.025098658247829524
0 0.14423076923076922 0.3701923076923077 0.00536700868192581 0.02525651144435675
0 0.16105769230769232 0.34134615384615385 0.0048934490923441204 0.02083662194159432
0 0.14182692307692307 0.34375 0.00505130228887135 0.021152328334648775
0 0.11057692307692307 0.6057692307692307 0.005998421468034728 0.006787687450670876
0 0.125 0.6442307692307693 0.006156274664561958 0.002683504340962905
0 0.12740384615384615 0.6610576923076923 0.006314127861089188 0.0036306235201262827
0 0.11538461538461539 0.6298076923076923 0.006945540647198106 0.0036306235201262827
0 0.12259615384615384 0.6730769230769231 0.008681925808997633 0.003946329913180742
0 0.12259615384615384 0.6850961538461539 0.008366219415943173 0.0042620363062352016
0 0.11778846153846154 0.7139423076923077 0.008997632202052092 0.0066298342541436465
0 0.12259615384615384 0.7019230769230769 0.009786898184688241 0.006471981057616418
0 0.22355769230769232 0.4206730769230769 0.004104183109707972 0.016574585635359115
0 0.23557692307692307 0.39903846153846156 0.0042620363062352016 0.016416732438831887
0 0.36538461538461536 0.40384615384615385 0.0037884767166535124 0.016258879242304656
0 0.23798076923076922 0.4182692307692308 0.003946329913180742 0.016574585635359115
0 0.3629807692307692 0.38461538461538464 0.004104183109707972 0.015469613259668509
0 0.3485576923076923 0.40625 0.0042620363062352016 0.016574585635359115
0 0.34615384615384615 0.3870192307692308 0.004104183109707972 0.016101026045777428
0 0.33413461538461536 0.40625 0.0042620363062352016 0.016890292028413575
0 0.3173076923076923 0.40865384615384615 0.003946329913180742 0.016732438831886347
0 0.3004807692307692 0.4110576923076923 0.003946329913180742 0.016416732438831887
0 0.3317307692307692 0.3870192307692308 0.003946329913180742 0.01515390686661405
0 0.31490384615384615 0.3894230769230769 0.0037884767166535124 0.016258879242304656
0 0.3004807692307692 0.3918269230769231 0.003946329913180742 0.016101026045777428
0 0.2860576923076923 0.41346153846153844 0.004104183109707972 0.016101026045777428
0 0.28365384615384615 0.3942307692307692 0.003946329913180742 0.015469613259668509
0 0.2692307692307692 0.41586538461538464 0.004104183109707972 0.016732438831886347
0 0.2668269230769231 0.39663461538461536 0.003946329913180742 0.016574585635359115
0 0.2548076923076923 0.41586538461538464 0.004104183109707972 0.016416732438831887
0 0.25240384615384615 0.39903846153846156 0.004577742699289661 0.016574585635359115
0 0.09134615384615384 0.71875 0.006471981057616418 0.00505130228887135
0 0.09134615384615384 0.7163461538461539 0.006471981057616418 0.00520915548539858
0 0.09375 0.7091346153846154 0.006471981057616418 0.005524861878453039
0 0.13701923076923078 0.6081730769230769 0.005840568271507498 0.0036306235201262827
0 0.10336538461538461 0.6298076923076923 0.00536700868192581 0.0066298342541436465
0 0.0985576923076923 0.6298076923076923 0.0048934490923441204 0.006471981057616418
0 0.09615384615384616 0.6322115384615384 0.00520915548539858 0.005840568271507498
0 0.1346153846153846 0.6033653846153846 0.0066298342541436465 0.003157063930544594
0 0.1346153846153846 0.6009615384615384 0.005998421468034728 0.003157063930544594
0 0.11778846153846154 0.6009615384615384 0.00536700868192581 0.006471981057616418
0 0.1201923076923077 0.5985576923076923 0.005524861878453039 0.006945540647198106
0 0.12259615384615384 0.5961538461538461 0.004104183109707972 0.005682715074980268
0 0.125 0.59375 0.005682715074980268 0.0066298342541436465
0 0.11778846153846154 0.5865384615384616 0.005682715074980268 0.002999210734017364
0 0.11778846153846154 0.5913461538461539 0.006787687450670876 0.004104183109707972
0 0.11298076923076923 0.59375 0.007419100236779796 0.00536700868192581
0 0.11057692307692307 0.5961538461538461 0.005524861878453039 0.005840568271507498
0 0.10336538461538461 0.6033653846153846 0.006156274664561958 0.006471981057616418
0 0.10096153846153846 0.6057692307692307 0.005524861878453039 0.005840568271507498
0 0.10576923076923077 0.625 0.005524861878453039 0.005840568271507498
0 0.13701923076923078 0.6105769230769231 0.006156274664561958 0.003157063930544594
0 0.08173076923076923 0.7091346153846154 0.006471981057616418 0.004735595895816891
0 0.13701923076923078 0.6129807692307693 0.005998421468034728 0.0033149171270718232
0 0.14182692307692307 0.65625 0.006471981057616418 0.0036306235201262827
0 0.14182692307692307 0.6490384615384616 0.00520915548539858 0.003472770323599053
0 0.13942307692307693 0.6442307692307693 0.0066298342541436465 0.0037884767166535124
0 0.13942307692307693 0.6394230769230769 0.005998421468034728 0.0036306235201262827
0 0.1201923076923077 0.6586538461538461 0.0066298342541436465 0.003946329913180742
0 0.12259615384615384 0.6298076923076923 0.005682715074980268 0.003157063930544594
0 0.13942307692307693 0.6322115384615384 0.005998421468034728 0.002841357537490134
0 0.13701923076923078 0.6274038461538461 0.006471981057616418 0.003472770323599053
0 0.12259615384615384 0.625 0.006156274664561958 0.002999210734017364
0 0.13701923076923078 0.6225961538461539 0.00536700868192581 0.002999210734017364
0 0.13701923076923078 0.6201923076923077 0.005998421468034728 0.003472770323599053
0 0.13701923076923078 0.6177884615384616 0.005998421468034728 0.003472770323599053
0 0.12259615384615384 0.6225961538461539 0.006156274664561958 0.0033149171270718232
0 0.12259615384615384 0.6177884615384616 0.005682715074980268 0.0033149171270718232
0 0.12259615384615384 0.6153846153846154 0.0066298342541436465 0.0033149171270718232
0 0.10096153846153846 0.6129807692307693 0.005524861878453039 0.006314127861089188
0 0.10817307692307693 0.6081730769230769 0.006156274664561958 0.007419100236779796
0 0.10576923076923077 0.6105769230769231 0.005840568271507498 0.007103393843725336
0 0.09375 0.5865384615384616 0.005682715074980268 0.005998421468034728
0 0.0889423076923077 0.6370192307692307 0.006471981057616418 0.004735595895816891
0 0.07211538461538461 0.6346153846153846 0.006945540647198106 0.004735595895816891
0 0.07692307692307693 0.6610576923076923 0.0066298342541436465 0.0048934490923441204
0 0.0625 0.6610576923076923 0.007261247040252565 0.00520915548539858
0 0.07692307692307693 0.6634615384615384 0.006787687450670876 0.0048934490923441204
0 0.07451923076923077 0.6682692307692307 0.005998421468034728 0.00505130228887135
0 0.01201923076923077 0.6802884615384616 0.006787687450670876 0.0048934490923441204
0 0.007211538461538462 0.6899038461538461 0.006314127861089188 0.004577742699289661
0 0.06490384615384616 0.6947115384615384 0.006314127861089188 0.00505130228887135
0 0.06490384615384616 0.6899038461538461 0.006314127861089188 0.004577742699289661
0 0.0889423076923077 0.6899038461538461 0.005840568271507498 0.00505130228887135
0 0.0889423076923077 0.6923076923076923 0.006471981057616418 0.00505130228887135
0 0.08653846153846154 0.6971153846153846 0.006945540647198106 0.00520915548539858
0 0.08413461538461539 0.7019230769230769 0.006787687450670876 0.0048934490923441204
0 0.08173076923076923 0.7043269230769231 0.007103393843725336 0.0048934490923441204
0 0.0889423076923077 0.6418269230769231 0.006471981057616418 0.00505130228887135
0 0.0889423076923077 0.6346153846153846 0.005840568271507498 0.00505130228887135
0 0.07932692307692307 0.6201923076923077 0.006471981057616418 0.00520915548539858
0 0.08653846153846154 0.6153846153846154 0.005682715074980268 0.006156274664561958
0 0.09134615384615384 0.5889423076923077 0.0048934490923441204 0.00536700868192581
0 0.08653846153846154 0.59375 0.00536700868192581 0.006156274664561958
0 0.08413461538461539 0.5961538461538461 0.00520915548539858 0.005998421468034728
0 0.07932692307692307 0.5985576923076923 0.00536700868192581 0.005524861878453039
0 0.07692307692307693 0.6009615384615384 0.00536700868192581 0.005998421468034728
0 0.0889423076923077 0.6129807692307693 0.00520915548539858 0.005524861878453039
0 0.07451923076923077 0.6033653846153846 0.005840568271507498 0.006156274664561958
0 0.06009615384615385 0.625 0.0066298342541436465 0.00520915548539858
0 0.07211538461538461 0.6057692307692307 0.005682715074980268 0.006156274664561958
0 0.08413461538461539 0.6177884615384616 0.006156274664561958 0.006471981057616418
0 0.06490384615384616 0.6129807692307693 0.005682715074980268 0.0048934490923441204
0 0.06971153846153846 0.6081730769230769 0.005524861878453039 0.006314127861089188
0 0.0625 0.6177884615384616 0.006314127861089188 0.00505130228887135
0 0.06009615384615385 0.6201923076923077 0.005682715074980268 0.004104183109707972
0 0.8149038461538461 0.7115384615384616 0.004577742699289661 0.006945540647198106
0 0.8413461538461539 0.6971153846153846 0.003946329913180742 0.006314127861089188
0 0.7956730769230769 0.6658653846153846 0.008524072612470403 0.011207576953433308
0 0.22596153846153846 0.4014423076923077 0.006314127861089188 0.013259668508287293
0 0.25 0.4182692307692308 0.008366219415943173 0.01941594317284925
0 0.25721153846153844 0.41586538461538464 0.005524861878453039 0.016890292028413575
0 0.2403846153846154 0.39903846153846156 0.007103393843725336 0.01562746645619574
0 0.24759615384615385 0.39663461538461536 0.007419100236779796 0.01988950276243094
0 0.2548076923076923 0.39663461538461536 0.006314127861089188 0.016416732438831887
0 0.2644230769230769 0.39663461538461536 0.005682715074980268 0.013733228097868984
0 0.2668269230769231 0.41586538461538464 0.0066298342541436465 0.015469613259668509
0 0.27403846153846156 0.41586538461538464 0.006471981057616418 0.01878453038674033
0 0.28125 0.41346153846153844 0.007103393843725336 0.017995264404104185
0 0.2980769230769231 0.4110576923076923 0.0077348066298342545 0.017837411207576957
0 0.27163461538461536 0.3942307692307692 0.007103393843725336 0.01973164956590371
0 0.27884615384615385 0.3942307692307692 0.006156274664561958 0.014048934490923443
0 0.28846153846153844 0.3918269230769231 0.006945540647198106 0.018468823993685872
0 0.2956730769230769 0.3918269230769231 0.005998421468034728 0.01499605367008682
0 0.31490384615384615 0.4110576923076923 0.007576953433307025 0.017995264404104185
0 0.23317307692307693 0.4014423076923077 0.007261247040252565 0.0159431728492502
0 0.23317307692307693 0.4182692307692308 0.007576953433307025 0.016258879242304656
0 0.30288461538461536 0.3918269230769231 0.006787687450670876 0.01515390686661405
0 0.22596153846153846 0.4206730769230769 0.007576953433307025 0.016732438831886347
0 0.2692307692307692 0.46634615384615385 0.007892659826361484 0.021152328334648775
0 0.28846153846153844 0.49038461538461536 0.011681136543014996 0.022257300710339385
0 0.27403846153846156 0.49278846153846156 0.007892659826361484 0.02083662194159432
0 0.2668269230769231 0.49278846153846156 0.009155485398579322 0.0244672454617206
0 0.2548076923076923 0.49278846153846156 0.006471981057616418 0.01941594317284925
0 0.22115384615384615 0.4951923076923077 0.012154696132596685 0.021941594317284926
0 0.23317307692307693 0.49759615384615385 0.009471191791633781 0.022573007103393845
0 0.2620192307692308 0.47115384615384615 0.006945540647198106 0.016258879242304656
0 0.25240384615384615 0.47115384615384615 0.007261247040252565 0.018153117600631416
0 0.24519230769230768 0.47115384615384615 0.007261247040252565 0.017363851617995266
0 0.23798076923076922 0.4735576923076923 0.005840568271507498 0.013733228097868984
0 0.20673076923076922 0.4014423076923077 0.006156274664561958 0.016258879242304656
0 0.21634615384615385 0.39903846153846156 0.006314127861089188 0.01988950276243094
0 0.21153846153846154 0.4230769230769231 0.006787687450670876 0.017363851617995266
0 0.21875 0.4230769230769231 0.007892659826361484 0.017521704814522497
0 0.30528846153846156 0.4110576923076923 0.0066298342541436465 0.016890292028413575
0 0.3125 0.3918269230769231 0.0048934490923441204 0.014206787687450671
0 0.29086538461538464 0.3485576923076923 0.00536700868192581 0.00994475138121547
0 0.36778846153846156 0.3389423076923077 0.0048934490923441204 0.012312549329123916
0 0.3581730769230769 0.31971153846153844 0.0042620363062352016 0.012786108918705604
0 0.35336538461538464 0.3245192307692308 0.004577742699289661 0.009629044988161011
0 0.34375 0.3245192307692308 0.0048934490923441204 0.012786108918705604
0 0.3389423076923077 0.3245192307692308 0.005682715074980268 0.013259668508287293
0 0.3389423076923077 0.34134615384615385 0.006314127861089188 0.015469613259668509
0 0.33413461538461536 0.34134615384615385 0.005524861878453039 0.012470402525651144
0 0.3317307692307692 0.3269230769230769 0.0042620363062352016 0.011523283346487768
0 0.3245192307692308 0.3269230769230769 0.005682715074980268 0.014364640883977901
0 0.31971153846153844 0.34375 0.006314127861089188 0.012786108918705604
0 0.31009615384615385 0.3293269230769231 0.005840568271507498 0.013575374901341752
0 0.2956730769230769 0.3293269230769231 0.006471981057616418 0.013733228097868984
0 0.29086538461538464 0.3293269230769231 0.006314127861089188 0.015469613259668509
0 0.28125 0.3293269230769231 0.006156274664561958 0.01531176006314128
0 0.3125 0.34375 0.005682715074980268 0.013891081294396212
0 0.30528846153846156 0.34615384615384615 0.00520915548539858 0.01468034727703236
0 0.3605769230769231 0.34134615384615385 0.00505130228887135 0.011365430149960536
0 0.35336538461538464 0.3389423076923077 0.005998421468034728 0.013101815311760063
0 0.32211538461538464 0.40865384615384615 0.006945540647198106 0.018942383583267563
0 0.34615384615384615 0.34134615384615385 0.006156274664561958 0.013259668508287293
0 0.3293269230769231 0.40865384615384615 0.007261247040252565 0.018942383583267563
0 0.31971153846153844 0.3894230769230769 0.006945540647198106 0.017205998421468034
0 0.3269230769230769 0.3870192307692308 0.006945540647198106 0.017837411207576957
0 0.33413461538461536 0.3870192307692308 0.006471981057616418 0.01531176006314128
0 0.34375 0.3870192307692308 0.006787687450670876 0.01562746645619574
0 0.35096153846153844 0.3870192307692308 0.00520915548539858 0.011681136543014996
0 0.3581730769230769 0.38461538461538464 0.006945540647198106 0.01578531965272297
0 0.33653846153846156 0.40865384615384615 0.00520915548539858 0.01562746645619574
0 0.34615384615384615 0.40625 0.006471981057616418 0.01499605367008682
0 0.3701923076923077 0.40384615384615385 0.005682715074980268 0.01499605367008682
0 0.35336538461538464 0.40625 0.005998421468034728 0.017048145224940806
0 0.3605769230769231 0.40625 0.008208366219415944 0.01878453038674033
0 0.375 0.40384615384615385 0.007576953433307025 0.01515390686661405
0 0.36778846153846156 0.38221153846153844 0.005682715074980268 0.012786108918705604
0 0.37259615384615385 0.38221153846153844 0.005682715074980268 0.013417521704814524
0 0.2764423076923077 0.46875 0.005840568271507498 0.016574585635359115
0 0.2860576923076923 0.46634615384615385 0.007261247040252565 0.01878453038674033
0 0.2956730769230769 0.46875 0.007103393843725336 0.014838200473559592
0 0.6129807692307693 0.6586538461538461 0.005998421468034728 0.016574585635359115
0 0.59375 0.6923076923076923 0.004735595895816891 0.01073401736385162
0 0.5769230769230769 0.6971153846153846 0.004419889502762431 0.010576164167324388
0 0.5697115384615384 0.6971153846153846 0.006314127861089188 0.01452249408050513
0 0.5480769230769231 0.7019230769230769 0.005998421468034728 0.012786108918705604
0 0.5841346153846154 0.6634615384615384 0.0077348066298342545 0.01452249408050513
0 0.5745192307692307 0.6634615384615384 0.00505130228887135 0.013891081294396212
0 0.5625 0.6658653846153846 0.00505130228887135 0.014048934490923443
0 0.5480769230769231 0.6682692307692307 0.008524072612470403 0.013101815311760063
0 0.5961538461538461 0.5985576923076923 0.006471981057616418 0.020994475138121547
0 0.5552884615384616 0.6129807692307693 0.009471191791633781 0.018468823993685872
0 0.5432692307692307 0.6177884615384616 0.0077348066298342545 0.018626677190213103
0 0.5288461538461539 0.6225961538461539 0.004735595895816891 0.020047355958958173
0 0.5192307692307693 0.6129807692307693 0.004104183109707972 0.008208366219415944
0 0.49759615384615385 0.6225961538461539 0.0042620363062352016 0.013101815311760063
0 0.4807692307692308 0.6274038461538461 0.011523283346487768 0.01973164956590371
0 0.6274038461538461 0.59375 0.006471981057616418 0.017837411207576957
0 0.6298076923076923 0.6538461538461539 0.00536700868192581 0.014838200473559592
0 0.3004807692307692 0.4639423076923077 0.007419100236779796 0.01941594317284925
0 0.6225961538461539 0.6899038461538461 0.006156274664561958 0.012786108918705604
0 0.7908653846153846 0.6706730769230769 0.0077348066298342545 0.011996842936069455
0 0.7644230769230769 0.6418269230769231 0.008524072612470403 0.012628255722178376
0 0.7548076923076923 0.6778846153846154 0.003946329913180742 0.011838989739542227
0 0.7355769230769231 0.6754807692307693 0.007892659826361484 0.012786108918705604
0 0.7259615384615384 0.6778846153846154 0.004577742699289661 0.013259668508287293
0 0.7043269230769231 0.6802884615384616 0.0048934490923441204 0.01468034727703236
0 0.6971153846153846 0.6826923076923077 0.006156274664561958 0.012470402525651144
0 0.6850961538461539 0.6850961538461539 0.006314127861089188 0.013259668508287293
0 0.7259615384615384 0.6466346153846154 0.00505130228887135 0.01452249408050513
0 0.7163461538461539 0.6442307692307693 0.007419100236779796 0.01468034727703236
0 0.6850961538461539 0.6514423076923077 0.008997632202052092 0.01515390686661405
0 0.7307692307692307 0.5889423076923077 0.008839779005524863 0.017521704814522497
0 0.6754807692307693 0.6826923076923077 0.0036306235201262827 0.008681925808997633
0 0.6394230769230769 0.6947115384615384 0.004577742699289661 0.009313338595106552
0 0.6322115384615384 0.6899038461538461 0.00505130228887135 0.012628255722178376
0 0.5384615384615384 0.7259615384615384 0.010576164167324388 0.0048934490923441204
0 0.5072115384615384 0.7091346153846154 0.005682715074980268 0.008366219415943173
0 0.47836538461538464 0.7067307692307693 0.0048934490923441204 0.013575374901341752
0 0.5384615384615384 0.6730769230769231 0.004419889502762431 0.013733228097868984
0 0.3701923076923077 0.47836538461538464 0.008524072612470403 0.01973164956590371
0 0.3629807692307692 0.4807692307692308 0.007892659826361484 0.02083662194159432
0 0.35336538461538464 0.4831730769230769 0.006471981057616418 0.022257300710339385
0 0.34615384615384615 0.4831730769230769 0.009313338595106552 0.020520915548539857
0 0.3389423076923077 0.4831730769230769 0.006945540647198106 0.017363851617995266
0 0.3293269230769231 0.4855769230769231 0.008366219415943173 0.0202052091554854
0 0.31971153846153844 0.4855769230769231 0.008208366219415944 0.01878453038674033
0 0.3125 0.4855769230769231 0.007576953433307025 0.018942383583267563
0 0.30528846153846156 0.4879807692307692 0.008524072612470403 0.021783741120757698
0 0.35096153846153844 0.45913461538461536 0.009155485398579322 0.01941594317284925
0 0.34134615384615385 0.45913461538461536 0.007261247040252565 0.019573796369376482
0 0.33413461538461536 0.45913461538461536 0.0077348066298342545 0.01988950276243094
0 0.3269230769230769 0.46153846153846156 0.007892659826361484 0.01941594317284925
0 0.31971153846153844 0.46153846153846156 0.006945540647198106 0.017837411207576957
0 0.31009615384615385 0.46153846153846156 0.008997632202052092 0.021941594317284926
0 0.37740384615384615 0.47836538461538464 0.006471981057616418 0.014364640883977901
0 0.38461538461538464 0.4807692307692308 0.007892659826361484 0.016416732438831887
0 0.36778846153846156 0.4567307692307692 0.008681925808997633 0.02036306235201263
0 0.3125 0.5480769230769231 0.006314127861089188 0.017995264404104185
0 0.5240384615384616 0.6754807692307693 0.007103393843725336 0.01499605367008682
0 0.5 0.6754807692307693 0.006314127861089188 0.011207576953433308
0 0.4855769230769231 0.6802884615384616 0.005998421468034728 0.01452249408050513
0 0.4735576923076923 0.6706730769230769 0.007103393843725336 0.013733228097868984
0 0.5673076923076923 0.6081730769230769 0.008839779005524863 0.018468823993685872
0 0.27884615384615385 0.5504807692307693 0.008366219415943173 0.022099447513812157
0 0.32211538461538464 0.5432692307692307 0.011207576953433308 0.026361483820047358
0 0.375 0.4543269230769231 0.005840568271507498 0.016101026045777428
0 0.3317307692307692 0.5432692307692307 0.007576953433307025 0.023835832675611682
0 0.34375 0.5432692307692307 0.009155485398579322 0.022573007103393845
0 0.35336538461538464 0.5408653846153846 0.010260457774269928 0.022099447513812157
0 0.375 0.5360576923076923 0.010260457774269928 0.02794001578531965
0 0.38461538461538464 0.5336538461538461 0.008208366219415944 0.026992896606156277
0 0.38221153846153844 0.4519230769230769 0.006314127861089188 0.016416732438831887
0 0.2980769230769231 0.34615384615384615 0.006314127861089188 0.012470402525651144
0 0.2860576923076923 0.3485576923076923 0.0048934490923441204 0.011838989739542227
0 0.84375 0.6947115384615384 0.004735595895816891 0.006945540647198106
0 0.8365384615384616 0.5841346153846154 0.005840568271507498 0.007103393843725336
0 0.8533653846153846 0.6009615384615384 0.0048934490923441204 0.006471981057616418
0 0.8533653846153846 0.5961538461538461 0.004577742699289661 0.005682715074980268
0 0.8509615384615384 0.59375 0.004735595895816891 0.005524861878453039
0 0.8485576923076923 0.5913461538461539 0.004577742699289661 0.00536700868192581
0 0.8461538461538461 0.5865384615384616 0.0048934490923441204 0.006471981057616418
0 0.84375 0.5841346153846154 0.00505130228887135 0.005998421468034728
0 0.84375 0.5817307692307693 0.004735595895816891 0.006156274664561958
0 0.8197115384615384 0.5817307692307693 0.0066298342541436465 0.003946329913180742
0 0.8173076923076923 0.5793269230769231 0.0066298342541436465 0.0036306235201262827
0 0.8173076923076923 0.5745192307692307 0.006156274664561958 0.003472770323599053
0 0.8269230769230769 0.5721153846153846 0.004419889502762431 0.006314127861089188
0 0.8293269230769231 0.5697115384615384 0.004735595895816891 0.006471981057616418
0 0.8317307692307693 0.5673076923076923 0.004577742699289661 0.006314127861089188
0 0.875 0.6514423076923077 0.006787687450670876 0.005682715074980268
0 0.8725961538461539 0.6466346153846154 0.005998421468034728 0.004577742699289661
0 0.8557692307692307 0.6033653846153846 0.00536700868192581 0.006787687450670876
0 0.8389423076923077 0.5865384615384616 0.0048934490923441204 0.005524861878453039
0 0.8774038461538461 0.6394230769230769 0.005524861878453039 0.0048934490923441204
0 0.8413461538461539 0.5913461538461539 0.005998421468034728 0.007103393843725336
0 0.8149038461538461 0.5985576923076923 0.00505130228887135 0.006945540647198106
0 0.8125 0.5985576923076923 0.00520915548539858 0.006787687450670876
0 0.8052884615384616 0.6033653846153846 0.00536700868192581 0.006945540647198106
0 0.8004807692307693 0.6057692307692307 0.004577742699289661 0.005524861878453039
0 0.7956730769230769 0.6081730769230769 0.004577742699289661 0.006156274664561958
0 0.7884615384615384 0.5913461538461539 0.004735595895816891 0.006156274664561958
0 0.7908653846153846 0.5913461538461539 0.004419889502762431 0.006471981057616418
0 0.7980769230769231 0.5865384615384616 0.0042620363062352016 0.005998421468034728
0 0.8004807692307693 0.5865384615384616 0.0048934490923441204 0.006471981057616418
0 0.8076923076923077 0.5817307692307693 0.00520915548539858 0.007103393843725336
0 0.8100961538461539 0.5817307692307693 0.004104183109707972 0.005998421468034728
0 0.8317307692307693 0.5889423076923077 0.00505130228887135 0.006787687450670876
0 0.8485576923076923 0.6033653846153846 0.005998421468034728 0.006787687450670876
0 0.8461538461538461 0.5985576923076923 0.00520915548539858 0.005998421468034728
0 0.84375 0.59375 0.00520915548539858 0.006314127861089188
0 0.8725961538461539 0.6442307692307693 0.006945540647198106 0.005682715074980268
0 0.9206730769230769 0.6538461538461539 0.002999210734017364 0.006156274664561958
0 0.2764423076923077 0.3485576923076923 0.005840568271507498 0.013891081294396212
0 0.9471153846153846 0.6394230769230769 0.002841357537490134 0.006471981057616418
0 0.9543269230769231 0.6346153846153846 0.003157063930544594 0.006156274664561958
0 0.9567307692307693 0.6346153846153846 0.003157063930544594 0.006314127861089188
0 0.9615384615384616 0.6322115384615384 0.002525651144435675 0.006471981057616418
0 0.9639423076923077 0.6298076923076923 0.002683504340962905 0.0066298342541436465
0 0.9759615384615384 0.6225961538461539 0.005998421468034728 0.00505130228887135
0 0.9927884615384616 0.6153846153846154 0.006787687450670876 0.004104183109707972
0 0.9711538461538461 0.6490384615384616 0.007103393843725336 0.005682715074980268
0 0.9278846153846154 0.7668269230769231 0.006314127861089188 0.00520915548539858
0 0.8966346153846154 0.6971153846153846 0.004419889502762431 0.006156274664561958
0 0.8990384615384616 0.7043269230769231 0.004419889502762431 0.005998421468034728
0 0.8942307692307693 0.6995192307692307 0.004735595895816891 0.006314127861089188
0 0.8557692307692307 0.6899038461538461 0.002683504340962905 0.00520915548539858
0 0.8605769230769231 0.6947115384615384 0.006156274664561958 0.00505130228887135
0 0.8509615384615384 0.6923076923076923 0.004577742699289661 0.0066298342541436465
0 0.8581730769230769 0.7043269230769231 0.006156274664561958 0.00505130228887135
0 0.9495192307692307 0.6370192307692307 0.003157063930544594 0.006314127861089188
0 0.9423076923076923 0.6418269230769231 0.0033149171270718232 0.0066298342541436465
0 0.9254807692307693 0.6514423076923077 0.002999210734017364 0.006314127861089188
0 0.9399038461538461 0.6442307692307693 0.003472770323599053 0.006787687450670876
0 0.8846153846153846 0.6274038461538461 0.005682715074980268 0.002525651144435675
0 0.8798076923076923 0.6201923076923077 0.006314127861089188 0.003157063930544594
0 0.875 0.6105769230769231 0.006314127861089188 0.0033149171270718232
0 0.8653846153846154 0.6057692307692307 0.005998421468034728 0.006314127861089188
0 0.8701923076923077 0.6033653846153846 0.005998421468034728 0.0023677979479084454
0 0.8677884615384616 0.6009615384615384 0.005998421468034728 0.002841357537490134
0 0.8677884615384616 0.5961538461538461 0.006314127861089188 0.002683504340962905
0 0.8653846153846154 0.59375 0.005998421468034728 0.002683504340962905
0 0.8629807692307693 0.5913461538461539 0.006945540647198106 0.0036306235201262827
0 0.8605769230769231 0.5865384615384616 0.006156274664561958 0.002525651144435675
0 0.8605769230769231 0.5841346153846154 0.006471981057616418 0.003157063930544594
0 0.8918269230769231 0.5769230769230769 0.005840568271507498 0.006156274664561958
0 0.9278846153846154 0.6490384615384616 0.002999210734017364 0.006471981057616418
0 0.9326923076923077 0.6466346153846154 0.002999210734017364 0.005998421468034728
0 0.9350961538461539 0.6466346153846154 0.002841357537490134 0.00520915548539858
0 0.8173076923076923 0.5961538461538461 0.0048934490923441204 0.0066298342541436465
0 0.8293269230769231 0.5961538461538461 0.005682715074980268 0.002999210734017364
0 0.8317307692307693 0.6033653846153846 0.006787687450670876 0.002999210734017364
0 0.20192307692307693 0.3581730769230769 0.005682715074980268 0.013101815311760063
0 0.18028846153846154 0.3605769230769231 0.005524861878453039 0.013891081294396212
0 0.16826923076923078 0.3629807692307692 0.00520915548539858 0.012154696132596685
0 0.14903846153846154 0.3701923076923077 0.0101026045777427 0.026677190213101817
0 0.15865384615384615 0.36778846153846156 0.008997632202052092 0.020520915548539857
0 0.13701923076923078 0.36538461538461536 0.011365430149960536 0.028413575374901343
0 0.19471153846153846 0.3389423076923077 0.005998421468034728 0.01878453038674033
0 0.17548076923076922 0.34134615384615385 0.0066298342541436465 0.01973164956590371
0 0.1658653846153846 0.34134615384615385 0.006471981057616418 0.020520915548539857
0 0.15625 0.34134615384615385 0.009313338595106552 0.02336227308602999
0 0.1466346153846154 0.34375 0.008366219415943173 0.01973164956590371
0 0.3269230769230769 0.34375 0.006471981057616418 0.012786108918705604
0 0.3173076923076923 0.3269230769230769 0.008366219415943173 0.017363851617995266
0 0.3485576923076923 0.2860576923076923 0.004577742699289661 0.009155485398579322
0 0.34134615384615385 0.2860576923076923 0.004735595895816891 0.011207576953433308
0 0.33413461538461536 0.28846153846153844 0.005998421468034728 0.012628255722178376
0 0.19471153846153846 0.3581730769230769 0.006471981057616418 0.0159431728492502
0 0.2091346153846154 0.3581730769230769 0.0048934490923441204 0.011681136543014996
0 0.8341346153846154 0.6057692307692307 0.005524861878453039 0.002683504340962905
0 0.21394230769230768 0.3557692307692308 0.005524861878453039 0.012786108918705604
0 0.27163461538461536 0.35096153846153844 0.006945540647198106 0.016574585635359115
0 0.2644230769230769 0.35096153846153844 0.006156274664561958 0.01499605367008682
0 0.2764423076923077 0.3317307692307692 0.005840568271507498 0.01515390686661405
0 0.2692307692307692 0.3317307692307692 0.006471981057616418 0.014048934490923443
0 0.2620192307692308 0.3317307692307692 0.0066298342541436465 0.014838200473559592
0 0.25721153846153844 0.35096153846153844 0.00520915548539858 0.012312549329123916
0 0.25 0.35336538461538464 0.0042620363062352016 0.012154696132596685
0 0.25240384615384615 0.33413461538461536 0.005682715074980268 0.01499605367008682
0 0.22355769230769232 0.33413461538461536 0.008524072612470403 0.021783741120757698
0 0.24278846153846154 0.35336538461538464 0.005524861878453039 0.01499605367008682
0 0.23557692307692307 0.35336538461538464 0.00520915548539858 0.01468034727703236
0 0.23557692307692307 0.33413461538461536 0.007261247040252565 0.017521704814522497
0 0.21394230769230768 0.33653846153846156 0.009313338595106552 0.018153117600631416
0 0.2283653846153846 0.3557692307692308 0.007261247040252565 0.017048145224940806
0 0.22115384615384615 0.3557692307692308 0.0048934490923441204 0.01468034727703236
0 0.3293269230769231 0.28846153846153844 0.004577742699289661 0.010576164167324388
0 0.32211538461538464 0.29086538461538464 0.006156274664561958 0.013891081294396212
0 0.31490384615384615 0.29086538461538464 0.005524861878453039 0.013733228097868984
0 0.3076923076923077 0.29086538461538464 0.00520915548539858 0.012470402525651144
0 0.8557692307692307 0.6201923076923077 0.005524861878453039 0.006787687450670876
0 0.8557692307692307 0.6153846153846154 0.0048934490923441204 0.006471981057616418
0 0.8677884615384616 0.625 0.005524861878453039 0.007261247040252565
0 0.8653846153846154 0.6225961538461539 0.005524861878453039 0.007103393843725336
0 0.8653846153846154 0.6201923076923077 0.005524861878453039 0.006945540647198106
0 0.8629807692307693 0.6153846153846154 0.005524861878453039 0.006787687450670876
0 0.8605769230769231 0.6129807692307693 0.0048934490923441204 0.006471981057616418
0 0.8581730769230769 0.6105769230769231 0.0048934490923441204 0.006471981057616418
0 0.8389423076923077 0.6153846153846154 0.0066298342541436465 0.002841357537490134
0 0.8365384615384616 0.6129807692307693 0.006156274664561958 0.002999210734017364
0 0.8365384615384616 0.6081730769230769 0.005998421468034728 0.002683504340962905
0 0.8557692307692307 0.6081730769230769 0.004735595895816891 0.005524861878453039
0 0.8533653846153846 0.6129807692307693 0.005682715074980268 0.006471981057616418
0 0.8509615384615384 0.6081730769230769 0.005998421468034728 0.0066298342541436465
0 0.8485576923076923 0.6057692307692307 0.005682715074980268 0.006314127861089188
0 0.8581730769230769 0.6225961538461539 0.005682715074980268 0.006945540647198106
0 0.8605769230769231 0.6274038461538461 0.005840568271507498 0.007261247040252565
0 0.8413461538461539 0.6225961538461539 0.006471981057616418 0.002683504340962905
0 0.2620192307692308 0.2956730769230769 0.004104183109707972 0.011996842936069455
0 0.30288461538461536 0.2932692307692308 0.004577742699289661 0.013575374901341752
0 0.2956730769230769 0.2932692307692308 0.00520915548539858 0.012786108918705604
0 0.28846153846153844 0.2932692307692308 0.00536700868192581 0.012628255722178376
0 0.28365384615384615 0.2956730769230769 0.005524861878453039 0.012154696132596685
0 0.2764423076923077 0.2956730769230769 0.00505130228887135 0.013733228097868984
0 0.2692307692307692 0.2980769230769231 0.00505130228887135 0.012628255722178376
0 0.25721153846153844 0.2956730769230769 0.004104183109707972 0.008366219415943173
0 0.84375 0.625 0.005998421468034728 0.002683504340962905
0 0.8533653846153846 0.6418269230769231 0.00520915548539858 0.002525651144435675
0 0.8509615384615384 0.6394230769230769 0.006156274664561958 0.002841357537490134
0 0.8485576923076923 0.6370192307692307 0.005524861878453039 0.002683504340962905
0 0.8485576923076923 0.6346153846153846 0.005524861878453039 0.002525651144435675
0 0.8461538461538461 0.6298076923076923 0.005682715074980268 0.002525651144435675
0 0.8461538461538461 0.6274038461538461 0.006314127861089188 0.002525651144435675
0 0.1201923076923077 0.7091346153846154 0.01041831097079716 0.007103393843725336
