2 298 27 4 4
2 260 318 2 7
2 254 310 2 5
2 257 310 3 5
2 260 310 2 5
2 264 357 4 12
2 250 355 2 8
2 247 355 2 7
2 266 346 2 6
2 260 345 2 5
2 254 345 2 6
2 250 345 1 5
2 247 345 3 6
2 241 354 2 6
2 237 354 2 6
2 234 355 3 8
2 230 355 2 6
2 227 355 2 8
2 221 355 2 7
2 244 345 2 6
2 240 346 2 4
2 237 346 2 4
2 234 345 2 5
2 230 345 2 6
2 227 345 2 7
2 224 345 2 4
2 221 345 2 6
2 217 355 3 6
2 214 354 2 6
2 208 354 2 6
2 205 354 2 7
2 251 310 1 4
2 257 319 2 9
2 301 102 3 2
2 254 319 2 7
2 240 285 3 4
2 238 285 3 4
2 217 318 1 5
2 214 317 1 4
2 211 317 2 4
2 208 317 1 4
2 205 316 1 3
2 202 317 2 4
2 214 310 2 4
2 217 310 2 5
2 221 310 1 4
2 225 310 2 5
2 228 310 2 4
2 231 310 1 4
2 234 310 2 5
2 238 309 2 5
2 241 310 2 5
2 244 310 1 4
2 221 317 1 4
2 224 317 2 5
2 227 318 2 5
2 231 317 2 6
2 234 318 2 5
2 238 318 1 5
2 241 318 2 7
2 244 319 2 7
2 247 309 2 6
2 248 319 2 9
2 251 318 2 6
2 201 354 2 6
2 198 354 3 6
2 195 354 2 5
2 214 345 2 6
2 215 380 1 5
2 219 381 2 6
2 222 381 2 4
2 228 380 1 7
2 235 381 2 6
2 218 389 2 6
2 225 391 1 7
2 228 391 3 8
2 231 391 2 7
2 235 391 3 8
2 205 390 2 6
2 203 390 1 5
2 199 389 1 4
2 196 389 1 5
2 192 389 1 4
2 187 389 1 4
2 183 389 1 4
2 181 388 1 4
8 208 387 67 18
8 220 350 96 16
8 232 315 59 15
8 255 123 12 8
8 253 126 12 8
8 258 115 1 2
8 234 286 20 7
10 233 267 2 3
10 191 57 2 3
10 182 153 1 2
10 183 233 2 9
2 212 381 3 6
2 205 381 2 6
2 202 381 1 5
2 185 345 2 5
2 211 345 2 5
2 208 345 2 5
2 205 345 2 6
2 201 345 2 6
2 198 345 2 6
2 194 345 2 6
2 191 345 2 5
2 188 345 2 5
2 191 354 2 5
2 188 354 2 6
2 185 354 2 6
2 182 354 2 7
2 175 354 2 5
2 182 345 2 5
2 199 381 2 5
2 178 345 2 4
2 175 345 1 4
2 172 352 1 4
2 169 351 4 6
2 175 380 1 5
2 178 381 1 5
2 181 381 1 5
2 183 381 2 5
2 186 381 1 4
2 190 388 1 4
2 190 380 1 4
2 193 381 1 5
2 195 381 2 5
2 242 286 2 3
2 244 287 3 4
2 257 114 3 4
11 152 399 2 1
11 117 167 1 2
11 115 174 1 2
11 114 180 1 2
11 108 180 2 3
11 109 341 2 2
11 133 327 2 2
11 122 325 2 2
11 122 321 2 2
11 128 323 2 2
11 131 314 2 2
11 136 315 2 2
11 129 336 2 2
11 125 336 2 2
11 138 54 1 2
11 141 45 1 2
11 142 42 1 2
11 138 40 1 2
11 144 35 1 2
11 140 33 2 2
11 145 32 1 2
11 140 25 2 1
11 146 27 1 2
11 145 19 1 2
11 145 16 1 2
11 149 11 1 2
11 145 8 1 2
11 144 310 2 2
11 153 320 2 2
11 158 336 2 2
11 113 166 1 3
11 119 147 1 2
11 116 136 1 2
11 130 68 1 2
2 276 105 2 3
2 282 120 4 5
11 200 37 1 2
11 209 49 1 2
11 206 39 2 1
11 203 42 2 1
11 136 49 1 2
11 135 52 1 2
11 136 61 1 2
11 135 64 1 2
11 134 77 2 1
11 133 57 1 2
11 132 61 1 2
11 125 83 1 2
11 117 129 1 2
11 123 89 2 3
11 121 95 2 2
11 124 98 1 2
11 120 98 1 2
11 123 102 1 2
11 119 106 1 2
11 122 108 1 2
11 118 112 1 2
11 122 117 1 2
11 121 121 1 2
11 118 119 1 2
11 121 124 1 2
11 121 127 1 2
11 152 357 2 2
11 164 331 2 2
2 260 115 3 5
11 179 154 1 2
11 214 266 1 2
11 229 257 2 1
11 214 146 2 1
11 223 120 2 2
11 229 123 2 1
11 220 108 2 2
11 222 105 2 2
11 241 105 2 2
11 223 103 2 2
11 227 97 1 2
11 225 96 1 2
11 230 91 2 2
11 233 85 1 2
11 238 64 1 2
11 239 62 1 2
11 241 4 1 2
11 234 72 1 2
11 238 74 2 3
11 242 70 2 2
11 245 51 2 2
11 252 48 1 2
11 252 39 1 2
11 248 28 1 3
11 251 27 1 2
11 246 23 1 2
11 245 19 1 2
11 250 18 1 1
11 244 17 1 2
2 270 91 5 6
11 216 288 2 1
11 210 285 2 1
11 200 288 2 2
11 188 248 1 2
11 182 213 1 2
11 180 220 1 2
11 179 224 1 2
11 180 230 1 2
11 181 238 1 2
11 183 249 1 2
11 183 247 1 2
11 182 244 1 2
11 164 344 1 2
11 167 329 2 2
11 180 305 2 2
11 161 291 2 2
11 186 262 1 2
11 185 248 1 2
11 185 292 2 2
11 187 240 1 2
11 187 215 2 2
11 186 218 1 2
11 210 203 2 2
11 186 201 1 2
11 189 185 1 2
11 187 179 1 2
11 185 173 1 2
11 184 170 1 2
11 188 165 1 2
11 200 127 2 2
11 190 133 2 2
11 198 123 2 2
10 132 73 2 4
