0 0.6153846153846154 0.3125 0.016908212560386472 0.017632850241545893
0 0.6923076923076923 0.7596153846153846 0.025845410628019323 0.027536231884057967
0 0.7668269230769231 0.3798076923076923 0.016425120772946857 0.01859903381642512
0 0.7259615384615384 0.3894230769230769 0.02294685990338164 0.023429951690821255
0 0.7163461538461539 0.4014423076923077 0.016908212560386472 0.01570048309178744
0 0.78125 0.44471153846153844 0.013043478260869565 0.013526570048309178
0 0.7307692307692307 0.47115384615384615 0.015942028985507246 0.015458937198067632
0 0.7211538461538461 0.46153846153846156 0.017632850241545893 0.017391304347826087
0 0.84375 0.49759615384615385 0.013043478260869565 0.013526570048309178
0 0.6754807692307693 0.5528846153846154 0.016666666666666666 0.01618357487922705
0 0.6538461538461539 0.5288461538461539 0.015942028985507246 0.014492753623188406
0 0.6466346153846154 0.5192307692307693 0.016666666666666666 0.014492753623188406
0 0.6346153846153846 0.5 0.013285024154589372 0.013285024154589372
0 0.5961538461538461 0.5889423076923077 0.013768115942028984 0.013768115942028984
0 0.25240384615384615 0.8173076923076923 0.028019323671497582 0.027536231884057967
0 0.8052884615384616 0.38221153846153844 0.021980676328502417 0.021739130434782608
0 0.2764423076923077 0.8028846153846154 0.01714975845410628 0.018840579710144925
0 0.21394230769230768 0.8413461538461539 0.01859903381642512 0.019806763285024155
0 0.71875 0.7043269230769231 0.027777777777777776 0.027777777777777776
0 0.5985576923076923 0.6514423076923077 0.012801932367149759 0.012560386473429951
0 0.6346153846153846 0.5745192307692307 0.013526570048309178 0.013285024154589372
0 0.6274038461538461 0.5673076923076923 0.013768115942028984 0.013526570048309178
0 0.6201923076923077 0.5552884615384616 0.012560386473429951 0.012560386473429951
0 0.6153846153846154 0.5456730769230769 0.013043478260869565 0.012318840579710146
0 0.6033653846153846 0.5264423076923077 0.012801932367149759 0.013043478260869565
0 0.7908653846153846 0.3173076923076923 0.02101449275362319 0.01932367149758454
0 0.47596153846153844 0.3557692307692308 0.016425120772946857 0.01570048309178744
0 0.4831730769230769 0.3317307692307692 0.01859903381642512 0.020531400966183572
0 0.7836538461538461 0.38221153846153844 0.015458937198067632 0.01859903381642512
0 0.8293269230769231 0.3605769230769231 0.010144927536231883 0.010869565217391304
0 0.36538461538461536 0.75 0.015458937198067632 0.01497584541062802
0 0.6995192307692307 0.4423076923076923 0.013043478260869565 0.018840579710144925
0 0.7019230769230769 0.33413461538461536 0.02608695652173913 0.024396135265700482
0 0.6586538461538461 0.31971153846153844 0.0321256038647343 0.026328502415458938
0 0.7163461538461539 0.31490384615384615 0.028019323671497582 0.026570048309178744
0 0.7283653846153846 0.2980769230769231 0.025603864734299518 0.02608695652173913
0 0.7379807692307693 0.27884615384615385 0.025603864734299518 0.023188405797101446
0 0.6778846153846154 0.25961538461538464 0.024879227053140093 0.02294685990338164
0 0.6706730769230769 0.3004807692307692 0.028019323671497582 0.025845410628019323
0 0.6802884615384616 0.28365384615384615 0.026328502415458938 0.024879227053140093
0 0.6682692307692307 0.37259615384615385 0.02246376811594203 0.023671497584541065
0 0.6730769230769231 0.40384615384615385 0.0178743961352657 0.01932367149758454
0 0.6682692307692307 0.4423076923076923 0.014009661835748791 0.021497584541062802
0 0.6850961538461539 0.43990384615384615 0.012318840579710146 0.01859903381642512
0 0.7788461538461539 0.47115384615384615 0.010869565217391304 0.013526570048309178
0 0.9182692307692307 0.23557692307692307 0.009420289855072463 0.012560386473429951
0 0.7668269230769231 0.47115384615384615 0.01038647342995169 0.011352657004830917
0 0.7548076923076923 0.47115384615384615 0.009903381642512078 0.012560386473429951
0 0.7427884615384616 0.46875 0.00748792270531401 0.011352657004830917
0 0.7884615384615384 0.34134615384615385 0.010144927536231883 0.012801932367149759
0 0.8125 0.34375 0.010869565217391304 0.012560386473429951
0 0.7764423076923077 0.34134615384615385 0.012077294685990338 0.013285024154589372
0 0.7596153846153846 0.41346153846153844 0.00893719806763285 0.01038647342995169
0 0.8509615384615384 0.41586538461538464 0.011352657004830917 0.01111111111111111
0 0.8461538461538461 0.46634615384615385 0.012318840579710146 0.01570048309178744
0 0.8822115384615384 0.07932692307692307 0.029468599033816427 0.027536231884057967
0 0.9134615384615384 0.05048076923076923 0.013526570048309178 0.012801932367149759
0 0.8701923076923077 0.2091346153846154 0.012318840579710146 0.01038647342995169
0 0.65625 0.43509615384615385 0.00748792270531401 0.012560386473429951
0 0.3798076923076923 0.7451923076923077 0.01497584541062802 0.015217391304347825
0 0.6177884615384616 0.29086538461538464 0.020289855072463767 0.020048309178743957
2 0.78125 0.6947115384615384 0.007246376811594203 0.007246376811594203
2 0.3581730769230769 0.28846153846153844 0.011352657004830917 0.010144927536231883
2 0.3485576923076923 0.2956730769230769 0.010628019323671497 0.01038647342995169
2 0.3581730769230769 0.2980769230769231 0.012318840579710146 0.01111111111111111
12 0.5240384615384616 0.8822115384615384 0.012318840579710146 0.01111111111111111
0 0.5336538461538461 0.8557692307692307 0.025845410628019323 0.028019323671497582
0 0.5697115384615384 0.8341346153846154 0.027777777777777776 0.027294685990338165
0 0.5865384615384616 0.8221153846153846 0.021980676328502417 0.023429951690821255
2 0.7451923076923077 0.7163461538461539 0.009178743961352657 0.008454106280193236
2 0.7548076923076923 0.7259615384615384 0.007971014492753623 0.007971014492753623
2 0.7644230769230769 0.7331730769230769 0.008695652173913044 0.008212560386473429
2 0.78125 0.7331730769230769 0.008695652173913044 0.00893719806763285
2 0.7908653846153846 0.7427884615384616 0.008454106280193236 0.00893719806763285
2 0.7908653846153846 0.6995192307692307 0.007729468599033816 0.00748792270531401
2 0.3605769230769231 0.27884615384615385 0.01111111111111111 0.010869565217391304
2 0.7836538461538461 0.7067307692307693 0.007246376811594203 0.00748792270531401
2 0.7932692307692307 0.7115384615384616 0.007246376811594203 0.00748792270531401
2 0.8052884615384616 0.7067307692307693 0.007729468599033816 0.007729468599033816
2 0.8052884615384616 0.7163461538461539 0.008212560386473429 0.00748792270531401
2 0.8173076923076923 0.7115384615384616 0.007246376811594203 0.00748792270531401
2 0.8149038461538461 0.7211538461538461 0.00748792270531401 0.00748792270531401
2 0.8149038461538461 0.7307692307692307 0.007729468599033816 0.007246376811594203
2 0.8004807692307693 0.75 0.007971014492753623 0.008454106280193236
0 0.5721153846153846 0.31971153846153844 0.021980676328502417 0.01932367149758454
0 0.5697115384615384 0.2980769230769231 0.023429951690821255 0.022705314009661835
0 0.5913461538461539 0.2692307692307692 0.018115942028985508 0.019565217391304346
0 0.6105769230769231 0.2692307692307692 0.023913043478260867 0.024879227053140093
2 0.3485576923076923 0.2860576923076923 0.011594202898550723 0.009903381642512078
2 0.35096153846153844 0.2764423076923077 0.010628019323671497 0.01111111111111111
0 0.3389423076923077 0.6658653846153846 0.01932367149758454 0.018357487922705314
0 0.4375 0.31490384615384615 0.020048309178743957 0.020531400966183572
0 0.30528846153846156 0.6346153846153846 0.01570048309178744 0.014492753623188406
0 0.2668269230769231 0.5096153846153846 0.021497584541062802 0.019806763285024155
0 0.2644230769230769 0.49038461538461536 0.020289855072463767 0.01859903381642512
0 0.27163461538461536 0.28846153846153844 0.019082125603864734 0.021256038647342993
0 0.3245192307692308 0.2860576923076923 0.021980676328502417 0.020048309178743957
0 0.32211538461538464 0.3076923076923077 0.02294685990338164 0.020531400966183572
0 0.2692307692307692 0.33653846153846156 0.023188405797101446 0.021497584541062802
0 0.31971153846153844 0.34615384615384615 0.023188405797101446 0.021739130434782608
0 0.31971153846153844 0.36778846153846156 0.022705314009661835 0.01714975845410628
0 0.3173076923076923 0.38461538461538464 0.02294685990338164 0.01932367149758454
0 0.2644230769230769 0.37740384615384615 0.019806763285024155 0.019806763285024155
0 0.4326923076923077 0.2764423076923077 0.02077294685990338 0.021256038647342993
0 0.4807692307692308 0.31009615384615385 0.019082125603864734 0.0178743961352657
0 0.36778846153846156 0.10336538461538461 0.01714975845410628 0.018115942028985508
0 0.4807692307692308 0.2932692307692308 0.02101449275362319 0.019082125603864734
0 0.4807692307692308 0.27163461538461536 0.018115942028985508 0.01497584541062802
0 0.5240384615384616 0.29086538461538464 0.01714975845410628 0.020048309178743957
0 0.5240384615384616 0.3245192307692308 0.013285024154589372 0.012077294685990338
0 0.4735576923076923 0.6394230769230769 0.01618357487922705 0.014734299516908213
0 0.5192307692307693 0.6225961538461539 0.013526570048309178 0.01570048309178744
0 0.5264423076923077 0.6322115384615384 0.012318840579710146 0.012560386473429951
0 0.5625 0.5985576923076923 0.015942028985507246 0.01618357487922705
0 0.5961538461538461 0.5144230769230769 0.013043478260869565 0.012318840579710146
0 0.057692307692307696 0.6778846153846154 0.013043478260869565 0.014009661835748791
0 0.20192307692307693 0.44471153846153844 0.011594202898550723 0.014492753623188406
0 0.07451923076923077 0.3942307692307692 0.01111111111111111 0.011835748792270532
0 0.7403846153846154 0.3581730769230769 0.02681159420289855 0.022705314009661835
