0 0.4495192307692308 0.3317307692307692 0.03146374829001368 0.019151846785225718
0 0.7932692307692307 0.7067307692307693 0.04924760601915184 0.02667578659370725
0 0.6634615384615384 0.6875 0.058823529411764705 0.032147742818057455
0 0.6610576923076923 0.6634615384615384 0.0533515731874145 0.03283173734610123
0 0.6538461538461539 0.6442307692307693 0.05677154582763338 0.033515731874145006
0 0.6466346153846154 0.625 0.05677154582763338 0.03009575923392613
0 0.6442307692307693 0.6033653846153846 0.04993160054719562 0.023939808481532147
0 0.7908653846153846 0.6802884615384616 0.03625170998632011 0.022571819425444596
0 0.125 0.4230769230769231 0.019151846785225718 0.0280437756497948
0 0.19951923076923078 0.40625 0.033515731874145006 0.058823529411764705
0 0.13221153846153846 0.4519230769230769 0.021203830369357045 0.030779753761969904
0 0.7788461538461539 0.6514423076923077 0.038303693570451436 0.023255813953488372
0 0.10817307692307693 0.43990384615384615 0.036935704514363885 0.07592339261285909
0 0.14423076923076922 0.4206730769230769 0.036935704514363885 0.0677154582763338
0 0.16346153846153846 0.4182692307692308 0.033515731874145006 0.06634746922024624
0 0.18028846153846154 0.41586538461538464 0.03146374829001368 0.06839945280437756
0 0.19951923076923078 0.7860576923076923 0.05129958960328317 0.0253077975376197
