0 0.9375 0.4831730769230769 0.008764044943820225 0.005393258426966293
0 0.8653846153846154 0.3485576923076923 0.04404494382022472 0.10202247191011236
0 0.6490384615384616 0.33413461538461536 0.009662921348314608 0.012134831460674157
0 0.5745192307692307 0.3173076923076923 0.01146067415730337 0.01797752808988764
0 0.4879807692307692 0.4375 0.010337078651685393 0.01393258426966292
0 0.44711538461538464 0.6778846153846154 0.010112359550561797 0.01056179775280899
0 0.4495192307692308 0.7980769230769231 0.007640449438202247 0.008314606741573034
0 0.3389423076923077 0.7860576923076923 0.006516853932584269 0.011235955056179775
0 0.25961538461538464 0.5432692307692307 0.010337078651685393 0.01348314606741573
0 0.9230769230769231 0.3317307692307692 0.04921348314606741 0.11797752808988765
0 0.7139423076923077 0.39663461538461536 0.04449438202247191 0.06269662921348315
0 0.59375 0.5817307692307693 0.0040449438202247185 0.00898876404494382
0 0.65625 0.38221153846153844 0.06044943820224719 0.10966292134831461
0 0.59375 0.38221153846153844 0.07303370786516854 0.15393258426966291
0 0.5552884615384616 0.4519230769230769 0.05348314606741573 0.08067415730337078
0 0.4423076923076923 0.4567307692307692 0.06337078651685393 0.129438202247191
0 0.5120192307692307 0.4639423076923077 0.04808988764044944 0.08426966292134831
0 0.38461538461538464 0.4807692307692308 0.08808988764044944 0.12786516853932584
0 0.2764423076923077 0.5600961538461539 0.0350561797752809 0.05865168539325842
0 0.1971153846153846 0.6682692307692307 0.04134831460674157 0.09775280898876404
0 0.5360576923076923 0.42788461538461536 0.010786516853932586 0.015056179775280898
0 0.5144230769230769 0.6153846153846154 0.009213483146067415 0.008314606741573034
0 0.9134615384615384 0.47836538461538464 0.007415730337078652 0.009213483146067415
0 0.75 0.5120192307692307 0.00696629213483146 0.008764044943820225
0 0.9230769230769231 0.4735576923076923 0.00696629213483146 0.009213483146067415
0 0.8990384615384616 0.7307692307692307 0.01056179775280899 0.00696629213483146
0 0.9206730769230769 0.8125 0.009887640449438202 0.0071910112359550565
0 0.9206730769230769 0.8052884615384616 0.009662921348314608 0.00696629213483146
0 0.7932692307692307 0.7620192307692307 0.008539325842696628 0.0056179775280898875
0 0.7908653846153846 0.75 0.009887640449438202 0.009662921348314608
0 0.8605769230769231 0.31009615384615385 0.007415730337078652 0.01191011235955056
0 0.7163461538461539 0.38221153846153844 0.01056179775280899 0.014606741573033709
0 0.6995192307692307 0.5625 0.0071910112359550565 0.010112359550561797
0 0.5649038461538461 0.6298076923076923 0.008089887640449437 0.008089887640449437
0 0.6947115384615384 0.5504807692307693 0.006741573033707865 0.009438202247191012
0 0.7019230769230769 0.5504807692307693 0.008089887640449437 0.012359550561797753
0 0.7019230769230769 0.5360576923076923 0.007415730337078652 0.010112359550561797
0 0.5769230769230769 0.7403846153846154 0.009438202247191012 0.006741573033707865
0 0.5456730769230769 0.71875 0.010337078651685393 0.006741573033707865
0 0.5841346153846154 0.6682692307692307 0.009887640449438202 0.006516853932584269
0 0.59375 0.6658653846153846 0.009662921348314608 0.00696629213483146
0 0.59375 0.6610576923076923 0.008764044943820225 0.006516853932584269
0 0.15384615384615385 0.6875 0.054606741573033704 0.11235955056179775
