0 0.9591346153846154 0.17548076923076922 0.038766519823788544 0.023788546255506606
0 0.7451923076923077 0.22355769230769232 0.039647577092511016 0.04140969162995594
0 0.8389423076923077 0.125 0.04052863436123348 0.04229074889867841
0 0.5745192307692307 0.7572115384615384 0.09779735682819382 0.17885462555066078
0 0.46634615384615385 0.7644230769230769 0.09427312775330397 0.17973568281938326
0 0.3629807692307692 0.7716346153846154 0.09515418502202642 0.17885462555066078
0 0.25961538461538464 0.78125 0.09427312775330397 0.1779735682819383
0 0.8221153846153846 0.4495192307692308 0.1039647577092511 0.17973568281938326
0 0.7139423076923077 0.45913461538461536 0.09955947136563877 0.17973568281938326
0 0.6057692307692307 0.46634615384615385 0.09603524229074889 0.18061674008810572
0 0.5024038461538461 0.47596153846153844 0.09251101321585903 0.1814977973568282
0 0.39663461538461536 0.4831730769230769 0.09427312775330397 0.17973568281938326
0 0.29086538461538464 0.49038461538461536 0.09515418502202642 0.17885462555066078
