10 0.3293269230769231 0.47836538461538464 0.07241379310344828 0.03793103448275862
10 0.4326923076923077 0.4567307692307692 0.07586206896551724 0.041379310344827586
9 0.24519230769230768 0.3701923076923077 0.06666666666666667 0.03793103448275862
9 0.4326923076923077 0.3894230769230769 0.06551724137931035 0.034482758620689655
9 0.34134615384615385 0.4110576923076923 0.05862068965517241 0.03908045977011494
9 0.2548076923076923 0.4326923076923077 0.0942528735632184 0.045977011494252866
9 0.5336538461538461 0.39903846153846156 0.1 0.044827586206896544
9 0.5432692307692307 0.42788461538461536 0.09770114942528736 0.04252873563218391
9 0.34615384615384615 0.5024038461538461 0.09885057471264368 0.0471264367816092
9 0.2620192307692308 0.49278846153846156 0.05862068965517241 0.035632183908045977
9 0.3076923076923077 0.6033653846153846 0.09080459770114942 0.04367816091954023
9 0.4519230769230769 0.6201923076923077 0.08850574712643677 0.0471264367816092
9 0.2620192307692308 0.33653846153846156 0.09540229885057472 0.04367816091954023
9 0.47115384615384615 0.32211538461538464 0.07701149425287356 0.041379310344827586
9 0.5216346153846154 0.49278846153846156 0.09540229885057472 0.04827586206896552
10 0.4543269230769231 0.10096153846153846 0.03103448275862069 0.05747126436781609
10 0.4807692307692308 0.10096153846153846 0.026436781609195402 0.04252873563218391
10 0.28125 0.18028846153846154 0.03793103448275862 0.05517241379310345
10 0.6899038461538461 0.35336538461538464 0.04827586206896552 0.029885057471264367
10 0.4831730769230769 0.5841346153846154 0.05517241379310345 0.034482758620689655
10 0.5480769230769231 0.5480769230769231 0.07126436781609195 0.041379310344827586
9 0.33653846153846156 0.35096153846153844 0.09655172413793103 0.04252873563218391
