10 0.8341346153846154 0.7331730769230769 0.026931254429482635 0.028348688873139613
10 0.8028846153846154 0.7067307692307693 0.027639971651311126 0.026222537207654145
4 0.24519230769230768 0.38461538461538464 0.1183557760453579 0.14386959603118354
4 0.31490384615384615 0.42788461538461536 0.1183557760453579 0.13961729270021261
4 0.4326923076923077 0.5024038461538461 0.12260807937632884 0.14316087880935507
4 0.5504807692307693 0.5769230769230769 0.12048192771084337 0.14316087880935507
4 0.6177884615384616 0.6177884615384616 0.12048192771084337 0.14174344436569808
4 0.6995192307692307 0.6706730769230769 0.12119064493267186 0.14245216158752658
4 0.8100961538461539 0.8100961538461539 0.13678242381289865 0.1268603827072998
10 0.04567307692307692 0.055288461538461536 0.024805102763997163 0.01630049610205528
10 0.6033653846153846 0.10096153846153846 0.027639971651311126 0.029766123316796598
10 0.8581730769230769 0.7548076923076923 0.025513819985825654 0.026931254429482635
10 0.6009615384615384 0.39663461538461536 0.026931254429482635 0.023387668320340185
10 0.6298076923076923 0.43509615384615385 0.026931254429482635 0.024096385542168676
10 0.6322115384615384 0.1971153846153846 0.026931254429482635 0.03047484053862509
10 0.9639423076923077 0.17307692307692307 0.024805102763997163 0.029057406094968104
10 0.59375 0.4110576923076923 0.029766123316796598 0.024805102763997163
10 0.6081730769230769 0.3870192307692308 0.029766123316796598 0.022678951098511695
10 0.6418269230769231 0.40865384615384615 0.03330970942593905 0.027639971651311126
10 0.7764423076923077 0.6899038461538461 0.026222537207654145 0.025513819985825654
10 0.7908653846153846 0.6971153846153846 0.027639971651311126 0.026931254429482635
14 0.4254807692307692 0.20673076923076922 0.10559886605244508 0.1183557760453579
