10 0.3581730769230769 0.8990384615384616 0.006845296303539996 0.010170154508116565
1 0.5673076923076923 0.7692307692307693 0.009387834930569137 0.021122628593780557
1 0.5625 0.7475961538461539 0.008214355564247995 0.015450811656561704
1 0.5721153846153846 0.7475961538461539 0.005867396831605711 0.014081752395853705
1 0.5745192307692307 0.7692307692307693 0.00997457461372971 0.021513788382554275
1 0.5817307692307693 0.7668269230769231 0.008018775669861138 0.02034030901623313
1 0.5889423076923077 0.7668269230769231 0.00997457461372971 0.021513788382554275
1 0.5793269230769231 0.7451923076923077 0.007432035986700567 0.015450811656561704
1 0.5889423076923077 0.7451923076923077 0.007040876197926853 0.01447291218462742
1 0.5961538461538461 0.7427884615384616 0.006845296303539996 0.015255231762174849
1 0.5985576923076923 0.7644230769230769 0.010952474085663993 0.024643066692743985
1 0.6033653846153846 0.8100961538461539 0.008801095247408566 0.0209270486993937
1 0.5961538461538461 0.8125 0.007627615881087424 0.018580089966751416
1 0.5889423076923077 0.8125 0.00782319577547428 0.017993350283590843
1 0.6057692307692307 0.8317307692307693 0.007627615881087424 0.017993350283590843
1 0.5985576923076923 0.8365384615384616 0.008801095247408566 0.020535888910619988
1 0.5913461538461539 0.8365384615384616 0.007040876197926853 0.017993350283590843
1 0.5841346153846154 0.8365384615384616 0.008409935458634853 0.017211030706043417
1 0.5793269230769231 0.8149038461538461 0.010170154508116565 0.021122628593780557
1 0.5721153846153846 0.8173076923076923 0.008996675141795422 0.021904948171327987
1 0.5745192307692307 0.8389423076923077 0.00723645609231371 0.018188930177977704
1 0.5673076923076923 0.8389423076923077 0.00782319577547428 0.01779777038920399
1 0.5600961538461539 0.8389423076923077 0.008214355564247995 0.019753569333072558
1 0.5480769230769231 0.75 0.007627615881087424 0.018188930177977704
1 0.5504807692307693 0.7740384615384616 0.008801095247408566 0.0209270486993937
1 0.5432692307692307 0.8413461538461539 0.006454136514766283 0.01447291218462742
1 0.5432692307692307 0.7716346153846154 0.008996675141795422 0.01994914922745942
1 0.5552884615384616 0.5024038461538461 0.005867396831605711 0.010756894191277138
1 0.5360576923076923 0.5192307692307693 0.005671816937218853 0.011930373557598278
1 0.5408653846153846 0.5192307692307693 0.005280657148445139 0.011343633874437707
1 0.5480769230769231 0.5192307692307693 0.006062976725992568 0.010756894191277138
1 0.5528846153846154 0.5168269230769231 0.004693917465284568 0.011539213768824564
1 0.5576923076923077 0.5168269230769231 0.005476237042831997 0.012125953451985135
1 0.5625 0.5168269230769231 0.005476237042831997 0.013103852923919421
1 0.5625 0.5024038461538461 0.005476237042831997 0.011930373557598278
1 0.5697115384615384 0.5096153846153846 0.010170154508116565 0.025229806375904554
1 0.5288461538461539 0.7043269230769231 0.004302757676510854 0.008605515353021708
1 0.5072115384615384 0.7043269230769231 0.0041071777821239976 0.006454136514766283
1 0.5168269230769231 0.7211538461538461 0.006062976725992568 0.013103852923919421
1 0.5216346153846154 0.7211538461538461 0.005476237042831997 0.010952474085663993
1 0.5168269230769231 0.7548076923076923 0.006454136514766283 0.014277332290240561
1 0.5264423076923077 0.7524038461538461 0.006845296303539996 0.014668492079014276
1 0.5336538461538461 0.7524038461538461 0.006845296303539996 0.015450811656561704
1 0.5408653846153846 0.75 0.007432035986700567 0.015450811656561704
1 0.5576923076923077 0.7475961538461539 0.007040876197926853 0.015255231762174849
1 0.5216346153846154 0.7764423076923077 0.008996675141795422 0.024056327009583413
1 0.5288461538461539 0.7740384615384616 0.008409935458634853 0.018580089966751416
1 0.5360576923076923 0.7740384615384616 0.008605515353021708 0.018580089966751416
1 0.5528846153846154 0.8413461538461539 0.009387834930569137 0.01994914922745942
1 0.5288461538461539 0.84375 0.00782319577547428 0.01701545081165656
1 0.5384615384615384 0.5048076923076923 0.006062976725992568 0.011734793663211422
1 0.46875 0.23798076923076922 0.008801095247408566 0.013299432818306277
1 0.4807692307692308 0.23317307692307693 0.008996675141795422 0.012908273029532565
1 0.4879807692307692 0.2283653846153846 0.011539213768824564 0.016037551339722275
1 0.49278846153846156 0.2283653846153846 0.008996675141795422 0.012908273029532565
1 0.5048076923076923 0.23798076923076922 0.01779777038920399 0.027967924897320553
1 0.5 0.24519230769230768 0.011343633874437707 0.017211030706043417
1 0.49278846153846156 0.24759615384615385 0.012908273029532565 0.017211030706043417
1 0.4855769230769231 0.25 0.010756894191277138 0.01584197144533542
1 0.47836538461538464 0.2548076923076923 0.010365734402503423 0.016037551339722275
1 0.47115384615384615 0.25721153846153844 0.011343633874437707 0.016819870917269705
1 0.4519230769230769 0.2644230769230769 0.010952474085663993 0.01779777038920399
1 0.44471153846153844 0.2692307692307692 0.014081752395853705 0.021513788382554275
1 0.4375 0.27163461538461536 0.01114805398005085 0.017602190494817132
1 0.43028846153846156 0.27163461538461536 0.008409935458634853 0.012908273029532565
1 0.42788461538461536 0.27403846153846156 0.008409935458634853 0.013690592607079992
1 0.4230769230769231 0.28365384615384615 0.004693917465284568 0.007432035986700567
1 0.4375 0.31490384615384615 0.006649716409153138 0.008801095247408566
1 0.4423076923076923 0.31009615384615385 0.010952474085663993 0.01642871112849599
1 0.4519230769230769 0.30528846153846156 0.013103852923919421 0.019362409544298846
1 0.45913461538461536 0.30288461538461536 0.012125953451985135 0.01838451007236456
1 0.46634615384615385 0.3004807692307692 0.013103852923919421 0.020144729121846276
1 0.4735576923076923 0.2980769230769231 0.011343633874437707 0.01701545081165656
1 0.47596153846153844 0.23557692307692307 0.009387834930569137 0.013103852923919421
1 0.4639423076923077 0.2403846153846154 0.010170154508116565 0.014864071973401134
1 0.5264423076923077 0.8197115384615384 0.00782319577547428 0.017993350283590843
1 0.4567307692307692 0.24278846153846154 0.009583414824955994 0.01505965186778799
1 0.5336538461538461 0.8197115384615384 0.008801095247408566 0.02170936827694113
1 0.5408653846153846 0.8173076923076923 0.008801095247408566 0.023469587326422844
1 0.5480769230769231 0.8173076923076923 0.008018775669861138 0.020535888910619988
1 0.5576923076923077 0.8173076923076923 0.008801095247408566 0.020535888910619988
1 0.5649038461538461 0.8173076923076923 0.009387834930569137 0.020731468805006845
1 0.5336538461538461 0.8798076923076923 0.008018775669861138 0.020144729121846276
1 0.5408653846153846 0.8798076923076923 0.008801095247408566 0.018775669861138274
1 0.5552884615384616 0.875 0.00997457461372971 0.01897124975552513
1 0.5649038461538461 0.8774038461538461 0.006845296303539996 0.01584197144533542
1 0.5721153846153846 0.8774038461538461 0.007432035986700567 0.01564639155094856
1 0.5360576923076923 0.8990384615384616 0.006454136514766283 0.016037551339722275
1 0.5480769230769231 0.8990384615384616 0.007627615881087424 0.01642871112849599
1 0.5552884615384616 0.8990384615384616 0.006062976725992568 0.013103852923919421
1 0.5697115384615384 0.8966346153846154 0.00723645609231371 0.01564639155094856
1 0.5769230769230769 0.8942307692307693 0.006258556620379425 0.01584197144533542
1 0.5793269230769231 0.875 0.006062976725992568 0.01642871112849599
1 0.5889423076923077 0.8725961538461539 0.006258556620379425 0.014864071973401134
1 0.5961538461538461 0.8725961538461539 0.008018775669861138 0.014668492079014276
1 0.5913461538461539 0.8918269230769231 0.007432035986700567 0.015255231762174849
1 0.6057692307692307 0.8894230769230769 0.007040876197926853 0.01505965186778799
1 0.4519230769230769 0.24519230769230768 0.009387834930569137 0.014277332290240561
1 0.5456730769230769 0.5048076923076923 0.005476237042831997 0.012712693135145706
1 0.5288461538461539 0.5048076923076923 0.006454136514766283 0.013495012712693134
10 0.45913461538461536 0.7980769230769231 0.005085077254058283 0.008801095247408566
1 0.40625 0.0985576923076923 0.013495012712693134 0.019362409544298846
1 0.4230769230769231 0.09134615384615384 0.010756894191277138 0.01564639155094856
1 0.43028846153846156 0.0889423076923077 0.012712693135145706 0.021122628593780557
1 0.43990384615384615 0.08413461538461539 0.015450811656561704 0.02425190690397027
1 0.46153846153846156 0.12740384615384615 0.021904948171327987 0.030706043418736555
1 0.44711538461538464 0.125 0.009387834930569137 0.014864071973401134
1 0.43990384615384615 0.12740384615384615 0.009583414824955994 0.015450811656561704
1 0.44711538461538464 0.14423076923076922 0.009583414824955994 0.014277332290240561
1 0.4423076923076923 0.14903846153846154 0.008996675141795422 0.013495012712693134
1 0.4326923076923077 0.14903846153846154 0.008018775669861138 0.012125953451985135
1 0.42788461538461536 0.15144230769230768 0.00977899471934285 0.014081752395853705
1 0.4230769230769231 0.15384615384615385 0.008409935458634853 0.013495012712693134
1 0.41586538461538464 0.15865384615384615 0.009387834930569137 0.015450811656561704
1 0.40865384615384615 0.16105769230769232 0.008801095247408566 0.01447291218462742
1 0.40384615384615385 0.16346153846153846 0.008996675141795422 0.014081752395853705
1 0.39663461538461536 0.1658653846153846 0.008605515353021708 0.013299432818306277
1 0.3894230769230769 0.16826923076923078 0.008605515353021708 0.014081752395853705
1 0.38221153846153844 0.17067307692307693 0.00977899471934285 0.01447291218462742
1 0.4206730769230769 0.13701923076923078 0.010952474085663993 0.01584197144533542
1 0.41586538461538464 0.13942307692307693 0.01114805398005085 0.01701545081165656
1 0.40865384615384615 0.13942307692307693 0.00977899471934285 0.015255231762174849
1 0.4014423076923077 0.14423076923076922 0.012321533346371993 0.018580089966751416
1 0.41586538461538464 0.09615384615384616 0.014277332290240561 0.020731468805006845
1 0.3918269230769231 0.10336538461538461 0.011343633874437707 0.016819870917269705
1 0.3894230769230769 0.14903846153846154 0.010170154508116565 0.01584197144533542
1 0.37740384615384615 0.11057692307692307 0.012321533346371993 0.020144729121846276
7 0.39663461538461536 0.10096153846153846 0.08527283395266966 0.05378447095638568
7 0.4182692307692308 0.1466346153846154 0.08840211226285938 0.06297672599256796
7 0.4375 0.19230769230769232 0.09211813025620966 0.06884412282417367
7 0.46153846153846156 0.25240384615384615 0.08996675141795422 0.06454136514766282
7 0.4855769230769231 0.30528846153846156 0.09407392920007822 0.06943086250733424
7 0.5072115384615384 0.36538461538461536 0.08781537257969879 0.04400547623704283
7 0.5288461538461539 0.5120192307692307 0.07862311754351652 0.03559554077840798
7 0.5336538461538461 0.5552884615384616 0.07666731859964795 0.03481322120086055
7 0.5576923076923077 0.7596153846153846 0.07784079796596909 0.05045961275180911
7 0.5673076923076923 0.8269230769230769 0.07842753764912967 0.05026403285742225
7 0.5745192307692307 0.8846153846153846 0.0764717387052611 0.044787795814590255
7 0.5769230769230769 0.9375 0.06903970271856052 0.041071777821239976
1 0.3605769230769231 0.06490384615384616 0.01642871112849599 0.01114805398005085
1 0.3629807692307692 0.0985576923076923 0.027185605319773123 0.017406610600430274
1 0.35336538461538464 0.11778846153846154 0.00782319577547428 0.010952474085663993
1 0.3581730769230769 0.12980769230769232 0.006649716409153138 0.009387834930569137
1 0.3629807692307692 0.14182692307692307 0.007040876197926853 0.010561314296890278
1 0.36778846153846156 0.15384615384615385 0.007040876197926853 0.010365734402503423
1 0.37740384615384615 0.17548076923076922 0.006454136514766283 0.008801095247408566
1 0.3605769230769231 0.1201923076923077 0.01388617250146685 0.021318208488167414
1 0.3701923076923077 0.11538461538461539 0.01251711324075885 0.018775669861138274
1 0.39663461538461536 0.1466346153846154 0.008996675141795422 0.014668492079014276
1 0.38221153846153844 0.15144230769230768 0.010170154508116565 0.016037551339722275
1 0.5240384615384616 0.5072115384615384 0.005671816937218853 0.012908273029532565
1 0.43990384615384615 0.25 0.008801095247408566 0.012908273029532565
1 0.47836538461538464 0.41346153846153844 0.0041071777821239976 0.013690592607079992
1 0.47115384615384615 0.41346153846153844 0.006649716409153138 0.016233131234109133
1 0.4735576923076923 0.43509615384615385 0.006062976725992568 0.012321533346371993
1 0.4807692307692308 0.4326923076923077 0.006062976725992568 0.012908273029532565
1 0.46875 0.4543269230769231 0.004693917465284568 0.008214355564247995
1 0.47596153846153844 0.45913461538461536 0.00391159788773714 0.008996675141795422
1 0.47596153846153844 0.46875 0.004498337570897711 0.009583414824955994
1 0.4831730769230769 0.46634615384615385 0.006454136514766283 0.014277332290240561
1 0.4807692307692308 0.4855769230769231 0.006062976725992568 0.013495012712693134
1 0.4951923076923077 0.5096153846153846 0.006845296303539996 0.01251711324075885
1 0.5024038461538461 0.5096153846153846 0.005476237042831997 0.012125953451985135
1 0.5072115384615384 0.5072115384615384 0.005280657148445139 0.011930373557598278
1 0.5120192307692307 0.5072115384615384 0.005476237042831997 0.012125953451985135
1 0.5192307692307693 0.5072115384615384 0.004889497359671425 0.011343633874437707
1 0.49038461538461536 0.5240384615384616 0.008214355564247995 0.014864071973401134
1 0.49759615384615385 0.5240384615384616 0.006062976725992568 0.01251711324075885
1 0.5024038461538461 0.5240384615384616 0.0041071777821239976 0.010756894191277138
1 0.5072115384615384 0.5240384615384616 0.005280657148445139 0.012321533346371993
1 0.5192307692307693 0.5216346153846154 0.005476237042831997 0.012712693135145706
1 0.5240384615384616 0.5216346153846154 0.005085077254058283 0.011343633874437707
1 0.53125 0.5216346153846154 0.005476237042831997 0.012321533346371993
1 0.44471153846153844 0.24759615384615385 0.008801095247408566 0.013299432818306277
1 0.4326923076923077 0.25240384615384615 0.008801095247408566 0.013103852923919421
1 0.37740384615384615 0.15384615384615385 0.011539213768824564 0.018188930177977704
1 0.42788461538461536 0.2548076923076923 0.008409935458634853 0.01251711324075885
1 0.4014423076923077 0.19471153846153846 0.009387834930569137 0.01447291218462742
1 0.40625 0.19230769230769232 0.009583414824955994 0.014081752395853705
1 0.41346153846153844 0.18990384615384615 0.010170154508116565 0.01564639155094856
1 0.4182692307692308 0.1875 0.00977899471934285 0.01388617250146685
1 0.40384615384615385 0.21875 0.01564639155094856 0.023860747115196555
1 0.40865384615384615 0.21394230769230768 0.009583414824955994 0.014081752395853705
1 0.4182692307692308 0.21153846153846154 0.013103852923919421 0.02170936827694113
1 0.4254807692307692 0.2091346153846154 0.01505965186778799 0.025425386270291412
1 0.4326923076923077 0.20432692307692307 0.01505965186778799 0.024056327009583413
1 0.43990384615384615 0.20192307692307693 0.014864071973401134 0.021318208488167414
1 0.4254807692307692 0.18509615384615385 0.010170154508116565 0.01388617250146685
1 0.43028846153846156 0.18269230769230768 0.00919225503618228 0.01388617250146685
1 0.4375 0.18028846153846154 0.010561314296890278 0.014081752395853705
1 0.4423076923076923 0.1778846153846154 0.00977899471934285 0.014081752395853705
1 0.44711538461538464 0.17307692307692307 0.010952474085663993 0.016037551339722275
1 0.4495192307692308 0.1971153846153846 0.014081752395853705 0.02170936827694113
1 0.4567307692307692 0.19471153846153846 0.012908273029532565 0.01994914922745942
1 0.4543269230769231 0.17307692307692307 0.00977899471934285 0.014277332290240561
1 0.46153846153846156 0.17067307692307693 0.009583414824955994 0.01388617250146685
1 0.4639423076923077 0.18990384615384615 0.014277332290240561 0.02307842753764913
1 0.4206730769230769 0.25721153846153844 0.010170154508116565 0.01584197144533542
1 0.4855769230769231 0.29086538461538464 0.01114805398005085 0.01584197144533542
1 0.49278846153846156 0.28846153846153844 0.01251711324075885 0.016819870917269705
1 0.5 0.2860576923076923 0.01447291218462742 0.021904948171327987
10 0.42788461538461536 0.4831730769230769 0.007040876197926853 0.004498337570897711
10 0.43509615384615385 0.4855769230769231 0.008409935458634853 0.0041071777821239976
10 0.43509615384615385 0.49038461538461536 0.00782319577547428 0.00391159788773714
10 0.40865384615384615 0.49278846153846156 0.00723645609231371 0.005085077254058283
10 0.40865384615384615 0.4807692307692308 0.006649716409153138 0.0037160179933502834
10 0.40865384615384615 0.4735576923076923 0.00782319577547428 0.00391159788773714
10 0.40865384615384615 0.46634615384615385 0.009583414824955994 0.004693917465284568
10 0.40625 0.45913461538461536 0.008605515353021708 0.0037160179933502834
10 0.4110576923076923 0.5168269230769231 0.007432035986700567 0.0041071777821239976
10 0.41346153846153844 0.53125 0.006845296303539996 0.0041071777821239976
10 0.41586538461538464 0.5360576923076923 0.00723645609231371 0.0041071777821239976
10 0.41586538461538464 0.5384615384615384 0.008018775669861138 0.004693917465284568
10 0.4182692307692308 0.5456730769230769 0.008605515353021708 0.004693917465284568
10 0.4182692307692308 0.5504807692307693 0.00723645609231371 0.004302757676510854
10 0.4206730769230769 0.5745192307692307 0.007432035986700567 0.00391159788773714
10 0.4519230769230769 0.5769230769230769 0.00723645609231371 0.0041071777821239976
10 0.4519230769230769 0.5721153846153846 0.007040876197926853 0.0041071777821239976
10 0.44471153846153844 0.5456730769230769 0.00723645609231371 0.004302757676510854
10 0.44471153846153844 0.53125 0.006845296303539996 0.00391159788773714
10 0.4519230769230769 0.5841346153846154 0.007432035986700567 0.004693917465284568
10 0.4567307692307692 0.6177884615384616 0.008018775669861138 0.004889497359671425
10 0.4543269230769231 0.6875 0.008018775669861138 0.004498337570897711
10 0.42788461538461536 0.4855769230769231 0.007432035986700567 0.0041071777821239976
10 0.4254807692307692 0.47836538461538464 0.007040876197926853 0.00391159788773714
10 0.45913461538461536 0.6995192307692307 0.006649716409153138 0.00391159788773714
10 0.4326923076923077 0.47115384615384615 0.008409935458634853 0.0041071777821239976
10 0.3701923076923077 0.21634615384615385 0.006062976725992568 0.008409935458634853
10 0.3701923076923077 0.24759615384615385 0.006062976725992568 0.009583414824955994
10 0.39903846153846156 0.3317307692307692 0.00723645609231371 0.008605515353021708
10 0.3798076923076923 0.34615384615384615 0.006845296303539996 0.005671816937218853
10 0.38221153846153844 0.35336538461538464 0.007040876197926853 0.005867396831605711
10 0.42788461538461536 0.3485576923076923 0.005280657148445139 0.007432035986700567
10 0.43509615384615385 0.36538461538461536 0.006649716409153138 0.007627615881087424
10 0.4375 0.375 0.004302757676510854 0.006845296303539996
10 0.40384615384615385 0.375 0.006649716409153138 0.004693917465284568
10 0.3701923076923077 0.3870192307692308 0.005280657148445139 0.007040876197926853
10 0.40625 0.4543269230769231 0.008214355564247995 0.005085077254058283
10 0.4230769230769231 0.4519230769230769 0.008605515353021708 0.00391159788773714
10 0.40625 0.44711538461538464 0.006845296303539996 0.004302757676510854
10 0.4326923076923077 0.4519230769230769 0.00782319577547428 0.0037160179933502834
10 0.44471153846153844 0.43990384615384615 0.004889497359671425 0.006845296303539996
10 0.43990384615384615 0.39903846153846156 0.0041071777821239976 0.00723645609231371
10 0.4254807692307692 0.47596153846153844 0.006454136514766283 0.00391159788773714
10 0.4254807692307692 0.46634615384615385 0.00782319577547428 0.004498337570897711
10 0.4254807692307692 0.4639423076923077 0.008996675141795422 0.004302757676510854
10 0.4254807692307692 0.45913461538461536 0.006454136514766283 0.0041071777821239976
10 0.4326923076923077 0.45913461538461536 0.00782319577547428 0.0041071777821239976
10 0.4206730769230769 0.6826923076923077 0.0041071777821239976 0.006649716409153138
10 0.4567307692307692 0.6899038461538461 0.005671816937218853 0.0035204380989634263
1 0.5072115384615384 0.28365384615384615 0.012321533346371993 0.018188930177977704
10 0.45913461538461536 0.8846153846153846 0.006062976725992568 0.0041071777821239976
10 0.46153846153846156 0.8990384615384616 0.006258556620379425 0.0035204380989634263
10 0.47596153846153844 0.8966346153846154 0.006454136514766283 0.004302757676510854
10 0.47836538461538464 0.9086538461538461 0.006845296303539996 0.003324858204576569
10 0.5 0.9086538461538461 0.007627615881087424 0.0035204380989634263
10 0.4639423076923077 0.9110576923076923 0.008214355564247995 0.004498337570897711
10 0.4639423076923077 0.9158653846153846 0.006454136514766283 0.0041071777821239976
10 0.47836538461538464 0.9110576923076923 0.006845296303539996 0.0041071777821239976
10 0.47836538461538464 0.9158653846153846 0.007040876197926853 0.0037160179933502834
10 0.5 0.9134615384615384 0.006845296303539996 0.0035204380989634263
10 0.5 0.9182692307692307 0.006649716409153138 0.0041071777821239976
10 0.4807692307692308 0.9423076923076923 0.004302757676510854 0.007432035986700567
10 0.4855769230769231 0.9423076923076923 0.0041071777821239976 0.00723645609231371
10 0.4879807692307692 0.9423076923076923 0.0037160179933502834 0.006062976725992568
10 0.49278846153846156 0.9423076923076923 0.00391159788773714 0.006258556620379425
10 0.4951923076923077 0.9423076923076923 0.00391159788773714 0.006649716409153138
10 0.5 0.9423076923076923 0.00391159788773714 0.007040876197926853
10 0.49038461538461536 0.9639423076923077 0.004498337570897711 0.006649716409153138
10 0.5072115384615384 0.9615384615384616 0.0041071777821239976 0.006062976725992568
10 0.47836538461538464 0.9663461538461539 0.0035204380989634263 0.00723645609231371
10 0.4831730769230769 0.9639423076923077 0.0035204380989634263 0.00723645609231371
10 0.4855769230769231 0.9639423076923077 0.0037160179933502834 0.005867396831605711
10 0.45913461538461536 0.8774038461538461 0.006845296303539996 0.0037160179933502834
10 0.4735576923076923 0.8870192307692307 0.00919225503618228 0.004498337570897711
10 0.46634615384615385 0.6971153846153846 0.006649716409153138 0.0037160179933502834
10 0.46634615384615385 0.7836538461538461 0.008018775669861138 0.0041071777821239976
10 0.45913461538461536 0.7067307692307693 0.007432035986700567 0.0041071777821239976
10 0.4254807692307692 0.7211538461538461 0.004693917465284568 0.009387834930569137
10 0.46875 0.7115384615384616 0.008996675141795422 0.004693917465284568
10 0.46875 0.7211538461538461 0.008996675141795422 0.005085077254058283
10 0.46153846153846156 0.7331730769230769 0.008996675141795422 0.004302757676510854
10 0.47115384615384615 0.7307692307692307 0.007040876197926853 0.0041071777821239976
10 0.4639423076923077 0.7403846153846154 0.008801095247408566 0.004889497359671425
10 0.4639423076923077 0.7451923076923077 0.007040876197926853 0.004302757676510854
10 0.47115384615384615 0.7524038461538461 0.008214355564247995 0.004693917465284568
10 0.47115384615384615 0.7548076923076923 0.00782319577547428 0.004498337570897711
10 0.4639423076923077 0.7572115384615384 0.00723645609231371 0.004302757676510854
10 0.4639423076923077 0.7596153846153846 0.007040876197926853 0.0041071777821239976
10 0.46634615384615385 0.7644230769230769 0.00782319577547428 0.004302757676510854
10 0.4735576923076923 0.7620192307692307 0.005867396831605711 0.004498337570897711
10 0.4735576923076923 0.7668269230769231 0.00723645609231371 0.0037160179933502834
10 0.4735576923076923 0.7692307692307693 0.007627615881087424 0.00391159788773714
10 0.46634615384615385 0.7716346153846154 0.007627615881087424 0.004302757676510854
10 0.46634615384615385 0.7668269230769231 0.007040876197926853 0.004302757676510854
10 0.44711538461538464 0.7764423076923077 0.008409935458634853 0.00391159788773714
10 0.44471153846153844 0.7572115384615384 0.007432035986700567 0.004498337570897711
10 0.46634615384615385 0.7788461538461539 0.00782319577547428 0.004302757676510854
10 0.3581730769230769 0.18509615384615385 0.005867396831605711 0.007432035986700567
10 0.3557692307692308 0.1778846153846154 0.005671816937218853 0.00723645609231371
10 0.35096153846153844 0.17067307692307693 0.006062976725992568 0.008409935458634853
1 0.5288461538461539 0.35336538461538464 0.006062976725992568 0.014277332290240561
1 0.5432692307692307 0.35096153846153844 0.005085077254058283 0.013495012712693134
1 0.5360576923076923 0.3701923076923077 0.006845296303539996 0.01447291218462742
1 0.5432692307692307 0.3701923076923077 0.006845296303539996 0.015255231762174849
1 0.5288461538461539 0.37259615384615385 0.007040876197926853 0.015450811656561704
1 0.5216346153846154 0.37259615384615385 0.006258556620379425 0.013495012712693134
1 0.5168269230769231 0.375 0.006649716409153138 0.017406610600430274
1 0.5072115384615384 0.375 0.006845296303539996 0.014668492079014276
1 0.5 0.37740384615384615 0.006258556620379425 0.013103852923919421
1 0.49278846153846156 0.37740384615384615 0.00723645609231371 0.01564639155094856
1 0.4855769230769231 0.37740384615384615 0.006454136514766283 0.016233131234109133
1 0.47836538461538464 0.37740384615384615 0.006258556620379425 0.013299432818306277
1 0.47115384615384615 0.37740384615384615 0.004889497359671425 0.011930373557598278
1 0.46634615384615385 0.3798076923076923 0.005867396831605711 0.013495012712693134
1 0.45913461538461536 0.38221153846153844 0.0035204380989634263 0.006845296303539996
1 0.5504807692307693 0.3581730769230769 0.00919225503618228 0.026207705847838842
1 0.5649038461538461 0.5432692307692307 0.005671816937218853 0.013103852923919421
1 0.5673076923076923 0.5600961538461539 0.005867396831605711 0.012321533346371993
1 0.5649038461538461 0.5600961538461539 0.004302757676510854 0.011539213768824564
1 0.5576923076923077 0.5600961538461539 0.004693917465284568 0.01114805398005085
1 0.5600961538461539 0.5432692307692307 0.004693917465284568 0.011539213768824564
1 0.5552884615384616 0.5432692307692307 0.005280657148445139 0.011539213768824564
1 0.5336538461538461 0.35096153846153844 0.006258556620379425 0.014668492079014276
1 0.5192307692307693 0.35336538461538464 0.005671816937218853 0.014668492079014276
10 0.3485576923076923 0.16346153846153846 0.005867396831605711 0.00782319577547428
1 0.5120192307692307 0.3557692307692308 0.006454136514766283 0.01564639155094856
1 0.5168269230769231 0.28125 0.010561314296890278 0.015450811656561704
1 0.5240384615384616 0.3004807692307692 0.014277332290240561 0.0209270486993937
1 0.5168269230769231 0.30288461538461536 0.013495012712693134 0.01994914922745942
1 0.5096153846153846 0.30528846153846156 0.012321533346371993 0.0195579894386857
1 0.5024038461538461 0.31009615384615385 0.01114805398005085 0.017602190494817132
1 0.4951923076923077 0.31490384615384615 0.01251711324075885 0.01897124975552513
1 0.4879807692307692 0.31490384615384615 0.01251711324075885 0.019753569333072558
1 0.4807692307692308 0.31971153846153844 0.012321533346371993 0.02034030901623313
1 0.4735576923076923 0.32211538461538464 0.012712693135145706 0.01994914922745942
1 0.46634615384615385 0.32211538461538464 0.011343633874437707 0.0195579894386857
1 0.45913461538461536 0.3269230769230769 0.012125953451985135 0.01838451007236456
1 0.4519230769230769 0.3317307692307692 0.014668492079014276 0.022100528065714845
1 0.4639423076923077 0.3605769230769231 0.005867396831605711 0.01251711324075885
1 0.46875 0.3629807692307692 0.004889497359671425 0.011539213768824564
1 0.47596153846153844 0.3605769230769231 0.004889497359671425 0.010170154508116565
1 0.47836538461538464 0.3605769230769231 0.005280657148445139 0.011343633874437707
1 0.4855769230769231 0.3605769230769231 0.005280657148445139 0.011734793663211422
1 0.49038461538461536 0.3605769230769231 0.005085077254058283 0.011734793663211422
1 0.4951923076923077 0.3581730769230769 0.005280657148445139 0.011734793663211422
1 0.5 0.3557692307692308 0.005476237042831997 0.011930373557598278
1 0.5048076923076923 0.3557692307692308 0.008018775669861138 0.01701545081165656
1 0.5504807692307693 0.5456730769230769 0.004302757676510854 0.011930373557598278
1 0.5552884615384616 0.5600961538461539 0.004498337570897711 0.01114805398005085
1 0.5480769230769231 0.5600961538461539 0.004693917465284568 0.010365734402503423
1 0.5432692307692307 0.5456730769230769 0.004889497359671425 0.011734793663211422
1 0.5576923076923077 0.9302884615384616 0.006845296303539996 0.01505965186778799
1 0.5673076923076923 0.9302884615384616 0.006454136514766283 0.013495012712693134
1 0.5721153846153846 0.9302884615384616 0.006845296303539996 0.014864071973401134
1 0.5817307692307693 0.9278846153846154 0.00723645609231371 0.014864071973401134
1 0.5889423076923077 0.9278846153846154 0.00723645609231371 0.01505965186778799
1 0.5360576923076923 0.9519230769230769 0.005085077254058283 0.00997457461372971
1 0.5432692307692307 0.9543269230769231 0.008409935458634853 0.01994914922745942
1 0.5528846153846154 0.9495192307692307 0.006649716409153138 0.01584197144533542
1 0.5625 0.9519230769230769 0.007432035986700567 0.01897124975552513
1 0.5697115384615384 0.9471153846153846 0.006649716409153138 0.01505965186778799
1 0.5817307692307693 0.9471153846153846 0.008018775669861138 0.016037551339722275
1 0.5913461538461539 0.9471153846153846 0.006258556620379425 0.016037551339722275
1 0.5961538461538461 0.9447115384615384 0.007432035986700567 0.015255231762174849
1 0.6057692307692307 0.9447115384615384 0.008605515353021708 0.01779777038920399
1 0.5961538461538461 0.9278846153846154 0.005867396831605711 0.012321533346371993
1 0.6033653846153846 0.9254807692307693 0.007040876197926853 0.01564639155094856
1 0.6129807692307693 0.9326923076923077 0.011930373557598278 0.028750244474867983
1 0.6153846153846154 0.8894230769230769 0.00977899471934285 0.016233131234109133
1 0.6105769230769231 0.8701923076923077 0.008605515353021708 0.017211030706043417
1 0.6033653846153846 0.8701923076923077 0.009387834930569137 0.019753569333072558
10 0.34134615384615385 0.1466346153846154 0.006454136514766283 0.008996675141795422
1 0.5528846153846154 0.9302884615384616 0.005671816937218853 0.014081752395853705
1 0.5408653846153846 0.9326923076923077 0.006062976725992568 0.013299432818306277
1 0.5336538461538461 0.9399038461538461 0.004302757676510854 0.008605515353021708
1 0.5144230769230769 0.5649038461538461 0.00391159788773714 0.011343633874437707
1 0.5384615384615384 0.5456730769230769 0.005085077254058283 0.010756894191277138
1 0.5336538461538461 0.5480769230769231 0.005280657148445139 0.011734793663211422
1 0.5288461538461539 0.5480769230769231 0.005867396831605711 0.012908273029532565
1 0.5456730769230769 0.5600961538461539 0.005085077254058283 0.011539213768824564
1 0.5384615384615384 0.5600961538461539 0.004693917465284568 0.01114805398005085
1 0.5360576923076923 0.5625 0.004693917465284568 0.010365734402503423
1 0.5288461538461539 0.5625 0.004498337570897711 0.00919225503618228
1 0.5264423076923077 0.5625 0.004889497359671425 0.011930373557598278
1 0.5192307692307693 0.5649038461538461 0.005085077254058283 0.011734793663211422
1 0.5168269230769231 0.5504807692307693 0.004889497359671425 0.012321533346371993
1 0.5817307692307693 0.5913461538461539 0.01388617250146685 0.033248582045765696
1 0.5120192307692307 0.5504807692307693 0.005085077254058283 0.011930373557598278
1 0.5096153846153846 0.5649038461538461 0.005671816937218853 0.012908273029532565
1 0.5048076923076923 0.5673076923076923 0.004498337570897711 0.011734793663211422
1 0.49759615384615385 0.5673076923076923 0.006062976725992568 0.012321533346371993
1 0.49278846153846156 0.5504807692307693 0.004693917465284568 0.011930373557598278
1 0.49759615384615385 0.5913461538461539 0.006062976725992568 0.012321533346371993
1 0.5048076923076923 0.6009615384615384 0.008801095247408566 0.00391159788773714
1 0.49759615384615385 0.6057692307692307 0.0041071777821239976 0.01114805398005085
1 0.5144230769230769 0.6057692307692307 0.006258556620379425 0.01564639155094856
7 0.3798076923076923 0.052884615384615384 0.07471151965577938 0.03676902014472912
