14 0.9471153846153846 0.9038461538461539 0.024325753569539924 0.020624008461131677
1 0.28365384615384615 0.6129807692307693 0.02168164992067689 0.013220518244315176
1 0.3389423076923077 0.6826923076923077 0.028027498677948178 0.013749338974087784
1 0.3389423076923077 0.6730769230769231 0.02591221575885775 0.013749338974087784
1 0.3125 0.6658653846153846 0.023796932839767318 0.013749338974087784
1 0.3173076923076923 0.65625 0.020624008461131677 0.012162876784769962
1 0.34615384615384615 0.6514423076923077 0.03067160232681121 0.017451084082496036
1 0.31490384615384615 0.6466346153846154 0.026441036488630353 0.016393442622950817
1 0.31971153846153844 0.6394230769230769 0.022210470650449496 0.012162876784769962
1 0.35336538461538464 0.6322115384615384 0.029613960867265997 0.014806980433632998
1 0.3245192307692308 0.6177884615384616 0.026441036488630353 0.012162876784769962
1 0.28125 0.6225961538461539 0.02168164992067689 0.01269169751454257
1 0.2860576923076923 0.6033653846153846 0.022210470650449496 0.013749338974087784
1 0.22596153846153846 0.8629807692307693 0.011105235325224748 0.016922263352723427
1 0.3269230769230769 0.6105769230769231 0.024325753569539924 0.013749338974087784
1 0.3605769230769231 0.6129807692307693 0.029613960867265997 0.016393442622950817
1 0.3293269230769231 0.6009615384615384 0.024854574299312534 0.01427815970386039
1 0.29086538461538464 0.5961538461538461 0.023268112109994712 0.01427815970386039
1 0.3605769230769231 0.6009615384615384 0.029613960867265997 0.015864621893178214
1 0.3317307692307692 0.5913461538461539 0.024854574299312534 0.014806980433632998
1 0.29086538461538464 0.5841346153846154 0.02168164992067689 0.012162876784769962
1 0.33413461538461536 0.5817307692307693 0.024325753569539924 0.015335801163405605
1 0.3389423076923077 0.5721153846153846 0.022739291380222106 0.011634056054997356
1 0.2956730769230769 0.5697115384615384 0.022210470650449496 0.01269169751454257
1 0.31009615384615385 0.6754807692307693 0.024325753569539924 0.01427815970386039
1 0.3076923076923077 0.6826923076923077 0.02168164992067689 0.012162876784769962
1 0.33653846153846156 0.6923076923076923 0.02749867794817557 0.016393442622950817
1 0.3942307692307692 0.6875 0.012162876784769962 0.04865150713907985
1 0.46875 0.2860576923076923 0.013749338974087784 0.009518773135906928
1 0.43028846153846156 0.3125 0.01797990481226864 0.02855631940772078
10 0.5048076923076923 0.23317307692307693 0.01797990481226864 0.01269169751454257
1 0.34375 0.9375 0.015335801163405605 0.026441036488630353
1 0.3701923076923077 0.9182692307692307 0.00898995240613432 0.00898995240613432
1 0.4206730769230769 0.8677884615384616 0.00898995240613432 0.007932310946589107
1 0.41346153846153844 0.8557692307692307 0.029613960867265997 0.016393442622950817
1 0.3942307692307692 0.8197115384615384 0.04230565838180857 0.024325753569539924
1 0.41586538461538464 0.7884615384615384 0.008461131676361713 0.005817028027498678
1 0.43028846153846156 0.7572115384615384 0.016393442622950817 0.02908514013749339
1 0.40865384615384615 0.7644230769230769 0.01797990481226864 0.02749867794817557
1 0.38461538461538464 0.7788461538461539 0.03437334743521946 0.02168164992067689
1 0.3798076923076923 0.7644230769230769 0.028027498677948178 0.017451084082496036
1 0.30528846153846156 0.7596153846153846 0.03595980962453728 0.014806980433632998
1 0.31971153846153844 0.7475961538461539 0.026441036488630353 0.010576414595452142
1 0.3269230769230769 0.7235576923076923 0.030142781597038606 0.016922263352723427
1 0.3293269230769231 0.7139423076923077 0.02908514013749339 0.017451084082496036
1 0.4230769230769231 0.6899038461538461 0.015335801163405605 0.026441036488630353
1 0.40865384615384615 0.6995192307692307 0.011105235325224748 0.03225806451612903
1 0.4254807692307692 0.6586538461538461 0.013220518244315176 0.021152829190904283
1 0.41586538461538464 0.6634615384615384 0.01269169751454257 0.021152829190904283
1 0.3701923076923077 0.5745192307692307 0.029613960867265997 0.015864621893178214
1 0.3389423076923077 0.5600961538461539 0.024854574299312534 0.013220518244315176
1 0.2980769230769231 0.5600961538461539 0.022739291380222106 0.012162876784769962
10 0.30288461538461536 0.4423076923076923 0.011634056054997356 0.006874669487043892
10 0.2980769230769231 0.4326923076923077 0.010576414595452142 0.005817028027498678
10 0.30288461538461536 0.41346153846153844 0.006874669487043892 0.011634056054997356
10 0.2980769230769231 0.41586538461538464 0.006345848757271285 0.011634056054997356
10 0.29086538461538464 0.4182692307692308 0.006345848757271285 0.012162876784769962
10 0.2860576923076923 0.4182692307692308 0.005817028027498678 0.012162876784769962
1 0.31971153846153844 0.3870192307692308 0.019037546271813855 0.014806980433632998
1 0.31971153846153844 0.3798076923076923 0.019037546271813855 0.015335801163405605
1 0.31971153846153844 0.3701923076923077 0.01850872554204125 0.014806980433632998
1 0.31971153846153844 0.3605769230769231 0.017451084082496036 0.015335801163405605
1 0.31971153846153844 0.3485576923076923 0.01797990481226864 0.015335801163405605
10 0.2956730769230769 0.3798076923076923 0.005288207297726071 0.010576414595452142
10 0.28846153846153844 0.38461538461538464 0.005288207297726071 0.011105235325224748
10 0.2956730769230769 0.36538461538461536 0.006874669487043892 0.011105235325224748
10 0.28846153846153844 0.3701923076923077 0.005288207297726071 0.011105235325224748
1 0.31971153846153844 0.3389423076923077 0.017451084082496036 0.014806980433632998
1 0.32211538461538464 0.32211538461538464 0.010047593865679534 0.010576414595452142
1 0.31490384615384615 0.3245192307692308 0.014806980433632998 0.01956636700158646
1 0.30528846153846156 0.3269230769230769 0.007932310946589107 0.016922263352723427
10 0.28846153846153844 0.31971153846153844 0.010576414595452142 0.008461131676361713
10 0.30288461538461536 0.30528846153846156 0.013220518244315176 0.010576414595452142
1 0.28125 0.5480769230769231 0.005817028027498678 0.011634056054997356
10 0.3004807692307692 0.4375 0.011105235325224748 0.006874669487043892
10 0.30288461538461536 0.4639423076923077 0.010047593865679534 0.006345848757271285
1 0.34375 0.5408653846153846 0.02591221575885775 0.013220518244315176
1 0.3605769230769231 0.33653846153846156 0.00898995240613432 0.01850872554204125
1 0.2980769230769231 0.5480769230769231 0.02591221575885775 0.013749338974087784
1 0.34615384615384615 0.5336538461538461 0.024325753569539924 0.01269169751454257
1 0.3485576923076923 0.5216346153846154 0.026969857218402962 0.015335801163405605
1 0.33413461538461536 0.49038461538461536 0.01269169751454257 0.01269169751454257
1 0.3485576923076923 0.46875 0.013220518244315176 0.006874669487043892
1 0.40865384615384615 0.4495192307692308 0.033844526705446853 0.017451084082496036
1 0.41586538461538464 0.4254807692307692 0.017451084082496036 0.011105235325224748
1 0.4254807692307692 0.40865384615384615 0.02168164992067689 0.013749338974087784
1 0.3605769230769231 0.3942307692307692 0.011634056054997356 0.019037546271813855
1 0.3581730769230769 0.3798076923076923 0.01797990481226864 0.011105235325224748
1 0.3918269230769231 0.36538461538461536 0.013749338974087784 0.024325753569539924
1 0.3798076923076923 0.36538461538461536 0.013749338974087784 0.023268112109994712
1 0.3701923076923077 0.36538461538461536 0.014806980433632998 0.022739291380222106
1 0.3581730769230769 0.3605769230769231 0.00898995240613432 0.023796932839767318
1 0.4014423076923077 0.3269230769230769 0.008461131676361713 0.008461131676361713
1 0.4182692307692308 0.31009615384615385 0.013220518244315176 0.022210470650449496
1 0.4110576923076923 0.31490384615384615 0.014806980433632998 0.023268112109994712
1 0.39903846153846156 0.3173076923076923 0.013220518244315176 0.020624008461131677
1 0.3918269230769231 0.31971153846153844 0.013220518244315176 0.022739291380222106
1 0.3798076923076923 0.32211538461538464 0.013220518244315176 0.01850872554204125
1 0.375 0.3293269230769231 0.009518773135906928 0.013749338974087784
1 0.4423076923076923 0.3076923076923077 0.019037546271813855 0.030142781597038606
1 0.4639423076923077 0.3004807692307692 0.02168164992067689 0.03120042305658382
1 0.5192307692307693 0.27163461538461536 0.03966155473294553 0.022739291380222106
1 0.49038461538461536 0.5552884615384616 0.01427815970386039 0.020624008461131677
1 0.4735576923076923 0.5625 0.01269169751454257 0.01850872554204125
1 0.4639423076923077 0.5649038461538461 0.011634056054997356 0.019037546271813855
1 0.4543269230769231 0.5673076923076923 0.011634056054997356 0.01956636700158646
1 0.4254807692307692 0.5745192307692307 0.007403490216816499 0.009518773135906928
1 0.43509615384615385 0.5745192307692307 0.010047593865679534 0.020624008461131677
1 0.4567307692307692 0.59375 0.017451084082496036 0.023268112109994712
1 0.44711538461538464 0.5985576923076923 0.015864621893178214 0.02538339502908514
1 0.4375 0.6033653846153846 0.006345848757271285 0.015864621893178214
1 0.4254807692307692 0.5961538461538461 0.010047593865679534 0.035430988894764676
1 0.5552884615384616 0.4855769230769231 0.011634056054997356 0.01956636700158646
1 0.5456730769230769 0.4879807692307692 0.013220518244315176 0.020095187731359068
1 0.5384615384615384 0.49038461538461536 0.011634056054997356 0.019037546271813855
1 0.5288461538461539 0.4951923076923077 0.013220518244315176 0.020095187731359068
1 0.5432692307692307 0.4639423076923077 0.011634056054997356 0.016922263352723427
1 0.5360576923076923 0.46634615384615385 0.01269169751454257 0.01797990481226864
1 0.5264423076923077 0.47115384615384615 0.012162876784769962 0.01797990481226864
1 0.5192307692307693 0.4735576923076923 0.01269169751454257 0.017451084082496036
1 0.5096153846153846 0.47596153846153844 0.013220518244315176 0.020095187731359068
1 0.5192307692307693 0.49759615384615385 0.011105235325224748 0.01850872554204125
1 0.5120192307692307 0.5 0.009518773135906928 0.01797990481226864
1 0.5024038461538461 0.5024038461538461 0.013220518244315176 0.01850872554204125
1 0.4807692307692308 0.5576923076923077 0.010047593865679534 0.01956636700158646
1 0.49759615384615385 0.5528846153846154 0.011634056054997356 0.01850872554204125
1 0.4831730769230769 0.5096153846153846 0.013220518244315176 0.01797990481226864
1 0.4855769230769231 0.5841346153846154 0.013220518244315176 0.023268112109994712
1 0.43509615384615385 0.6875 0.01427815970386039 0.02749867794817557
1 0.4831730769230769 0.6418269230769231 0.01427815970386039 0.021152829190904283
1 0.4735576923076923 0.6418269230769231 0.011634056054997356 0.023796932839767318
1 0.4639423076923077 0.6466346153846154 0.013749338974087784 0.022739291380222106
1 0.4543269230769231 0.6490384615384616 0.010047593865679534 0.019037546271813855
1 0.44471153846153844 0.6538461538461539 0.01427815970386039 0.024325753569539924
1 0.43509615384615385 0.65625 0.013220518244315176 0.022739291380222106
1 0.5625 0.5576923076923077 0.013220518244315176 0.022739291380222106
1 0.5600961538461539 0.5288461538461539 0.012162876784769962 0.01956636700158646
1 0.5504807692307693 0.5360576923076923 0.011105235325224748 0.01956636700158646
1 0.5432692307692307 0.5384615384615384 0.01269169751454257 0.020624008461131677
1 0.5336538461538461 0.5408653846153846 0.011105235325224748 0.019037546271813855
1 0.5504807692307693 0.5625 0.013749338974087784 0.022739291380222106
1 0.5432692307692307 0.5649038461538461 0.011105235325224748 0.02168164992067689
1 0.5264423076923077 0.5432692307692307 0.013749338974087784 0.01850872554204125
1 0.5168269230769231 0.5480769230769231 0.009518773135906928 0.020624008461131677
1 0.5072115384615384 0.5480769230769231 0.013749338974087784 0.020095187731359068
1 0.53125 0.5673076923076923 0.011105235325224748 0.01850872554204125
1 0.5240384615384616 0.5721153846153846 0.012162876784769962 0.020095187731359068
1 0.5120192307692307 0.5721153846153846 0.012162876784769962 0.01850872554204125
1 0.5048076923076923 0.5793269230769231 0.013220518244315176 0.022210470650449496
1 0.49278846153846156 0.5048076923076923 0.009518773135906928 0.01797990481226864
1 0.47596153846153844 0.5120192307692307 0.011634056054997356 0.016922263352723427
1 0.5456730769230769 0.2644230769230769 0.011105235325224748 0.014806980433632998
1 0.5168269230769231 0.40384615384615385 0.015864621893178214 0.026441036488630353
1 0.4951923076923077 0.4110576923076923 0.01427815970386039 0.024325753569539924
1 0.4855769230769231 0.41346153846153844 0.016393442622950817 0.026441036488630353
1 0.47836538461538464 0.4182692307692308 0.014806980433632998 0.026441036488630353
1 0.5576923076923077 0.3269230769230769 0.01427815970386039 0.023796932839767318
1 0.5649038461538461 0.2980769230769231 0.010047593865679534 0.016393442622950817
1 0.5576923076923077 0.3004807692307692 0.010576414595452142 0.017451084082496036
1 0.5432692307692307 0.30528846153846156 0.010047593865679534 0.015864621893178214
1 0.5360576923076923 0.30528846153846156 0.011105235325224748 0.01850872554204125
1 0.5288461538461539 0.31009615384615385 0.009518773135906928 0.015335801163405605
1 0.5240384615384616 0.3125 0.010047593865679534 0.015335801163405605
1 0.5384615384615384 0.33413461538461536 0.015335801163405605 0.026441036488630353
1 0.5024038461538461 0.31971153846153844 0.00898995240613432 0.01427815970386039
1 0.5096153846153846 0.31490384615384615 0.011634056054997356 0.017451084082496036
1 0.5192307692307693 0.34134615384615385 0.017451084082496036 0.026969857218402962
1 0.5072115384615384 0.34375 0.01269169751454257 0.023796932839767318
1 0.43990384615384615 0.37259615384615385 0.024854574299312534 0.011634056054997356
1 0.43990384615384615 0.3605769230769231 0.028027498677948178 0.016393442622950817
1 0.49278846153846156 0.3317307692307692 0.015864621893178214 0.047593865679534636
1 0.5673076923076923 0.25961538461538464 0.010047593865679534 0.016393442622950817
1 0.5600961538461539 0.2620192307692308 0.011105235325224748 0.015864621893178214
1 0.5528846153846154 0.2620192307692308 0.009518773135906928 0.015864621893178214
1 0.5072115384615384 0.40625 0.016922263352723427 0.02538339502908514
1 0.42788461538461536 0.39903846153846156 0.024854574299312534 0.014806980433632998
1 0.4519230769230769 0.5264423076923077 0.009518773135906928 0.005288207297726071
1 0.4326923076923077 0.3894230769230769 0.024854574299312534 0.015335801163405605
1 0.4639423076923077 0.5168269230769231 0.00898995240613432 0.023268112109994712
1 0.4855769230769231 0.4831730769230769 0.012162876784769962 0.016393442622950817
1 0.47836538461538464 0.4855769230769231 0.012162876784769962 0.01956636700158646
1 0.46875 0.49038461538461536 0.013220518244315176 0.01956636700158646
1 0.46153846153846156 0.49278846153846156 0.00898995240613432 0.015335801163405605
1 0.4519230769230769 0.5072115384615384 0.013220518244315176 0.03490216816499207
1 0.5673076923076923 0.41346153846153844 0.010576414595452142 0.016393442622950817
1 0.5576923076923077 0.4182692307692308 0.011634056054997356 0.01797990481226864
1 0.5504807692307693 0.4206730769230769 0.011105235325224748 0.01850872554204125
1 0.5408653846153846 0.4230769230769231 0.012162876784769962 0.016922263352723427
1 0.5336538461538461 0.4254807692307692 0.010576414595452142 0.015864621893178214
1 0.5168269230769231 0.43028846153846156 0.012162876784769962 0.01797990481226864
1 0.5072115384615384 0.43509615384615385 0.011634056054997356 0.016922263352723427
1 0.46634615384615385 0.43028846153846156 0.013749338974087784 0.04494976203067161
1 0.5 0.4375 0.011105235325224748 0.015864621893178214
1 0.4831730769230769 0.4423076923076923 0.011105235325224748 0.01850872554204125
1 0.47836538461538464 0.44711538461538464 0.006345848757271285 0.015335801163405605
1 0.5576923076923077 0.3870192307692308 0.01427815970386039 0.022739291380222106
1 0.5480769230769231 0.3918269230769231 0.015335801163405605 0.02749867794817557
1 0.5384615384615384 0.39663461538461536 0.015335801163405605 0.023796932839767318
1 0.5264423076923077 0.39903846153846156 0.015864621893178214 0.02538339502908514
1 0.27163461538461536 0.5649038461538461 0.019037546271813855 0.011634056054997356
1 0.2860576923076923 0.3389423076923077 0.005817028027498678 0.015335801163405605
10 0.2644230769230769 0.3245192307692308 0.013749338974087784 0.011105235325224748
1 0.026442307692307692 0.6201923076923077 0.010047593865679534 0.008461131676361713
1 0.052884615384615384 0.6105769230769231 0.03172924378635643 0.024325753569539924
1 0.1201923076923077 0.6105769230769231 0.02908514013749339 0.020095187731359068
1 0.15144230769230768 0.6009615384615384 0.024854574299312534 0.01797990481226864
1 0.1466346153846154 0.59375 0.022210470650449496 0.016922263352723427
1 0.11057692307692307 0.5913461538461539 0.026441036488630353 0.01797990481226864
1 0.10576923076923077 0.5817307692307693 0.02855631940772078 0.020095187731359068
1 0.16826923076923078 0.5673076923076923 0.013220518244315176 0.006874669487043892
1 0.1466346153846154 0.5649038461538461 0.007932310946589107 0.006345848757271285
1 0.17548076923076922 0.5576923076923077 0.004759386567953464 0.010047593865679534
1 0.17307692307692307 0.5576923076923077 0.004759386567953464 0.010047593865679534
1 0.16826923076923078 0.5576923076923077 0.004759386567953464 0.010047593865679534
1 0.15865384615384615 0.5576923076923077 0.004759386567953464 0.010047593865679534
1 0.15144230769230768 0.5576923076923077 0.005817028027498678 0.010047593865679534
1 0.12259615384615384 0.5528846153846154 0.005288207297726071 0.006874669487043892
1 0.1201923076923077 0.5528846153846154 0.0031729243786356425 0.006874669487043892
1 0.11778846153846154 0.5528846153846154 0.0037017451084082496 0.006345848757271285
1 0.021634615384615384 0.5721153846153846 0.013220518244315176 0.021152829190904283
1 0.028846153846153848 0.5649038461538461 0.009518773135906928 0.023796932839767318
1 0.04326923076923077 0.5600961538461539 0.008461131676361713 0.022739291380222106
1 0.05048076923076923 0.5552884615384616 0.008461131676361713 0.022739291380222106
1 0.06009615384615385 0.5528846153846154 0.00898995240613432 0.023268112109994712
1 0.057692307692307696 0.6225961538461539 0.02749867794817557 0.020095187731359068
1 0.026442307692307692 0.6370192307692307 0.02908514013749339 0.023268112109994712
1 0.07692307692307693 0.5504807692307693 0.01427815970386039 0.02855631940772078
1 0.0625 0.6322115384615384 0.028027498677948178 0.021152829190904283
1 0.07211538461538461 0.7163461538461539 0.005817028027498678 0.007403490216816499
1 0.05048076923076923 0.7307692307692307 0.007932310946589107 0.010047593865679534
1 0.06490384615384616 0.7235576923076923 0.00898995240613432 0.011634056054997356
1 0.10576923076923077 0.6971153846153846 0.020095187731359068 0.016393442622950817
1 0.0625 0.7067307692307693 0.03437334743521946 0.02749867794817557
1 0.09615384615384616 0.6899038461538461 0.030142781597038606 0.022210470650449496
1 0.09134615384615384 0.6778846153846154 0.033844526705446853 0.024854574299312534
1 0.055288461538461536 0.6947115384615384 0.03595980962453728 0.02591221575885775
1 0.08413461538461539 0.6706730769230769 0.028027498677948178 0.021152829190904283
1 0.07932692307692307 0.6610576923076923 0.03172924378635643 0.02168164992067689
1 0.04326923076923077 0.6706730769230769 0.033844526705446853 0.024325753569539924
1 0.14423076923076922 0.65625 0.028027498677948178 0.019037546271813855
1 0.13942307692307693 0.6490384615384616 0.030142781597038606 0.021152829190904283
1 0.16346153846153846 0.6322115384615384 0.011105235325224748 0.008461131676361713
1 0.1346153846153846 0.6394230769230769 0.029613960867265997 0.02168164992067689
1 0.16346153846153846 0.6225961538461539 0.023268112109994712 0.016393442622950817
1 0.15625 0.6177884615384616 0.01850872554204125 0.013749338974087784
1 0.13221153846153846 0.6298076923076923 0.026969857218402962 0.019037546271813855
1 0.036057692307692304 0.6610576923076923 0.030142781597038606 0.022210470650449496
1 0.03125 0.6490384615384616 0.03648863035430989 0.02538339502908514
1 0.0673076923076923 0.6418269230769231 0.028027498677948178 0.020624008461131677
1 0.06971153846153846 0.5504807692307693 0.01269169751454257 0.02591221575885775
1 0.0889423076923077 0.5480769230769231 0.00898995240613432 0.026441036488630353
1 0.07932692307692307 0.71875 0.005817028027498678 0.006345848757271285
10 0.17067307692307693 0.40625 0.012162876784769962 0.010047593865679534
10 0.11538461538461539 0.39903846153846156 0.012162876784769962 0.010576414595452142
10 0.057692307692307696 0.39903846153846156 0.009518773135906928 0.011105235325224748
9 0.09615384615384616 0.4110576923076923 0.01850872554204125 0.017451084082496036
7 0.3798076923076923 0.9423076923076923 0.07773664727657324 0.07826546800634585
14 0.45913461538461536 0.9831730769230769 0.011634056054997356 0.022210470650449496
7 0.23076923076923078 0.9567307692307693 0.04547858276044421 0.04970914859862507
7 0.2091346153846154 0.8798076923076923 0.06874669487043893 0.07667900581702804
7 0.038461538461538464 0.8389423076923077 0.052882072977260705 0.06292966684294024
7 0.4254807692307692 0.3125 0.11475409836065574 0.06980433632998415
7 0.2548076923076923 0.6610576923076923 0.10153358011634056 0.20148069804336327
7 0.21394230769230768 0.6129807692307693 0.05499735589635114 0.08514013749338975
7 0.13701923076923078 0.6538461538461539 0.16234796404019036 0.1940772078265468
7 0.0625 0.6706730769230769 0.10047593865679534 0.10735060814383925
7 0.3293269230769231 0.6586538461538461 0.11475409836065574 0.2147012162876785
7 0.5769230769230769 0.7259615384615384 0.34955050237969326 0.16657852987837124
7 0.3894230769230769 0.7884615384615384 0.06028556319407721 0.07033315705975675
7 0.6514423076923077 0.6009615384615384 0.5325224748810153 0.22527763088313063
7 0.6658653846153846 0.5120192307692307 0.4997355896351137 0.20571126388154415
7 0.6682692307692307 0.43509615384615385 0.44579587519830777 0.18508725542041246
7 0.6634615384615384 0.36538461538461536 0.414595452141724 0.1792702273929138
7 0.6706730769230769 0.2764423076923077 0.340560549973559 0.15124272871496564
9 0.10576923076923077 0.4206730769230769 0.022210470650449496 0.020095187731359068
10 0.1346153846153846 0.43028846153846156 0.01269169751454257 0.009518773135906928
10 0.0625 0.5336538461538461 0.01269169751454257 0.011105235325224748
10 0.14182692307692307 0.4254807692307692 0.01269169751454257 0.009518773135906928
10 0.04326923076923077 0.5408653846153846 0.012162876784769962 0.010576414595452142
10 0.019230769230769232 0.5240384615384616 0.011105235325224748 0.009518773135906928
10 0.021634615384615384 0.5168269230769231 0.011634056054997356 0.008461131676361713
10 0.026442307692307692 0.5120192307692307 0.011634056054997356 0.010576414595452142
1 0.14423076923076922 0.47115384615384615 0.007932310946589107 0.011634056054997356
10 0.1201923076923077 0.4879807692307692 0.007403490216816499 0.01269169751454257
10 0.11057692307692307 0.5 0.006345848757271285 0.012162876784769962
10 0.10336538461538461 0.5 0.005817028027498678 0.010576414595452142
10 0.08653846153846154 0.5120192307692307 0.005817028027498678 0.011105235325224748
10 0.0985576923076923 0.5048076923076923 0.006345848757271285 0.012162876784769962
10 0.08413461538461539 0.5 0.005288207297726071 0.010576414595452142
10 0.07932692307692307 0.5048076923076923 0.004759386567953464 0.010576414595452142
10 0.07451923076923077 0.5072115384615384 0.005288207297726071 0.012162876784769962
10 0.06009615384615385 0.4831730769230769 0.012162876784769962 0.00898995240613432
10 0.07932692307692307 0.46634615384615385 0.015864621893178214 0.013220518244315176
10 0.08413461538461539 0.46153846153846156 0.01269169751454257 0.011105235325224748
10 0.0889423076923077 0.45913461538461536 0.014806980433632998 0.011105235325224748
10 0.09615384615384616 0.4543269230769231 0.01269169751454257 0.010576414595452142
10 0.10576923076923077 0.44711538461538464 0.010576414595452142 0.00898995240613432
9 0.040865384615384616 0.4519230769230769 0.01956636700158646 0.01797990481226864
10 0.06009615384615385 0.43509615384615385 0.013220518244315176 0.01269169751454257
1 0.09375 0.7091346153846154 0.006345848757271285 0.006874669487043892
1 0.1466346153846154 0.7331730769230769 0.03225806451612903 0.02168164992067689
1 0.27403846153846156 0.34615384615384615 0.006345848757271285 0.013749338974087784
1 0.18028846153846154 0.45913461538461536 0.010047593865679534 0.010047593865679534
10 0.24519230769230768 0.4807692307692308 0.007932310946589107 0.010047593865679534
10 0.23798076923076922 0.49038461538461536 0.005288207297726071 0.010576414595452142
10 0.23076923076923078 0.49278846153846156 0.006345848757271285 0.01269169751454257
10 0.22115384615384615 0.4951923076923077 0.006874669487043892 0.01269169751454257
10 0.21394230769230768 0.4951923076923077 0.007403490216816499 0.011105235325224748
1 0.2692307692307692 0.5817307692307693 0.016922263352723427 0.006345848757271285
1 0.2668269230769231 0.5889423076923077 0.01797990481226864 0.008461131676361713
1 0.2644230769230769 0.5985576923076923 0.016922263352723427 0.009518773135906928
1 0.24278846153846154 0.5697115384615384 0.01850872554204125 0.007403490216816499
1 0.18269230769230768 0.5576923076923077 0.006874669487043892 0.011634056054997356
1 0.20192307692307693 0.5576923076923077 0.009518773135906928 0.006874669487043892
1 0.1971153846153846 0.5673076923076923 0.024325753569539924 0.013220518244315176
1 0.21634615384615385 0.5769230769230769 0.017451084082496036 0.008461131676361713
1 0.23317307692307693 0.5889423076923077 0.014806980433632998 0.02855631940772078
1 0.21394230769230768 0.5865384615384616 0.01797990481226864 0.010047593865679534
1 0.2091346153846154 0.59375 0.02168164992067689 0.010576414595452142
1 0.2620192307692308 0.6057692307692307 0.01850872554204125 0.011105235325224748
1 0.2620192307692308 0.6129807692307693 0.01427815970386039 0.008461131676361713
1 0.25721153846153844 0.6201923076923077 0.017451084082496036 0.010576414595452142
1 0.23557692307692307 0.6057692307692307 0.006874669487043892 0.005817028027498678
1 0.22596153846153846 0.6153846153846154 0.016393442622950817 0.02591221575885775
1 0.18269230769230768 0.4567307692307692 0.006874669487043892 0.010576414595452142
1 0.1778846153846154 0.4543269230769231 0.010047593865679534 0.011634056054997356
1 0.27884615384615385 0.6298076923076923 0.021152829190904283 0.013749338974087784
10 0.2283653846153846 0.4639423076923077 0.011634056054997356 0.009518773135906928
10 0.2548076923076923 0.3557692307692308 0.005288207297726071 0.011105235325224748
10 0.28125 0.37259615384615385 0.005288207297726071 0.011105235325224748
10 0.2764423076923077 0.375 0.004759386567953464 0.011634056054997356
10 0.2692307692307692 0.3798076923076923 0.005288207297726071 0.011634056054997356
10 0.28365384615384615 0.3870192307692308 0.006345848757271285 0.01269169751454257
10 0.27163461538461536 0.3918269230769231 0.005288207297726071 0.010576414595452142
10 0.2644230769230769 0.38461538461538464 0.004759386567953464 0.011634056054997356
10 0.24519230769230768 0.4110576923076923 0.006874669487043892 0.011634056054997356
10 0.20432692307692307 0.38461538461538464 0.009518773135906928 0.00898995240613432
10 0.20432692307692307 0.3581730769230769 0.011105235325224748 0.010047593865679534
10 0.17548076923076922 0.3605769230769231 0.010576414595452142 0.009518773135906928
10 0.19471153846153846 0.3942307692307692 0.011634056054997356 0.009518773135906928
10 0.1875 0.39663461538461536 0.010047593865679534 0.008461131676361713
10 0.18028846153846154 0.39903846153846156 0.012162876784769962 0.010576414595452142
10 0.21875 0.41346153846153844 0.006345848757271285 0.010576414595452142
10 0.23798076923076922 0.4182692307692308 0.005817028027498678 0.012162876784769962
10 0.23557692307692307 0.44471153846153844 0.010576414595452142 0.00898995240613432
10 0.2283653846153846 0.4495192307692308 0.011105235325224748 0.009518773135906928
10 0.24519230769230768 0.4519230769230769 0.011634056054997356 0.010576414595452142
10 0.2403846153846154 0.4567307692307692 0.011105235325224748 0.009518773135906928
10 0.23317307692307693 0.46153846153846156 0.011105235325224748 0.010047593865679534
1 0.20673076923076922 0.6081730769230769 0.01797990481226864 0.011105235325224748
1 0.2548076923076923 0.6346153846153846 0.017451084082496036 0.011105235325224748
1 0.12980769230769232 0.7403846153846154 0.006874669487043892 0.00898995240613432
1 0.30288461538461536 0.7091346153846154 0.02168164992067689 0.012162876784769962
1 0.25721153846153844 0.6875 0.026441036488630353 0.009518773135906928
1 0.2956730769230769 0.7235576923076923 0.023268112109994712 0.009518773135906928
1 0.2956730769230769 0.7307692307692307 0.020095187731359068 0.00898995240613432
1 0.2932692307692308 0.7403846153846154 0.022739291380222106 0.013749338974087784
1 0.18028846153846154 0.6971153846153846 0.01797990481226864 0.013749338974087784
1 0.2283653846153846 0.6899038461538461 0.019037546271813855 0.00898995240613432
1 0.1778846153846154 0.7067307692307693 0.020095187731359068 0.015335801163405605
1 0.2548076923076923 0.6971153846153846 0.023796932839767318 0.013749338974087784
1 0.25240384615384615 0.7067307692307693 0.026441036488630353 0.016393442622950817
1 0.22355769230769232 0.7067307692307693 0.020624008461131677 0.00898995240613432
1 0.1778846153846154 0.7163461538461539 0.019037546271813855 0.014806980433632998
1 0.2932692307692308 0.7475961538461539 0.019037546271813855 0.008461131676361713
1 0.25 0.71875 0.022210470650449496 0.015864621893178214
1 0.24519230769230768 0.7283653846153846 0.02591221575885775 0.015864621893178214
1 0.21875 0.7307692307692307 0.020095187731359068 0.007932310946589107
1 0.21394230769230768 0.7403846153846154 0.020624008461131677 0.007932310946589107
1 0.18028846153846154 0.7283653846153846 0.01850872554204125 0.015335801163405605
1 0.24278846153846154 0.7524038461538461 0.02538339502908514 0.012162876784769962
1 0.21634615384615385 0.75 0.02168164992067689 0.007403490216816499
1 0.02403846153846154 0.8221153846153846 0.01956636700158646 0.007932310946589107
1 0.15144230769230768 0.7475961538461539 0.04336329984135378 0.03172924378635643
1 0.3004807692307692 0.7163461538461539 0.022210470650449496 0.012162876784769962
1 0.18028846153846154 0.6875 0.020624008461131677 0.016393442622950817
1 0.20192307692307693 0.6153846153846154 0.017451084082496036 0.011105235325224748
1 0.30288461538461536 0.6995192307692307 0.023268112109994712 0.012162876784769962
1 0.20192307692307693 0.625 0.015335801163405605 0.010047593865679534
1 0.2764423076923077 0.6394230769230769 0.020624008461131677 0.009518773135906928
1 0.25240384615384615 0.6418269230769231 0.015864621893178214 0.010576414595452142
1 0.24759615384615385 0.6490384615384616 0.015864621893178214 0.011105235325224748
1 0.27403846153846156 0.6490384615384616 0.02168164992067689 0.013220518244315176
1 0.27163461538461536 0.6586538461538461 0.021152829190904283 0.011105235325224748
1 0.24759615384615385 0.6586538461538461 0.016922263352723427 0.010047593865679534
1 0.22115384615384615 0.6394230769230769 0.01269169751454257 0.022210470650449496
1 0.2091346153846154 0.6442307692307693 0.011105235325224748 0.02538339502908514
1 0.17067307692307693 0.6394230769230769 0.023796932839767318 0.015335801163405605
1 0.17307692307692307 0.6442307692307693 0.022210470650449496 0.015335801163405605
1 0.17548076923076922 0.6538461538461539 0.020095187731359068 0.014806980433632998
1 0.18028846153846154 0.6586538461538461 0.020624008461131677 0.015864621893178214
1 0.18269230769230768 0.6682692307692307 0.01850872554204125 0.013749338974087784
1 0.14903846153846154 0.6658653846153846 0.029613960867265997 0.022210470650449496
1 0.15625 0.6730769230769231 0.026969857218402962 0.020095187731359068
1 0.2692307692307692 0.6658653846153846 0.020624008461131677 0.011634056054997356
1 0.18028846153846154 0.6778846153846154 0.017451084082496036 0.01427815970386039
1 0.2644230769230769 0.6778846153846154 0.01850872554204125 0.007403490216816499
1 0.23798076923076922 0.6730769230769231 0.024854574299312534 0.010047593865679534
1 0.30528846153846156 0.6923076923076923 0.020624008461131677 0.011634056054997356
1 0.46634615384615385 0.6754807692307693 0.015864621893178214 0.023268112109994712
1 0.47596153846153844 0.6754807692307693 0.015864621893178214 0.029613960867265997
1 0.4879807692307692 0.6706730769230769 0.017451084082496036 0.02908514013749339
1 0.8221153846153846 0.3004807692307692 0.014806980433632998 0.02538339502908514
1 0.7716346153846154 0.31490384615384615 0.015864621893178214 0.02749867794817557
1 0.7620192307692307 0.32211538461538464 0.013749338974087784 0.022210470650449496
1 0.7524038461538461 0.3245192307692308 0.015335801163405605 0.02749867794817557
1 0.7403846153846154 0.3269230769230769 0.016922263352723427 0.02538339502908514
1 0.7307692307692307 0.3317307692307692 0.015335801163405605 0.024854574299312534
1 0.7211538461538461 0.33413461538461536 0.013220518244315176 0.026969857218402962
1 0.8052884615384616 0.33413461538461536 0.011105235325224748 0.016393442622950817
1 0.7980769230769231 0.33653846153846156 0.00898995240613432 0.015864621893178214
1 0.7884615384615384 0.34134615384615385 0.010576414595452142 0.01427815970386039
1 0.78125 0.34134615384615385 0.011634056054997356 0.015335801163405605
1 0.7644230769230769 0.34615384615384615 0.011105235325224748 0.01797990481226864
1 0.7548076923076923 0.35096153846153844 0.013220518244315176 0.01956636700158646
1 0.7475961538461539 0.35096153846153844 0.010047593865679534 0.015335801163405605
1 0.7403846153846154 0.3557692307692308 0.011634056054997356 0.01850872554204125
1 0.7307692307692307 0.3581730769230769 0.013220518244315176 0.01956636700158646
1 0.7235576923076923 0.3605769230769231 0.013220518244315176 0.019037546271813855
1 0.8389423076923077 0.36538461538461536 0.010576414595452142 0.017451084082496036
1 0.8293269230769231 0.36778846153846156 0.012162876784769962 0.01850872554204125
1 0.8221153846153846 0.3701923076923077 0.011634056054997356 0.01850872554204125
1 0.8389423076923077 0.3894230769230769 0.01269169751454257 0.019037546271813855
1 0.8293269230769231 0.3918269230769231 0.013220518244315176 0.02168164992067689
1 0.7836538461538461 0.31490384615384615 0.013220518244315176 0.02168164992067689
1 0.8341346153846154 0.2932692307692308 0.013220518244315176 0.020095187731359068
1 0.8052884615384616 0.375 0.010576414595452142 0.017451084082496036
1 0.8125 0.3293269230769231 0.009518773135906928 0.014806980433632998
1 0.875 0.5865384615384616 0.020095187731359068 0.021152829190904283
1 0.8653846153846154 0.59375 0.01797990481226864 0.020095187731359068
1 0.8557692307692307 0.6009615384615384 0.016922263352723427 0.017451084082496036
9 0.9471153846153846 0.6298076923076923 0.008461131676361713 0.019037546271813855
1 0.8942307692307693 0.6610576923076923 0.02538339502908514 0.01269169751454257
1 0.8942307692307693 0.6754807692307693 0.024325753569539924 0.011634056054997356
1 0.8846153846153846 0.7043269230769231 0.016922263352723427 0.020624008461131677
1 0.7596153846153846 0.23317307692307693 0.010576414595452142 0.016393442622950817
1 0.7524038461538461 0.23317307692307693 0.00898995240613432 0.015864621893178214
1 0.7451923076923077 0.23557692307692307 0.010576414595452142 0.01427815970386039
1 0.7235576923076923 0.24278846153846154 0.011105235325224748 0.017451084082496036
1 0.7163461538461539 0.24519230769230768 0.011105235325224748 0.016922263352723427
1 0.7836538461538461 0.25 0.01427815970386039 0.02538339502908514
1 0.7716346153846154 0.25240384615384615 0.01427815970386039 0.023796932839767318
1 0.7524038461538461 0.25961538461538464 0.015335801163405605 0.02591221575885775
1 0.7403846153846154 0.2620192307692308 0.014806980433632998 0.020095187731359068
1 0.7331730769230769 0.2668269230769231 0.014806980433632998 0.024325753569539924
1 0.7211538461538461 0.27163461538461536 0.016922263352723427 0.023796932839767318
1 0.8389423076923077 0.32211538461538464 0.011634056054997356 0.016922263352723427
1 0.8293269230769231 0.3245192307692308 0.012162876784769962 0.01850872554204125
1 0.8221153846153846 0.3293269230769231 0.010047593865679534 0.016393442622950817
1 0.8125 0.37259615384615385 0.011634056054997356 0.01797990481226864
1 0.7980769230769231 0.37740384615384615 0.011105235325224748 0.016393442622950817
1 0.8942307692307693 0.5649038461538461 0.017451084082496036 0.017451084082496036
1 0.8100961538461539 0.44711538461538464 0.013220518244315176 0.02168164992067689
1 0.7908653846153846 0.4543269230769231 0.012162876784769962 0.01956636700158646
1 0.7836538461538461 0.4567307692307692 0.012162876784769962 0.020095187731359068
1 0.7740384615384616 0.45913461538461536 0.01269169751454257 0.020624008461131677
1 0.7644230769230769 0.46153846153846156 0.01269169751454257 0.021152829190904283
1 0.7548076923076923 0.4639423076923077 0.012162876784769962 0.015864621893178214
1 0.7475961538461539 0.46875 0.011634056054997356 0.01956636700158646
1 0.7379807692307693 0.47115384615384615 0.01269169751454257 0.019037546271813855
1 0.7283653846153846 0.47596153846153844 0.013749338974087784 0.020095187731359068
1 0.7211538461538461 0.47836538461538464 0.011634056054997356 0.01850872554204125
1 0.7115384615384616 0.4807692307692308 0.01269169751454257 0.020095187731359068
1 0.7692307692307693 0.4879807692307692 0.012162876784769962 0.020095187731359068
1 0.7596153846153846 0.49038461538461536 0.013220518244315176 0.022210470650449496
1 0.75 0.4951923076923077 0.011634056054997356 0.022210470650449496
1 0.7403846153846154 0.5 0.013220518244315176 0.020095187731359068
1 0.7307692307692307 0.5024038461538461 0.015335801163405605 0.024325753569539924
1 0.7235576923076923 0.5048076923076923 0.016393442622950817 0.02591221575885775
1 0.7139423076923077 0.5072115384615384 0.015335801163405605 0.022210470650449496
1 0.8317307692307693 0.5216346153846154 0.01427815970386039 0.024325753569539924
1 0.8221153846153846 0.5240384615384616 0.015335801163405605 0.023268112109994712
1 0.8389423076923077 0.5504807692307693 0.011634056054997356 0.015335801163405605
1 0.8317307692307693 0.5552884615384616 0.014806980433632998 0.02591221575885775
1 0.8004807692307693 0.4495192307692308 0.012162876784769962 0.020624008461131677
1 0.8173076923076923 0.44471153846153844 0.011634056054997356 0.020095187731359068
1 0.7884615384615384 0.38221153846153844 0.011105235325224748 0.017451084082496036
1 0.7980769230769231 0.4807692307692308 0.011634056054997356 0.01850872554204125
1 0.7716346153846154 0.38461538461538464 0.011105235325224748 0.015335801163405605
1 0.7572115384615384 0.3918269230769231 0.013749338974087784 0.019037546271813855
1 0.7379807692307693 0.39663461538461536 0.012162876784769962 0.020095187731359068
1 0.7307692307692307 0.39903846153846156 0.011105235325224748 0.019037546271813855
1 0.7235576923076923 0.40384615384615385 0.01269169751454257 0.017451084082496036
1 0.7139423076923077 0.40625 0.01427815970386039 0.020095187731359068
1 0.8125 0.39903846153846156 0.01427815970386039 0.02168164992067689
1 0.8028846153846154 0.4014423076923077 0.013220518244315176 0.020624008461131677
1 0.7860576923076923 0.40865384615384615 0.014806980433632998 0.022210470650449496
1 0.7668269230769231 0.41346153846153844 0.013749338974087784 0.019037546271813855
1 0.7596153846153846 0.41586538461538464 0.011634056054997356 0.016922263352723427
1 0.75 0.4182692307692308 0.014806980433632998 0.01956636700158646
1 0.7427884615384616 0.4230769230769231 0.01427815970386039 0.020624008461131677
1 0.7235576923076923 0.42788461538461536 0.01269169751454257 0.020624008461131677
1 0.7139423076923077 0.4326923076923077 0.012162876784769962 0.01956636700158646
1 0.7067307692307693 0.4326923076923077 0.012162876784769962 0.01956636700158646
1 0.8365384615384616 0.43990384615384615 0.009518773135906928 0.01850872554204125
1 0.8341346153846154 0.46634615384615385 0.01427815970386039 0.022210470650449496
1 0.8269230769230769 0.46875 0.012162876784769962 0.019037546271813855
1 0.8173076923076923 0.47115384615384615 0.014806980433632998 0.02168164992067689
1 0.8076923076923077 0.47596153846153844 0.012162876784769962 0.02168164992067689
1 0.8846153846153846 0.5745192307692307 0.019037546271813855 0.019037546271813855
1 0.9543269230769231 0.5625 0.02749867794817557 0.00898995240613432
1 0.8052884615384616 0.53125 0.013220518244315176 0.021152829190904283
10 0.9447115384615384 0.15625 0.008461131676361713 0.013749338974087784
1 0.9254807692307693 0.125 0.01797990481226864 0.01427815970386039
1 0.9471153846153846 0.09134615384615384 0.015864621893178214 0.007403490216816499
1 0.8149038461538461 0.17548076923076922 0.010047593865679534 0.015335801163405605
1 0.8100961538461539 0.17548076923076922 0.011105235325224748 0.015335801163405605
1 0.8028846153846154 0.18028846153846154 0.011634056054997356 0.016922263352723427
1 0.7956730769230769 0.18028846153846154 0.00898995240613432 0.013220518244315176
1 0.7884615384615384 0.18269230769230768 0.009518773135906928 0.014806980433632998
1 0.78125 0.18509615384615385 0.010576414595452142 0.016393442622950817
1 0.7740384615384616 0.1875 0.010047593865679534 0.014806980433632998
1 0.7668269230769231 0.18990384615384615 0.010576414595452142 0.015335801163405605
1 0.7596153846153846 0.19230769230769232 0.011105235325224748 0.016922263352723427
1 0.7524038461538461 0.19471153846153846 0.010047593865679534 0.015864621893178214
1 0.7451923076923077 0.1971153846153846 0.011105235325224748 0.015864621893178214
1 0.7331730769230769 0.20192307692307693 0.009518773135906928 0.014806980433632998
1 0.8197115384615384 0.2091346153846154 0.010576414595452142 0.016922263352723427
1 0.8076923076923077 0.21394230769230768 0.011105235325224748 0.017451084082496036
1 0.8004807692307693 0.21875 0.012162876784769962 0.016922263352723427
1 0.7860576923076923 0.22355769230769232 0.010047593865679534 0.014806980433632998
1 0.7788461538461539 0.22355769230769232 0.010576414595452142 0.016393442622950817
1 0.7716346153846154 0.2283653846153846 0.011105235325224748 0.015335801163405605
1 0.8509615384615384 0.2403846153846154 0.01427815970386039 0.02168164992067689
1 0.8798076923076923 0.1346153846153846 0.017451084082496036 0.011105235325224748
10 0.96875 0.16826923076923078 0.01427815970386039 0.008461131676361713
1 0.8245192307692307 0.23557692307692307 0.016393442622950817 0.02591221575885775
10 0.9206730769230769 0.1778846153846154 0.009518773135906928 0.01269169751454257
1 0.23317307692307693 0.8846153846153846 0.01269169751454257 0.01850872554204125
1 0.2548076923076923 0.9639423076923077 0.012162876784769962 0.023796932839767318
1 0.24759615384615385 0.9350961538461539 0.011105235325224748 0.019037546271813855
10 0.9230769230769231 0.34615384615384615 0.011105235325224748 0.01269169751454257
10 0.9206730769230769 0.34134615384615385 0.011634056054997356 0.01269169751454257
10 0.9182692307692307 0.33413461538461536 0.010047593865679534 0.011634056054997356
10 0.9158653846153846 0.3269230769230769 0.011634056054997356 0.012162876784769962
10 0.9134615384615384 0.32211538461538464 0.011634056054997356 0.013220518244315176
10 0.9038461538461539 0.29086538461538464 0.014806980433632998 0.009518773135906928
10 0.8990384615384616 0.28365384615384615 0.011105235325224748 0.007932310946589107
10 0.9423076923076923 0.25240384615384615 0.011105235325224748 0.007403490216816499
10 0.9375 0.2403846153846154 0.01269169751454257 0.00898995240613432
10 0.8894230769230769 0.25240384615384615 0.011634056054997356 0.006874669487043892
10 0.9663461538461539 0.22115384615384615 0.008461131676361713 0.012162876784769962
10 0.9375 0.2283653846153846 0.010576414595452142 0.008461131676361713
10 0.9302884615384616 0.21875 0.014806980433632998 0.010047593865679534
10 0.9711538461538461 0.21634615384615385 0.008461131676361713 0.012162876784769962
10 0.9807692307692307 0.20432692307692307 0.007403490216816499 0.011634056054997356
10 0.9302884615384616 0.20432692307692307 0.015335801163405605 0.010576414595452142
10 0.9615384615384616 0.19230769230769232 0.01269169751454257 0.007403490216816499
10 0.9278846153846154 0.19951923076923078 0.01269169751454257 0.009518773135906928
1 0.8341346153846154 0.23317307692307693 0.01269169751454257 0.023796932839767318
1 0.8149038461538461 0.2403846153846154 0.014806980433632998 0.024854574299312534
1 0.8509615384615384 0.5432692307692307 0.011105235325224748 0.019037546271813855
1 0.8701923076923077 0.4254807692307692 0.012162876784769962 0.020095187731359068
1 0.8533653846153846 0.4326923076923077 0.013749338974087784 0.02168164992067689
1 0.84375 0.43509615384615385 0.013220518244315176 0.020624008461131677
1 0.90625 0.4375 0.03648863035430989 0.019037546271813855
1 0.8966346153846154 0.4543269230769231 0.010047593865679534 0.013749338974087784
1 0.8822115384615384 0.4495192307692308 0.015864621893178214 0.022210470650449496
1 0.8629807692307693 0.4543269230769231 0.01427815970386039 0.020624008461131677
1 0.8533653846153846 0.45913461538461536 0.012162876784769962 0.020095187731359068
1 0.9519230769230769 0.5144230769230769 0.006874669487043892 0.01427815970386039
1 0.9086538461538461 0.4879807692307692 0.02168164992067689 0.04177683765203596
1 0.8894230769230769 0.5 0.012162876784769962 0.01797990481226864
1 0.8798076923076923 0.5048076923076923 0.013220518244315176 0.024325753569539924
1 0.8701923076923077 0.5096153846153846 0.010576414595452142 0.02168164992067689
1 0.8605769230769231 0.5120192307692307 0.013220518244315176 0.021152829190904283
1 0.8413461538461539 0.5144230769230769 0.014806980433632998 0.026441036488630353
1 0.9447115384615384 0.5216346153846154 0.006874669487043892 0.014806980433632998
1 0.8918269230769231 0.5264423076923077 0.008461131676361713 0.015335801163405605
1 0.8846153846153846 0.53125 0.011634056054997356 0.016922263352723427
1 0.8677884615384616 0.5360576923076923 0.013220518244315176 0.020624008461131677
1 0.8581730769230769 0.5432692307692307 0.013749338974087784 0.020624008461131677
1 0.9278846153846154 0.5384615384615384 0.006874669487043892 0.01850872554204125
1 0.9206730769230769 0.5456730769230769 0.007932310946589107 0.01850872554204125
1 0.8629807692307693 0.42788461538461536 0.012162876784769962 0.01956636700158646
1 0.8822115384615384 0.4230769230769231 0.012162876784769962 0.020624008461131677
1 0.7932692307692307 0.24759615384615385 0.01427815970386039 0.023268112109994712
1 0.8966346153846154 0.41346153846153844 0.01427815970386039 0.023796932839767318
1 0.8509615384615384 0.2860576923076923 0.015864621893178214 0.02538339502908514
1 0.84375 0.2932692307692308 0.015335801163405605 0.024325753569539924
1 0.8725961538461539 0.30528846153846156 0.010047593865679534 0.013220518244315176
1 0.8629807692307693 0.3125 0.010576414595452142 0.016393442622950817
1 0.8533653846153846 0.3173076923076923 0.011634056054997356 0.017451084082496036
1 0.8461538461538461 0.31971153846153844 0.010047593865679534 0.015864621893178214
1 0.8870192307692307 0.34375 0.013220518244315176 0.020095187731359068
1 0.8774038461538461 0.3485576923076923 0.01427815970386039 0.024325753569539924
1 0.8701923076923077 0.35336538461538464 0.010047593865679534 0.016922263352723427
1 0.8629807692307693 0.3557692307692308 0.012162876784769962 0.019037546271813855
1 0.8533653846153846 0.3581730769230769 0.011634056054997356 0.019037546271813855
1 0.8461538461538461 0.3605769230769231 0.011634056054997356 0.01850872554204125
1 0.8966346153846154 0.37259615384615385 0.013220518244315176 0.02168164992067689
1 0.8846153846153846 0.375 0.011634056054997356 0.01797990481226864
1 0.8557692307692307 0.38221153846153844 0.011634056054997356 0.020095187731359068
1 0.8485576923076923 0.38461538461538464 0.011105235325224748 0.016922263352723427
10 0.9350961538461539 0.3870192307692308 0.010047593865679534 0.011105235325224748
10 0.9375 0.3942307692307692 0.009518773135906928 0.010576414595452142
1 0.90625 0.4014423076923077 0.01427815970386039 0.022210470650449496
10 0.9495192307692307 0.4254807692307692 0.009518773135906928 0.010047593865679534
10 0.9543269230769231 0.43028846153846156 0.01269169751454257 0.013220518244315176
1 0.8221153846153846 0.5600961538461539 0.01956636700158646 0.03225806451612903
1 0.7956730769230769 0.5360576923076923 0.012162876784769962 0.019037546271813855
1 0.5024038461538461 0.6346153846153846 0.014806980433632998 0.022210470650449496
1 0.6802884615384616 0.2860576923076923 0.016922263352723427 0.02908514013749339
1 0.6394230769230769 0.2980769230769231 0.01427815970386039 0.023268112109994712
1 0.6298076923076923 0.2980769230769231 0.013220518244315176 0.020095187731359068
1 0.6201923076923077 0.31009615384615385 0.016393442622950817 0.026441036488630353
1 0.6105769230769231 0.3076923076923077 0.015335801163405605 0.024854574299312534
1 0.5985576923076923 0.3125 0.015864621893178214 0.026441036488630353
1 0.5889423076923077 0.3173076923076923 0.017451084082496036 0.028027498677948178
1 0.5793269230769231 0.31971153846153844 0.01427815970386039 0.024854574299312534
1 0.5697115384615384 0.32211538461538464 0.015864621893178214 0.024854574299312534
1 0.7091346153846154 0.24759615384615385 0.00898995240613432 0.015335801163405605
1 0.7019230769230769 0.25 0.011634056054997356 0.015864621893178214
1 0.6899038461538461 0.2548076923076923 0.00898995240613432 0.013220518244315176
1 0.6826923076923077 0.25721153846153844 0.009518773135906928 0.015864621893178214
1 0.6754807692307693 0.25721153846153844 0.009518773135906928 0.013749338974087784
1 0.6682692307692307 0.2620192307692308 0.00898995240613432 0.013220518244315176
1 0.6610576923076923 0.2644230769230769 0.010576414595452142 0.015864621893178214
1 0.6538461538461539 0.2668269230769231 0.011105235325224748 0.016393442622950817
1 0.6466346153846154 0.2692307692307692 0.010576414595452142 0.014806980433632998
1 0.6274038461538461 0.2764423076923077 0.011105235325224748 0.016393442622950817
1 0.6201923076923077 0.27884615384615385 0.010576414595452142 0.015335801163405605
1 0.6129807692307693 0.28125 0.011105235325224748 0.016393442622950817
1 0.6057692307692307 0.28365384615384615 0.010576414595452142 0.015335801163405605
1 0.6514423076923077 0.2956730769230769 0.012162876784769962 0.023796932839767318
1 0.6923076923076923 0.28125 0.016393442622950817 0.026969857218402962
1 0.5793269230769231 0.2932692307692308 0.009518773135906928 0.015335801163405605
1 0.7019230769230769 0.27884615384615385 0.015335801163405605 0.024325753569539924
1 0.6418269230769231 0.3918269230769231 0.012162876784769962 0.016922263352723427
1 0.6225961538461539 0.3942307692307692 0.012162876784769962 0.016922263352723427
1 0.5985576923076923 0.40384615384615385 0.011105235325224748 0.016922263352723427
1 0.5913461538461539 0.40625 0.012162876784769962 0.01797990481226864
1 0.5817307692307693 0.40865384615384615 0.010047593865679534 0.016393442622950817
1 0.5745192307692307 0.4110576923076923 0.011634056054997356 0.016922263352723427
1 0.7115384615384616 0.3389423076923077 0.015864621893178214 0.024325753569539924
1 0.6899038461538461 0.34375 0.016922263352723427 0.026969857218402962
1 0.6802884615384616 0.34615384615384615 0.016393442622950817 0.026969857218402962
1 0.6682692307692307 0.3485576923076923 0.017451084082496036 0.026441036488630353
1 0.6586538461538461 0.3557692307692308 0.013749338974087784 0.024854574299312534
1 0.6490384615384616 0.3581730769230769 0.015864621893178214 0.024854574299312534
1 0.6298076923076923 0.37259615384615385 0.007932310946589107 0.007403490216816499
1 0.6394230769230769 0.3629807692307692 0.011105235325224748 0.016922263352723427
1 0.6298076923076923 0.36538461538461536 0.016922263352723427 0.024854574299312534
1 0.6201923076923077 0.3701923076923077 0.016393442622950817 0.024325753569539924
1 0.5985576923076923 0.375 0.015864621893178214 0.026969857218402962
1 0.5889423076923077 0.3798076923076923 0.015335801163405605 0.02538339502908514
1 0.5769230769230769 0.38461538461538464 0.014806980433632998 0.024325753569539924
1 0.5673076923076923 0.38461538461538464 0.01797990481226864 0.026969857218402962
1 0.7115384615384616 0.27403846153846156 0.013749338974087784 0.023268112109994712
1 0.5913461538461539 0.28846153846153844 0.011105235325224748 0.017451084082496036
1 0.5721153846153846 0.2956730769230769 0.009518773135906928 0.01797990481226864
1 0.6658653846153846 0.3798076923076923 0.011105235325224748 0.016393442622950817
1 0.5600961538461539 0.7524038461538461 0.008461131676361713 0.00898995240613432
1 0.5432692307692307 0.7451923076923077 0.033315705975674244 0.01956636700158646
1 0.5120192307692307 0.7668269230769231 0.035430988894764676 0.01956636700158646
1 0.5072115384615384 0.7548076923076923 0.03225806451612903 0.01956636700158646
1 0.44711538461538464 0.8028846153846154 0.030142781597038606 0.015864621893178214
1 0.44471153846153844 0.7908653846153846 0.029613960867265997 0.016922263352723427
1 0.4423076923076923 0.7788461538461539 0.03172924378635643 0.01850872554204125
1 0.5625 0.7115384615384616 0.01797990481226864 0.029613960867265997
1 0.5552884615384616 0.7163461538461539 0.01427815970386039 0.026441036488630353
1 0.5216346153846154 0.7235576923076923 0.020095187731359068 0.033315705975674244
1 0.5144230769230769 0.7355769230769231 0.011634056054997356 0.01797990481226864
1 0.5024038461538461 0.7331730769230769 0.014806980433632998 0.02591221575885775
1 0.4807692307692308 0.7403846153846154 0.015335801163405605 0.026969857218402962
1 0.47115384615384615 0.7451923076923077 0.016393442622950817 0.02908514013749339
1 0.46153846153846156 0.7475961538461539 0.01269169751454257 0.01850872554204125
1 0.4495192307692308 0.75 0.016393442622950817 0.026969857218402962
1 0.5673076923076923 0.6105769230769231 0.010576414595452142 0.020095187731359068
1 0.5600961538461539 0.6153846153846154 0.01269169751454257 0.020624008461131677
1 0.5480769230769231 0.6177884615384616 0.013220518244315176 0.02168164992067689
1 0.5408653846153846 0.6201923076923077 0.012162876784769962 0.022739291380222106
1 0.53125 0.625 0.011105235325224748 0.020095187731359068
1 0.5192307692307693 0.6586538461538461 0.016393442622950817 0.02749867794817557
1 0.5432692307692307 0.7572115384615384 0.029613960867265997 0.017451084082496036
1 0.5504807692307693 0.7692307692307693 0.03120042305658382 0.01850872554204125
1 0.71875 0.20673076923076922 0.009518773135906928 0.013749338974087784
1 0.5528846153846154 0.7788461538461539 0.024325753569539924 0.015335801163405605
1 0.6971153846153846 0.21394230769230768 0.010047593865679534 0.01427815970386039
1 0.6923076923076923 0.21634615384615385 0.00898995240613432 0.014806980433632998
1 0.6850961538461539 0.21875 0.010576414595452142 0.014806980433632998
1 0.6778846153846154 0.22115384615384615 0.009518773135906928 0.015335801163405605
1 0.6634615384615384 0.22596153846153846 0.007932310946589107 0.014806980433632998
1 0.65625 0.2283653846153846 0.011105235325224748 0.016393442622950817
1 0.6514423076923077 0.23076923076923078 0.010047593865679534 0.016393442622950817
1 0.6442307692307693 0.23317307692307693 0.011634056054997356 0.016393442622950817
1 0.6346153846153846 0.23557692307692307 0.011634056054997356 0.01797990481226864
1 0.6274038461538461 0.23798076923076922 0.010047593865679534 0.015335801163405605
1 0.6225961538461539 0.2403846153846154 0.010047593865679534 0.015335801163405605
1 0.6153846153846154 0.24278846153846154 0.010576414595452142 0.016922263352723427
1 0.6081730769230769 0.24519230769230768 0.010047593865679534 0.016393442622950817
1 0.6009615384615384 0.24759615384615385 0.011634056054997356 0.016922263352723427
1 0.59375 0.24759615384615385 0.00898995240613432 0.01427815970386039
1 0.5865384615384616 0.25240384615384615 0.010576414595452142 0.015335801163405605
1 0.5793269230769231 0.2548076923076923 0.010576414595452142 0.01797990481226864
1 0.5745192307692307 0.2548076923076923 0.010047593865679534 0.015864621893178214
14 0.4855769230769231 0.875 0.015864621893178214 0.01427815970386039
10 0.4855769230769231 0.9711538461538461 0.011105235325224748 0.006345848757271285
10 0.4735576923076923 0.9735576923076923 0.006345848757271285 0.012162876784769962
1 0.65625 0.38461538461538464 0.013220518244315176 0.017451084082496036
1 0.6730769230769231 0.37740384615384615 0.012162876784769962 0.016922263352723427
1 0.7860576923076923 0.5360576923076923 0.014806980433632998 0.023268112109994712
1 0.6466346153846154 0.6850961538461539 0.016393442622950817 0.02749867794817557
1 0.6274038461538461 0.6923076923076923 0.017451084082496036 0.02908514013749339
1 0.6177884615384616 0.6947115384615384 0.015864621893178214 0.028027498677948178
1 0.59375 0.6995192307692307 0.015864621893178214 0.02591221575885775
1 0.5841346153846154 0.7043269230769231 0.01797990481226864 0.029613960867265997
1 0.5745192307692307 0.7091346153846154 0.015864621893178214 0.028027498677948178
1 0.6129807692307693 0.625 0.016922263352723427 0.026441036488630353
1 0.6033653846153846 0.6298076923076923 0.016922263352723427 0.026969857218402962
1 0.59375 0.6346153846153846 0.01797990481226864 0.02855631940772078
1 0.6995192307692307 0.5649038461538461 0.011634056054997356 0.017451084082496036
1 0.6802884615384616 0.5745192307692307 0.011634056054997356 0.02168164992067689
1 0.6730769230769231 0.5769230769230769 0.00898995240613432 0.013749338974087784
1 0.6610576923076923 0.5793269230769231 0.012162876784769962 0.020624008461131677
1 0.6538461538461539 0.5817307692307693 0.013220518244315176 0.022210470650449496
1 0.6442307692307693 0.5865384615384616 0.01269169751454257 0.02168164992067689
1 0.6346153846153846 0.5889423076923077 0.015864621893178214 0.02168164992067689
1 0.625 0.5913461538461539 0.01269169751454257 0.02168164992067689
1 0.6153846153846154 0.5961538461538461 0.012162876784769962 0.020624008461131677
1 0.6057692307692307 0.5985576923076923 0.013749338974087784 0.022739291380222106
1 0.5961538461538461 0.6009615384615384 0.01269169751454257 0.023268112109994712
1 0.5865384615384616 0.6057692307692307 0.014806980433632998 0.022210470650449496
1 0.5793269230769231 0.6081730769230769 0.01427815970386039 0.02168164992067689
1 0.6370192307692307 0.6875 0.014806980433632998 0.02749867794817557
1 0.6586538461538461 0.6802884615384616 0.017451084082496036 0.02749867794817557
1 0.6947115384615384 0.4855769230769231 0.013749338974087784 0.021152829190904283
1 0.6682692307692307 0.6754807692307693 0.016393442622950817 0.026441036488630353
1 0.7764423076923077 0.5408653846153846 0.01269169751454257 0.01956636700158646
1 0.7668269230769231 0.5432692307692307 0.014806980433632998 0.022739291380222106
1 0.7572115384615384 0.5480769230769231 0.011105235325224748 0.020095187731359068
1 0.7475961538461539 0.5456730769230769 0.009518773135906928 0.01427815970386039
1 0.7283653846153846 0.5576923076923077 0.013220518244315176 0.020624008461131677
1 0.71875 0.5600961538461539 0.011105235325224748 0.019037546271813855
1 0.7115384615384616 0.5625 0.013220518244315176 0.021152829190904283
1 0.7403846153846154 0.59375 0.022739291380222106 0.0375462718138551
1 0.7115384615384616 0.5985576923076923 0.021152829190904283 0.03648863035430989
1 0.6995192307692307 0.5985576923076923 0.016922263352723427 0.02855631940772078
1 0.7235576923076923 0.6490384615384616 0.006345848757271285 0.011634056054997356
1 0.7307692307692307 0.6538461538461539 0.01956636700158646 0.033315705975674244
1 0.7091346153846154 0.6610576923076923 0.015864621893178214 0.02749867794817557
14 0.8076923076923077 0.7980769230769231 0.02749867794817557 0.017451084082496036
1 0.7572115384615384 0.7427884615384616 0.032786885245901634 0.019037546271813855
1 0.7259615384615384 0.7524038461538461 0.032786885245901634 0.01956636700158646
1 0.6610576923076923 0.7764423076923077 0.03225806451612903 0.019037546271813855
1 0.6298076923076923 0.7860576923076923 0.026441036488630353 0.016393442622950817
1 0.6995192307692307 0.6658653846153846 0.016393442622950817 0.026441036488630353
1 0.6899038461538461 0.6682692307692307 0.01850872554204125 0.030142781597038606
1 0.6778846153846154 0.6730769230769231 0.017451084082496036 0.028027498677948178
1 0.7019230769230769 0.4831730769230769 0.01269169751454257 0.020095187731359068
1 0.6850961538461539 0.49038461538461536 0.012162876784769962 0.019037546271813855
1 0.6826923076923077 0.375 0.010047593865679534 0.017451084082496036
1 0.6346153846153846 0.45913461538461536 0.010576414595452142 0.016922263352723427
1 0.6177884615384616 0.4639423076923077 0.011105235325224748 0.01956636700158646
1 0.6081730769230769 0.46634615384615385 0.012162876784769962 0.01797990481226864
1 0.5889423076923077 0.4735576923076923 0.013749338974087784 0.020095187731359068
1 0.5817307692307693 0.47836538461538464 0.010047593865679534 0.019037546271813855
1 0.5721153846153846 0.47836538461538464 0.013220518244315176 0.019037546271813855
1 0.6995192307692307 0.4110576923076923 0.012162876784769962 0.020095187731359068
1 0.6899038461538461 0.41346153846153844 0.011634056054997356 0.017451084082496036
1 0.6754807692307693 0.4206730769230769 0.00898995240613432 0.015335801163405605
1 0.6658653846153846 0.4230769230769231 0.013220518244315176 0.01850872554204125
1 0.6586538461538461 0.4254807692307692 0.011634056054997356 0.01850872554204125
1 0.6490384615384616 0.43028846153846156 0.011105235325224748 0.016922263352723427
1 0.6418269230769231 0.4326923076923077 0.012162876784769962 0.016922263352723427
1 0.6346153846153846 0.43509615384615385 0.011105235325224748 0.017451084082496036
1 0.6177884615384616 0.43990384615384615 0.013749338974087784 0.020624008461131677
1 0.5913461538461539 0.44471153846153844 0.013749338974087784 0.022210470650449496
1 0.5841346153846154 0.4495192307692308 0.013220518244315176 0.01956636700158646
1 0.5769230769230769 0.4519230769230769 0.011634056054997356 0.019037546271813855
1 0.5600961538461539 0.45913461538461536 0.011105235325224748 0.015864621893178214
1 0.7139423076923077 0.36538461538461536 0.011634056054997356 0.016922263352723427
1 0.7067307692307693 0.36778846153846156 0.010576414595452142 0.017451084082496036
1 0.6899038461538461 0.37259615384615385 0.010047593865679534 0.015864621893178214
1 0.625 0.46153846153846156 0.013749338974087784 0.020624008461131677
1 0.6610576923076923 0.4495192307692308 0.01269169751454257 0.01956636700158646
1 0.7019230769230769 0.5096153846153846 0.01269169751454257 0.020624008461131677
1 0.6706730769230769 0.44711538461538464 0.013220518244315176 0.020095187731359068
1 0.6947115384615384 0.5144230769230769 0.013220518244315176 0.02168164992067689
1 0.6754807692307693 0.49278846153846156 0.013749338974087784 0.01956636700158646
1 0.6850961538461539 0.5168269230769231 0.01269169751454257 0.02168164992067689
1 0.6490384615384616 0.49759615384615385 0.010047593865679534 0.016922263352723427
1 0.6658653846153846 0.5240384615384616 0.016393442622950817 0.023268112109994712
1 0.65625 0.5264423076923077 0.01427815970386039 0.020095187731359068
1 0.6466346153846154 0.5288461538461539 0.015335801163405605 0.022210470650449496
1 0.6370192307692307 0.5336538461538461 0.01269169751454257 0.022210470650449496
1 0.6274038461538461 0.5360576923076923 0.016393442622950817 0.023268112109994712
1 0.6322115384615384 0.5072115384615384 0.012162876784769962 0.019037546271813855
1 0.6153846153846154 0.5144230769230769 0.015864621893178214 0.020624008461131677
1 0.5961538461538461 0.5192307692307693 0.011634056054997356 0.01956636700158646
1 0.5865384615384616 0.5216346153846154 0.013220518244315176 0.021152829190904283
1 0.6081730769230769 0.5432692307692307 0.013749338974087784 0.022739291380222106
1 0.5985576923076923 0.5456730769230769 0.013749338974087784 0.021152829190904283
1 0.5913461538461539 0.5504807692307693 0.013220518244315176 0.02168164992067689
1 0.5793269230769231 0.5528846153846154 0.014806980433632998 0.02168164992067689
1 0.5697115384615384 0.5264423076923077 0.012162876784769962 0.017451084082496036
1 0.6971153846153846 0.43509615384615385 0.013220518244315176 0.019037546271813855
1 0.6875 0.43990384615384615 0.010576414595452142 0.019037546271813855
1 0.6778846153846154 0.4423076923076923 0.013220518244315176 0.021152829190904283
7 0.6634615384615384 0.22355769230769232 0.31411951348492856 0.12533051295610786
