0 0.71875 0.8798076923076923 0.06265560165975104 0.04854771784232365
0 0.8918269230769231 0.2644230769230769 0.051452282157676346 0.04564315352697095
0 0.8774038461538461 0.84375 0.04854771784232365 0.05435684647302905
0 0.8894230769230769 0.8557692307692307 0.04647302904564315 0.05394190871369294
0 0.7668269230769231 0.9399038461538461 0.06265560165975104 0.026556016597510373
0 0.8365384615384616 0.8076923076923077 0.04605809128630705 0.05269709543568465
0 0.8485576923076923 0.8197115384615384 0.04730290456431536 0.05560165975103734
0 0.78125 0.7788461538461539 0.04439834024896265 0.053526970954356844
0 0.7668269230769231 0.7716346153846154 0.04564315352697095 0.05601659751037344
0 0.7884615384615384 0.34615384615384615 0.043153526970954356 0.054771784232365145
0 0.4423076923076923 0.3918269230769231 0.041908713692946055 0.05726141078838175
0 0.33653846153846156 0.5985576923076923 0.048132780082987554 0.05269709543568465
0 0.41346153846153844 0.5504807692307693 0.04232365145228216 0.054771784232365145
0 0.3798076923076923 0.5817307692307693 0.046887966804979246 0.054771784232365145
0 0.3629807692307692 0.5793269230769231 0.04730290456431536 0.05560165975103734
0 0.34134615384615385 0.5264423076923077 0.046887966804979246 0.05518672199170124
0 0.29086538461538464 0.5408653846153846 0.05560165975103734 0.043153526970954356
0 0.2860576923076923 0.5576923076923077 0.05062240663900415 0.044813278008298756
0 0.40625 0.40384615384615385 0.04564315352697095 0.05601659751037344
0 0.33653846153846156 0.40625 0.04232365145228216 0.059336099585062245
0 0.3245192307692308 0.4110576923076923 0.04273858921161826 0.05684647302904565
0 0.30528846153846156 0.4110576923076923 0.03900414937759336 0.05892116182572614
0 0.28846153846153844 0.4182692307692308 0.04149377593360996 0.058091286307053944
0 0.23798076923076922 0.4254807692307692 0.03568464730290456 0.05892116182572614
0 0.22596153846153846 0.43509615384615385 0.04024896265560166 0.06016597510373444
0 0.20673076923076922 0.44471153846153844 0.034854771784232366 0.05892116182572614
0 0.1875 0.44471153846153844 0.03651452282157676 0.06058091286307054
0 0.15625 0.4519230769230769 0.01867219917012448 0.06265560165975104
0 0.14182692307692307 0.4639423076923077 0.014522821576763486 0.05643153526970954
0 0.8822115384615384 0.27403846153846156 0.051452282157676346 0.04605809128630705
0 0.8990384615384616 0.25240384615384615 0.051452282157676346 0.04564315352697095
0 0.13221153846153846 0.9735576923076923 0.01037344398340249 0.01784232365145228
0 0.9206730769230769 0.23317307692307693 0.04854771784232365 0.04107883817427386
0 0.12980769230769232 0.9543269230769231 0.008713692946058092 0.016597510373443983
0 0.10096153846153846 0.9663461538461539 0.008713692946058092 0.01825726141078838
0 0.09615384615384616 0.9086538461538461 0.008298755186721992 0.01867219917012448
0 0.12740384615384615 0.9158653846153846 0.008713692946058092 0.015767634854771784
0 0.07932692307692307 0.8293269230769231 0.009543568464730291 0.015352697095435684
0 0.06009615384615385 0.8485576923076923 0.015767634854771784 0.00995850622406639
0 0.1201923076923077 0.8653846153846154 0.008713692946058092 0.014107883817427384
0 0.21394230769230768 0.7379807692307693 0.01784232365145228 0.011618257261410787
0 0.23076923076923078 0.7307692307692307 0.017427385892116183 0.012448132780082988
0 0.19471153846153846 0.7331730769230769 0.01950207468879668 0.014522821576763486
0 0.17307692307692307 0.7524038461538461 0.01867219917012448 0.012448132780082988
0 0.11538461538461539 0.8028846153846154 0.008713692946058092 0.015767634854771784
0 0.11298076923076923 0.7860576923076923 0.009543568464730291 0.016182572614107885
0 0.10817307692307693 0.7403846153846154 0.008713692946058092 0.016182572614107885
0 0.0625 0.7379807692307693 0.01784232365145228 0.010788381742738589
0 0.10576923076923077 0.7211538461538461 0.008298755186721992 0.012448132780082988
0 0.10096153846153846 0.6730769230769231 0.01037344398340249 0.01784232365145228
0 0.10096153846153846 0.65625 0.00995850622406639 0.01784232365145228
0 0.0985576923076923 0.6346153846153846 0.00912863070539419 0.015767634854771784
0 0.12259615384615384 0.5745192307692307 0.00912863070539419 0.016182572614107885
0 0.1346153846153846 0.5697115384615384 0.009543568464730291 0.015767634854771784
0 0.14423076923076922 0.5673076923076923 0.01037344398340249 0.016597510373443983
0 0.15144230769230768 0.5673076923076923 0.008298755186721992 0.013692946058091286
0 0.17067307692307693 0.5625 0.008713692946058092 0.016182572614107885
0 0.18269230769230768 0.5600961538461539 0.007883817427385892 0.014522821576763486
0 0.19230769230769232 0.5600961538461539 0.009543568464730291 0.016597510373443983
0 0.20673076923076922 0.5576923076923077 0.010788381742738589 0.014522821576763486
0 0.125 0.45913461538461536 0.01825726141078838 0.07012448132780083
