9 0.4423076923076923 0.6923076923076923 0.01876675603217158 0.007745010425975573
9 0.6081730769230769 0.20432692307692307 0.025618111408996128 0.015192135835567472
10 0.6105769230769231 0.03125 0.007745010425975573 0.011021745606196008
10 0.65625 0.15865384615384615 0.0071492403932082215 0.012213285671730714
10 0.6514423076923077 0.17067307692307693 0.008340780458742926 0.011021745606196008
10 0.6081730769230769 0.038461538461538464 0.009234435507893952 0.012511170688114387
10 0.6057692307692307 0.05048076923076923 0.0071492403932082215 0.01161751563896336
9 0.2860576923076923 0.34375 0.019362526064938934 0.014298480786416443
9 0.28365384615384615 0.35096153846153844 0.019958296097706288 0.013106940720881739
9 0.31490384615384615 0.44471153846153844 0.013404825737265416 0.017873100983020553
9 0.28125 0.4639423076923077 0.013404825737265416 0.018468871015787904
9 0.2980769230769231 0.5072115384615384 0.013702710753649093 0.017277330950253203
9 0.2860576923076923 0.5 0.014000595770032766 0.019660411081322608
9 0.27884615384615385 0.49759615384615385 0.013702710753649093 0.01876675603217158
9 0.27163461538461536 0.4951923076923077 0.014298480786416443 0.019362526064938934
9 0.24759615384615385 0.5360576923076923 0.03425677688412273 0.021745606196008342
9 0.25961538461538464 0.5528846153846154 0.01817098599940423 0.012511170688114387
9 0.25721153846153844 0.5600961538461539 0.01757521596663688 0.012511170688114387
9 0.25240384615384615 0.5673076923076923 0.018468871015787904 0.014894250819183795
10 0.3173076923076923 0.3389423076923077 0.011915400655347037 0.011915400655347037
10 0.3245192307692308 0.34134615384615385 0.01161751563896336 0.011319630622579683
9 0.2956730769230769 0.3269230769230769 0.016681560917485853 0.015787905868334822
9 0.3004807692307692 0.3293269230769231 0.016681560917485853 0.015787905868334822
9 0.5985576923076923 0.0625 0.010723860589812333 0.015490020851951145
9 0.5985576923076923 0.23317307692307693 0.018468871015787904 0.013106940720881739
10 0.4807692307692308 0.37259615384615385 0.01161751563896336 0.011021745606196008
9 0.6081730769230769 0.24759615384615385 0.0160857908847185 0.011915400655347037
10 0.5456730769230769 0.25961538461538464 0.007745010425975573 0.010425975573428658
10 0.6105769230769231 0.03125 0.007745010425975573 0.010723860589812333
10 0.6033653846153846 0.05048076923076923 0.0065534703604408695 0.010723860589812333
10 0.6081730769230769 0.038461538461538464 0.008638665475126601 0.012213285671730714
10 0.34375 0.28846153846153844 0.009234435507893952 0.011915400655347037
10 0.32211538461538464 0.2620192307692308 0.011915400655347037 0.009234435507893952
10 0.3245192307692308 0.24759615384615385 0.011021745606196008 0.007745010425975573
10 0.34615384615384615 0.25 0.012511170688114387 0.009532320524277629
10 0.3389423076923077 0.2860576923076923 0.008638665475126601 0.011319630622579683
10 0.3581730769230769 0.2644230769230769 0.01459636580280012 0.016979445933869526
10 0.3581730769230769 0.2548076923076923 0.00804289544235925 0.01012809055704498
10 0.34615384615384615 0.2620192307692308 0.009532320524277629 0.012511170688114387
10 0.32211538461538464 0.2548076923076923 0.01161751563896336 0.008936550491510277
10 0.3317307692307692 0.28365384615384615 0.00804289544235925 0.011021745606196008
10 0.3269230769230769 0.28125 0.009830205540661304 0.014000595770032766
9 0.6177884615384616 0.2980769230769231 0.017873100983020553 0.011915400655347037
9 0.6201923076923077 0.28846153846153844 0.017873100983020553 0.012511170688114387
9 0.6225961538461539 0.28125 0.017277330950253203 0.01161751563896336
9 0.6057692307692307 0.27403846153846156 0.019660411081322608 0.013702710753649093
9 0.6105769230769231 0.2668269230769231 0.019064641048555257 0.012809055704498064
9 0.6057692307692307 0.25721153846153844 0.016979445933869526 0.012809055704498064
10 0.3125 0.38461538461538464 0.013404825737265416 0.008638665475126601
9 0.2283653846153846 0.5697115384615384 0.01757521596663688 0.01161751563896336
9 0.3918269230769231 0.2860576923076923 0.018468871015787904 0.028299076556449212
9 0.3798076923076923 0.3076923076923077 0.01817098599940423 0.023532916294310393
10 0.5625 0.46153846153846156 0.0062555853440571935 0.011915400655347037
10 0.5600961538461539 0.4735576923076923 0.006851355376824546 0.012511170688114387
10 0.5649038461538461 0.4375 0.0074471254095918975 0.013404825737265416
10 0.5913461538461539 0.4423076923076923 0.0074471254095918975 0.013106940720881739
10 0.5240384615384616 0.4182692307692308 0.006851355376824546 0.012213285671730714
10 0.5360576923076923 0.4206730769230769 0.006851355376824546 0.012511170688114387
10 0.5432692307692307 0.4206730769230769 0.0065534703604408695 0.011319630622579683
10 0.5793269230769231 0.42788461538461536 0.0074471254095918975 0.012809055704498064
10 0.5528846153846154 0.4326923076923077 0.0065534703604408695 0.01161751563896336
10 0.5769230769230769 0.43990384615384615 0.0065534703604408695 0.012511170688114387
10 0.5841346153846154 0.4423076923076923 0.005957700327673518 0.013106940720881739
10 0.5865384615384616 0.42788461538461536 0.0074471254095918975 0.012809055704498064
10 0.4567307692307692 0.38461538461538464 0.013404825737265416 0.0074471254095918975
10 0.44471153846153844 0.375 0.012511170688114387 0.008638665475126601
10 0.44471153846153844 0.3629807692307692 0.009234435507893952 0.011915400655347037
10 0.4014423076923077 0.3004807692307692 0.009234435507893952 0.013404825737265416
10 0.3870192307692308 0.34134615384615385 0.008638665475126601 0.01161751563896336
10 0.41586538461538464 0.35336538461538464 0.012809055704498064 0.00506404527852249
10 0.4254807692307692 0.3581730769230769 0.013106940720881739 0.0074471254095918975
10 0.4375 0.34615384615384615 0.01161751563896336 0.0074471254095918975
10 0.46634615384615385 0.36778846153846156 0.010723860589812333 0.01012809055704498
10 0.5673076923076923 0.46153846153846156 0.0071492403932082215 0.012213285671730714
10 0.5793269230769231 0.4639423076923077 0.005957700327673518 0.012213285671730714
10 0.5480769230769231 0.47115384615384615 0.0074471254095918975 0.012213285671730714
10 0.33413461538461536 0.5 0.011319630622579683 0.0062555853440571935
9 0.37259615384615385 0.30528846153846156 0.016979445933869526 0.02532022639261245
9 0.38221153846153844 0.5576923076923077 0.0065534703604408695 0.0160857908847185
9 0.3894230769230769 0.5576923076923077 0.00804289544235925 0.018468871015787904
9 0.4879807692307692 0.5528846153846154 0.017873100983020553 0.007745010425975573
9 0.4807692307692308 0.3605769230769231 0.019660411081322608 0.01161751563896336
9 0.6129807692307693 0.3125 0.011021745606196008 0.017873100983020553
9 0.5865384615384616 0.30288461538461536 0.012809055704498064 0.016681560917485853
10 0.375 0.5600961538461539 0.005957700327673518 0.013106940720881739
10 0.3389423076923077 0.47115384615384615 0.010425975573428658 0.005957700327673518
10 0.5240384615384616 0.4567307692307692 0.0062555853440571935 0.011319630622579683
10 0.34134615384615385 0.4639423076923077 0.01161751563896336 0.0071492403932082215
10 0.35096153846153844 0.4855769230769231 0.005361930294906166 0.011319630622579683
10 0.38461538461538464 0.3894230769230769 0.0071492403932082215 0.012809055704498064
10 0.3918269230769231 0.3269230769230769 0.00804289544235925 0.012213285671730714
10 0.39663461538461536 0.3125 0.007745010425975573 0.01161751563896336
10 0.40865384615384615 0.28846153846153844 0.008340780458742926 0.011021745606196008
10 0.34375 0.29086538461538464 0.009532320524277629 0.013404825737265416
10 0.4423076923076923 0.5625 0.0062555853440571935 0.012511170688114387
10 0.5120192307692307 0.4567307692307692 0.0071492403932082215 0.012809055704498064
10 0.5336538461538461 0.23798076923076922 0.013404825737265416 0.009830205540661304
10 0.5360576923076923 0.23076923076923078 0.010723860589812333 0.008340780458742926
10 0.5384615384615384 0.22596153846153846 0.011915400655347037 0.00804289544235925
10 0.5168269230769231 0.04326923076923077 0.008340780458742926 0.01161751563896336
9 0.5144230769230769 0.22115384615384615 0.017277330950253203 0.025915996425379804
9 0.5625 0.2668269230769231 0.013702710753649093 0.01817098599940423
9 0.5528846153846154 0.2620192307692308 0.014000595770032766 0.01817098599940423
9 0.5168269230769231 0.23798076923076922 0.013702710753649093 0.01757521596663688
9 0.5384615384615384 0.18028846153846154 0.01817098599940423 0.025915996425379804
9 0.5120192307692307 0.15384615384615385 0.019660411081322608 0.014000595770032766
9 0.49759615384615385 0.20192307692307693 0.018468871015787904 0.013702710753649093
9 0.49038461538461536 0.23317307692307693 0.015490020851951145 0.016979445933869526
9 0.44711538461538464 0.25721153846153844 0.009234435507893952 0.012213285671730714
10 0.4567307692307692 0.016826923076923076 0.013702710753649093 0.01012809055704498
10 0.4735576923076923 0.02403846153846154 0.012511170688114387 0.008936550491510277
9 0.38461538461538464 0.28125 0.017277330950253203 0.028596961572832886
9 0.375 0.27884615384615385 0.016383675901102176 0.027405421507298185
10 0.31971153846153844 0.2668269230769231 0.01459636580280012 0.010425975573428658
9 0.32211538461538464 0.10336538461538461 0.025618111408996128 0.016979445933869526
9 0.28125 0.21394230769230768 0.022639261245159366 0.015787905868334822
9 0.30288461538461536 0.22596153846153846 0.025022341376228774 0.0160857908847185
9 0.3293269230769231 0.23557692307692307 0.023830801310694073 0.01757521596663688
10 0.2860576923076923 0.12259615384615384 0.009830205540661304 0.013702710753649093
10 0.31009615384615385 0.2764423076923077 0.01012809055704498 0.014000595770032766
10 0.3173076923076923 0.28125 0.01012809055704498 0.013106940720881739
10 0.3317307692307692 0.28365384615384615 0.008340780458742926 0.011915400655347037
10 0.32211538461538464 0.2548076923076923 0.011915400655347037 0.009830205540661304
10 0.32211538461538464 0.2620192307692308 0.012511170688114387 0.009532320524277629
9 0.36778846153846156 0.2764423076923077 0.01757521596663688 0.02978850163836759
10 0.3245192307692308 0.24759615384615385 0.012213285671730714 0.00804289544235925
10 0.3269230769230769 0.28125 0.009532320524277629 0.013702710753649093
9 0.3173076923076923 0.036057692307692304 0.02323503127792672 0.04408698242478403
9 0.375 0.11298076923076923 0.023830801310694073 0.015192135835567472
9 0.4254807692307692 0.10817307692307693 0.015192135835567472 0.0247244563598451
9 0.4182692307692308 0.10576923076923077 0.01161751563896336 0.018468871015787904
9 0.3485576923076923 0.13942307692307693 0.0160857908847185 0.023830801310694073
10 0.4855769230769231 0.028846153846153848 0.013702710753649093 0.009234435507893952
10 0.4951923076923077 0.07451923076923077 0.008638665475126601 0.011915400655347037
10 0.5432692307692307 0.21153846153846154 0.012809055704498064 0.009234435507893952
10 0.4879807692307692 0.09375 0.010425975573428658 0.014298480786416443
10 0.40625 0.16346153846153846 0.016681560917485853 0.01012809055704498
10 0.4014423076923077 0.17067307692307693 0.0160857908847185 0.01012809055704498
10 0.39903846153846156 0.17548076923076922 0.016383675901102176 0.009830205540661304
10 0.4735576923076923 0.16826923076923078 0.00804289544235925 0.011021745606196008
10 0.46875 0.18028846153846154 0.008340780458742926 0.011319630622579683
10 0.46153846153846156 0.19230769230769232 0.0074471254095918975 0.010723860589812333
10 0.4567307692307692 0.20432692307692307 0.008340780458742926 0.011319630622579683
10 0.46875 0.2091346153846154 0.008936550491510277 0.011915400655347037
10 0.4519230769230769 0.21875 0.009532320524277629 0.013702710753649093
10 0.4375 0.25 0.009234435507893952 0.013404825737265416
10 0.40625 0.28846153846153844 0.008340780458742926 0.011319630622579683
10 0.4831730769230769 0.17307692307692307 0.008936550491510277 0.01161751563896336
10 0.5144230769230769 0.1658653846153846 0.013106940720881739 0.008638665475126601
10 0.5576923076923077 0.1778846153846154 0.012511170688114387 0.009532320524277629
10 0.5408653846153846 0.21634615384615385 0.012213285671730714 0.009532320524277629
10 0.5 0.18990384615384615 0.01161751563896336 0.00804289544235925
10 0.5552884615384616 0.18509615384615385 0.011021745606196008 0.007745010425975573
10 0.5528846153846154 0.18990384615384615 0.013106940720881739 0.0071492403932082215
10 0.5504807692307693 0.1971153846153846 0.013702710753649093 0.008638665475126601
10 0.5480769230769231 0.20192307692307693 0.013702710753649093 0.008936550491510277
10 0.5528846153846154 0.21634615384615385 0.011021745606196008 0.013702710753649093
10 0.40865384615384615 0.15865384615384615 0.015787905868334822 0.010723860589812333
10 0.41346153846153844 0.15384615384615385 0.018468871015787904 0.011319630622579683
10 0.39903846153846156 0.1466346153846154 0.011021745606196008 0.00804289544235925
10 0.5408653846153846 0.10336538461538461 0.0071492403932082215 0.010723860589812333
10 0.4951923076923077 0.09615384615384616 0.008340780458742926 0.010425975573428658
10 0.5216346153846154 0.09375 0.009234435507893952 0.012213285671730714
10 0.5192307692307693 0.1201923076923077 0.009234435507893952 0.01161751563896336
10 0.5264423076923077 0.12259615384615384 0.00804289544235925 0.010723860589812333
10 0.5336538461538461 0.125 0.00804289544235925 0.011915400655347037
10 0.5528846153846154 0.1346153846153846 0.007745010425975573 0.010425975573428658
10 0.44471153846153844 0.01201923076923077 0.012809055704498064 0.009234435507893952
10 0.43028846153846156 0.007211538461538462 0.012511170688114387 0.009532320524277629
10 0.4110576923076923 0.016826923076923076 0.013106940720881739 0.009532320524277629
10 0.5336538461538461 0.0985576923076923 0.007745010425975573 0.009532320524277629
10 0.3894230769230769 0.16346153846153846 0.012809055704498064 0.008638665475126601
10 0.5817307692307693 0.12980769230769232 0.009830205540661304 0.007745010425975573
10 0.4495192307692308 0.11057692307692307 0.011021745606196008 0.0160857908847185
10 0.4423076923076923 0.11057692307692307 0.010723860589812333 0.0160857908847185
10 0.4014423076923077 0.1346153846153846 0.011319630622579683 0.008638665475126601
10 0.41586538461538464 0.14182692307692307 0.015787905868334822 0.010723860589812333
10 0.41586538461538464 0.1346153846153846 0.016979445933869526 0.011915400655347037
10 0.3389423076923077 0.11538461538461539 0.008340780458742926 0.011319630622579683
10 0.37259615384615385 0.1201923076923077 0.0160857908847185 0.011021745606196008
10 0.38221153846153844 0.1346153846153846 0.008340780458742926 0.011915400655347037
10 0.4735576923076923 0.3701923076923077 0.010425975573428658 0.01012809055704498
10 0.5 0.36538461538461536 0.014298480786416443 0.009234435507893952
10 0.9495192307692307 0.9855769230769231 0.016681560917485853 0.011915400655347037
9 0.8822115384615384 0.8221153846153846 0.02025618111408996 0.02978850163836759
9 0.8894230769230769 0.8413461538461539 0.020554066130473635 0.015787905868334822
9 0.9375 0.8629807692307693 0.032171581769437 0.019660411081322608
9 0.9302884615384616 0.8461538461538461 0.03306523681858802 0.020554066130473635
9 0.9326923076923077 0.8365384615384616 0.019660411081322608 0.013702710753649093
9 0.9302884615384616 0.8317307692307693 0.02114983616324099 0.014894250819183795
9 0.9134615384615384 0.8052884615384616 0.01876675603217158 0.030086386654751267
9 0.90625 0.8100961538461539 0.019362526064938934 0.030086386654751267
9 0.8918269230769231 0.8197115384615384 0.020851951146857315 0.03127792672028597
9 0.9423076923076923 0.8509615384615384 0.014894250819183795 0.010425975573428658
9 0.9278846153846154 0.8581730769230769 0.015490020851951145 0.011319630622579683
10 0.14903846153846154 0.8701923076923077 0.009830205540661304 0.012809055704498064
10 0.15384615384615385 0.8725961538461539 0.010425975573428658 0.013404825737265416
10 0.14903846153846154 0.9014423076923077 0.012511170688114387 0.016979445933869526
10 0.13221153846153846 0.90625 0.010425975573428658 0.013106940720881739
10 0.1346153846153846 0.9326923076923077 0.008340780458742926 0.01012809055704498
10 0.11778846153846154 0.9375 0.008936550491510277 0.012213285671730714
10 0.12259615384615384 0.9423076923076923 0.009830205540661304 0.013404825737265416
10 0.1346153846153846 0.9471153846153846 0.00804289544235925 0.012511170688114387
10 0.17548076923076922 0.9519230769230769 0.008638665475126601 0.011021745606196008
9 0.875 0.8269230769230769 0.019362526064938934 0.02770330652368186
10 0.4879807692307692 0.375 0.011319630622579683 0.010723860589812333
9 0.71875 0.7836538461538461 0.02770330652368186 0.014894250819183795
9 0.6538461538461539 0.7403846153846154 0.028001191540065532 0.015192135835567472
9 0.6514423076923077 0.7475961538461539 0.02770330652368186 0.015787905868334822
9 0.6490384615384616 0.7548076923076923 0.027107536490914505 0.015787905868334822
9 0.6466346153846154 0.7620192307692307 0.028001191540065532 0.015490020851951145
9 0.6442307692307693 0.7692307692307693 0.027405421507298185 0.015490020851951145
9 0.6418269230769231 0.7764423076923077 0.026511766458147155 0.015192135835567472
9 0.6370192307692307 0.7932692307692307 0.027405421507298185 0.015490020851951145
9 0.6346153846153846 0.8004807692307693 0.028001191540065532 0.014894250819183795
9 0.6322115384615384 0.8076923076923077 0.028001191540065532 0.015192135835567472
9 0.7163461538461539 0.71875 0.019362526064938934 0.011319630622579683
9 0.7091346153846154 0.7235576923076923 0.027107536490914505 0.014298480786416443
9 0.7043269230769231 0.7307692307692307 0.01817098599940423 0.012511170688114387
9 0.7043269230769231 0.7403846153846154 0.028299076556449212 0.014000595770032766
9 0.7043269230769231 0.7475961538461539 0.026213881441763478 0.01459636580280012
9 0.6995192307692307 0.7620192307692307 0.01817098599940423 0.01161751563896336
9 0.6923076923076923 0.7740384615384616 0.026511766458147155 0.015787905868334822
9 0.6923076923076923 0.7836538461538461 0.028001191540065532 0.014000595770032766
9 0.6899038461538461 0.7908653846153846 0.02770330652368186 0.014000595770032766
9 0.7283653846153846 0.7548076923076923 0.02770330652368186 0.013106940720881739
9 0.7235576923076923 0.7692307692307693 0.02114983616324099 0.012213285671730714
9 0.7211538461538461 0.7764423076923077 0.028299076556449212 0.014894250819183795
10 0.09615384615384616 0.9855769230769231 0.009234435507893952 0.012809055704498064
10 0.10096153846153846 0.9735576923076923 0.009234435507893952 0.013404825737265416
10 0.10817307692307693 0.9759615384615384 0.008638665475126601 0.01161751563896336
10 0.20432692307692307 0.9543269230769231 0.012809055704498064 0.009830205540661304
10 0.8221153846153846 0.9495192307692307 0.012213285671730714 0.009830205540661304
10 0.8245192307692307 0.9182692307692307 0.009532320524277629 0.01161751563896336
10 0.8365384615384616 0.9134615384615384 0.008936550491510277 0.012809055704498064
10 0.8245192307692307 0.8966346153846154 0.012809055704498064 0.008936550491510277
10 0.84375 0.9086538461538461 0.009830205540661304 0.01161751563896336
10 0.8509615384615384 0.90625 0.008936550491510277 0.012809055704498064
10 0.8774038461538461 0.9014423076923077 0.011915400655347037 0.008340780458742926
10 0.8677884615384616 0.8990384615384616 0.016383675901102176 0.011021745606196008
10 0.9158653846153846 0.8725961538461539 0.014894250819183795 0.0056598153112898415
9 0.9423076923076923 0.8509615384615384 0.014894250819183795 0.011021745606196008
9 0.9278846153846154 0.8581730769230769 0.015787905868334822 0.011319630622579683
10 0.9158653846153846 0.8653846153846154 0.011021745606196008 0.007745010425975573
10 0.9278846153846154 0.8798076923076923 0.01161751563896336 0.005957700327673518
10 0.9110576923076923 0.8798076923076923 0.011021745606196008 0.0056598153112898415
10 0.9182692307692307 0.9254807692307693 0.010425975573428658 0.0074471254095918975
10 0.9471153846153846 0.9158653846153846 0.013702710753649093 0.010723860589812333
10 0.9278846153846154 0.9423076923076923 0.016681560917485853 0.012511170688114387
10 0.9399038461538461 0.9711538461538461 0.012511170688114387 0.008638665475126601
10 0.9447115384615384 0.9783653846153846 0.01459636580280012 0.009830205540661304
10 0.8197115384615384 0.9423076923076923 0.012511170688114387 0.009532320524277629
10 0.8173076923076923 0.9326923076923077 0.013404825737265416 0.009830205540661304
9 0.7283653846153846 0.9182692307692307 0.012809055704498064 0.01876675603217158
10 0.3389423076923077 0.9375 0.005361930294906166 0.011021745606196008
10 0.22115384615384615 0.9471153846153846 0.011915400655347037 0.008340780458742926
10 0.23317307692307693 0.9423076923076923 0.012511170688114387 0.008638665475126601
10 0.24519230769230768 0.9399038461538461 0.011021745606196008 0.0071492403932082215
10 0.25961538461538464 0.9375 0.011319630622579683 0.0065534703604408695
10 0.2620192307692308 0.9951923076923077 0.0062555853440571935 0.012809055704498064
10 0.27403846153846156 0.9951923076923077 0.0062555853440571935 0.012511170688114387
10 0.28125 0.9927884615384616 0.0056598153112898415 0.012213285671730714
10 0.27403846153846156 0.9326923076923077 0.011319630622579683 0.0074471254095918975
9 0.6129807692307693 0.9711538461538461 0.011319630622579683 0.016681560917485853
10 0.3389423076923077 0.9086538461538461 0.0056598153112898415 0.01161751563896336
9 0.7235576923076923 0.9230769230769231 0.01459636580280012 0.019660411081322608
10 0.34134615384615385 0.8629807692307693 0.0056598153112898415 0.011021745606196008
10 0.34134615384615385 0.8774038461538461 0.005361930294906166 0.011021745606196008
10 0.34134615384615385 0.8942307692307693 0.005361930294906166 0.01161751563896336
10 0.3389423076923077 0.9254807692307693 0.005957700327673518 0.012213285671730714
10 0.6009615384615384 0.9903846153846154 0.015490020851951145 0.010425975573428658
9 0.6995192307692307 0.9326923076923077 0.014000595770032766 0.019958296097706288
10 0.6057692307692307 0.9735576923076923 0.00804289544235925 0.012809055704498064
10 0.7091346153846154 0.9326923076923077 0.0071492403932082215 0.010723860589812333
9 0.65625 0.7331730769230769 0.028001191540065532 0.01459636580280012
9 0.6586538461538461 0.7259615384615384 0.027405421507298185 0.015192135835567472
9 0.6610576923076923 0.71875 0.027107536490914505 0.015192135835567472
10 0.5360576923076923 0.45913461538461536 0.0062555853440571935 0.012511170688114387
10 0.5432692307692307 0.45913461538461536 0.005957700327673518 0.011915400655347037
10 0.5552884615384616 0.46153846153846156 0.0065534703604408695 0.011915400655347037
10 0.5793269230769231 0.47836538461538464 0.0074471254095918975 0.01161751563896336
10 0.5673076923076923 0.47596153846153844 0.0071492403932082215 0.012213285671730714
10 0.5408653846153846 0.4735576923076923 0.006851355376824546 0.012511170688114387
10 0.5360576923076923 0.47115384615384615 0.005957700327673518 0.009234435507893952
10 0.5288461538461539 0.47115384615384615 0.0071492403932082215 0.011021745606196008
10 0.5216346153846154 0.46875 0.0065534703604408695 0.010723860589812333
10 0.5168269230769231 0.46875 0.0062555853440571935 0.010425975573428658
10 0.5024038461538461 0.46634615384615385 0.0074471254095918975 0.011021745606196008
10 0.3485576923076923 0.5144230769230769 0.0056598153112898415 0.012213285671730714
10 0.35096153846153844 0.5024038461538461 0.004766160262138814 0.011021745606196008
10 0.33653846153846156 0.4951923076923077 0.012809055704498064 0.0074471254095918975
10 0.33653846153846156 0.4879807692307692 0.012213285671730714 0.00804289544235925
10 0.35336538461538464 0.4735576923076923 0.006851355376824546 0.013404825737265416
10 0.3389423076923077 0.47596153846153844 0.012511170688114387 0.008340780458742926
10 0.3798076923076923 0.41346153846153844 0.006851355376824546 0.012809055704498064
10 0.38221153846153844 0.4014423076923077 0.0074471254095918975 0.011319630622579683
10 0.3245192307692308 0.34134615384615385 0.011915400655347037 0.012213285671730714
10 0.3701923076923077 0.32211538461538464 0.012213285671730714 0.009830205540661304
10 0.53125 0.45913461538461536 0.0062555853440571935 0.012213285671730714
10 0.5168269230769231 0.4567307692307692 0.0065534703604408695 0.011915400655347037
10 0.5048076923076923 0.4543269230769231 0.007745010425975573 0.011915400655347037
10 0.5552884615384616 0.4230769230769231 0.0065534703604408695 0.011021745606196008
10 0.4951923076923077 0.37740384615384615 0.012213285671730714 0.011319630622579683
10 0.5024038461538461 0.3798076923076923 0.01161751563896336 0.011319630622579683
10 0.53125 0.375 0.015192135835567472 0.007745010425975573
10 0.5288461538461539 0.3870192307692308 0.0074471254095918975 0.012511170688114387
10 0.5408653846153846 0.3894230769230769 0.008936550491510277 0.013106940720881739
10 0.5673076923076923 0.39663461538461536 0.006851355376824546 0.011319630622579683
10 0.5745192307692307 0.41586538461538464 0.013106940720881739 0.006851355376824546
10 0.53125 0.4182692307692308 0.0065534703604408695 0.011915400655347037
10 0.5480769230769231 0.4230769230769231 0.0062555853440571935 0.012511170688114387
10 0.5625 0.4254807692307692 0.007745010425975573 0.011915400655347037
10 0.5264423076923077 0.4423076923076923 0.011021745606196008 0.005361930294906166
10 0.5673076923076923 0.4254807692307692 0.0071492403932082215 0.011915400655347037
10 0.5745192307692307 0.4254807692307692 0.0071492403932082215 0.01161751563896336
10 0.5721153846153846 0.43990384615384615 0.0074471254095918975 0.012213285671730714
10 0.5600961538461539 0.43509615384615385 0.0056598153112898415 0.009830205540661304
10 0.5456730769230769 0.43509615384615385 0.0062555853440571935 0.010723860589812333
10 0.5408653846153846 0.4326923076923077 0.0065534703604408695 0.012213285671730714
10 0.5336538461538461 0.4326923076923077 0.0056598153112898415 0.011021745606196008
10 0.5288461538461539 0.4326923076923077 0.0056598153112898415 0.011915400655347037
10 0.5216346153846154 0.43028846153846156 0.0065534703604408695 0.01161751563896336
10 0.44711538461538464 0.5625 0.005361930294906166 0.010425975573428658
9 0.6634615384615384 0.7115384615384616 0.026511766458147155 0.014298480786416443
10 0.20192307692307693 0.8365384615384616 0.008638665475126601 0.013702710753649093
10 0.19230769230769232 0.84375 0.009532320524277629 0.014298480786416443
10 0.17548076923076922 0.8365384615384616 0.00804289544235925 0.011319630622579683
2 0.30288461538461536 0.8317307692307693 0.025915996425379804 0.020554066130473635
10 0.12980769230769232 0.8028846153846154 0.011915400655347037 0.016383675901102176
9 0.46153846153846156 0.7379807692307693 0.023830801310694073 0.009532320524277629
10 0.34375 0.8509615384615384 0.004766160262138814 0.011319630622579683
10 0.34375 0.8365384615384616 0.00506404527852249 0.011021745606196008
10 0.34615384615384615 0.8245192307692307 0.0056598153112898415 0.011319630622579683
10 0.33653846153846156 0.71875 0.00506404527852249 0.011319630622579683
10 0.33653846153846156 0.7067307692307693 0.005361930294906166 0.010723860589812333
10 0.3389423076923077 0.6923076923076923 0.005361930294906166 0.01161751563896336
10 0.3389423076923077 0.6778846153846154 0.0056598153112898415 0.009532320524277629
10 0.34134615384615385 0.6634615384615384 0.0056598153112898415 0.012809055704498064
10 0.34134615384615385 0.6490384615384616 0.005361930294906166 0.009830205540661304
10 0.34375 0.6057692307692307 0.005361930294906166 0.012511170688114387
10 0.34375 0.6201923076923077 0.00506404527852249 0.011319630622579683
10 0.34134615384615385 0.6346153846153846 0.005361930294906166 0.011915400655347037
9 0.4230769230769231 0.6899038461538461 0.016681560917485853 0.007745010425975573
9 0.39663461538461536 0.7451923076923077 0.026511766458147155 0.009532320524277629
9 0.6658653846153846 0.7019230769230769 0.027405421507298185 0.01459636580280012
10 0.22355769230769232 0.6634615384615384 0.008936550491510277 0.012511170688114387
10 0.21634615384615385 0.6610576923076923 0.008638665475126601 0.012809055704498064
9 0.20432692307692307 0.6899038461538461 0.011915400655347037 0.015787905868334822
9 0.2283653846153846 0.5697115384615384 0.017277330950253203 0.011319630622579683
9 0.22115384615384615 0.5913461538461539 0.018468871015787904 0.007745010425975573
9 0.23798076923076922 0.5985576923076923 0.019064641048555257 0.008638665475126601
9 0.2860576923076923 0.6225961538461539 0.018468871015787904 0.014298480786416443
9 0.29086538461538464 0.6394230769230769 0.019362526064938934 0.01459636580280012
9 0.2764423076923077 0.7211538461538461 0.012511170688114387 0.019362526064938934
9 0.27163461538461536 0.7572115384615384 0.012511170688114387 0.01817098599940423
9 0.2620192307692308 0.78125 0.02025618111408996 0.028894846589216563
9 0.2764423076923077 0.6754807692307693 0.019064641048555257 0.02680965147453083
10 0.23798076923076922 0.6153846153846154 0.009532320524277629 0.011021745606196008
10 0.2091346153846154 0.6947115384615384 0.010425975573428658 0.013404825737265416
10 0.24519230769230768 0.6177884615384616 0.0074471254095918975 0.010425975573428658
10 0.25 0.6201923076923077 0.007745010425975573 0.010723860589812333
10 0.25721153846153844 0.625 0.009532320524277629 0.011915400655347037
10 0.2620192307692308 0.6274038461538461 0.009532320524277629 0.013404825737265416
10 0.2692307692307692 0.6298076923076923 0.009234435507893952 0.013404825737265416
10 0.2764423076923077 0.6322115384615384 0.008936550491510277 0.011915400655347037
10 0.23798076923076922 0.6658653846153846 0.008638665475126601 0.011319630622579683
10 0.25 0.65625 0.010723860589812333 0.015787905868334822
10 0.22355769230769232 0.6995192307692307 0.009830205540661304 0.014298480786416443
