3 0.6947115384615384 0.4519230769230769 0.07827175954915466 0.07952410770194114
3 0.6634615384615384 0.6442307692307693 0.1008140262993112 0.10144020037570443
4 0.8629807692307693 0.2668269230769231 0.030056355666875388 0.056355666875391355
4 0.8197115384615384 0.2644230769230769 0.030056355666875388 0.056981840951784594
4 0.7668269230769231 0.2620192307692308 0.030682529743268627 0.056981840951784594
4 0.7235576923076923 0.25721153846153844 0.030682529743268627 0.056355666875391355
4 0.6778846153846154 0.2548076923076923 0.02943018159048215 0.056981840951784594
4 0.6346153846153846 0.25240384615384615 0.02943018159048215 0.055729492798998116
4 0.7740384615384616 0.14423076923076922 0.028804007514088917 0.056355666875391355
4 0.7307692307692307 0.14182692307692307 0.02943018159048215 0.056355666875391355
4 0.6826923076923077 0.11538461538461539 0.028804007514088917 0.055729492798998116
4 0.6418269230769231 0.11298076923076923 0.02943018159048215 0.056355666875391355
6 0.27403846153846156 0.4014423076923077 0.208515967438948 0.42329367564182835
13 0.2956730769230769 0.8269230769230769 0.16092673763306198 0.24733876017532871
13 0.27403846153846156 0.4014423076923077 0.12460864120225422 0.26988102692548527
