9 0.6754807692307693 0.32211538461538464 0.08507089241034196 0.01834862385321101
9 0.6634615384615384 0.34375 0.08590492076730609 0.017514595496246874
9 0.5793269230769231 0.4326923076923077 0.08340283569641369 0.019182652210175146
9 0.6177884615384616 0.3870192307692308 0.08256880733944955 0.019182652210175146
9 0.6009615384615384 0.4110576923076923 0.08423686405337781 0.019182652210175146
9 0.5120192307692307 0.4206730769230769 0.06922435362802336 0.07172643869891576
9 0.46634615384615385 0.4326923076923077 0.06755629691409508 0.06672226855713094
9 0.44471153846153844 0.37740384615384615 0.02168473728106756 0.08507089241034196
9 0.46634615384615385 0.35336538461538464 0.02585487906588824 0.08507089241034196
9 0.5769230769230769 0.3557692307692308 0.0725604670558799 0.07506255212677232
9 0.4855769230769231 0.33653846153846156 0.030859049207673066 0.08590492076730609
9 0.5384615384615384 0.3605769230769231 0.06922435362802336 0.07422852376980818
9 0.5048076923076923 0.3076923076923077 0.025020850708924104 0.07673060884070058
9 0.5264423076923077 0.2956730769230769 0.025020850708924104 0.08090075062552127
9 0.6394230769230769 0.28846153846153844 0.06755629691409508 0.06755629691409508
9 0.6225961538461539 0.27884615384615385 0.06839032527105922 0.07089241034195162
9 0.5456730769230769 0.2692307692307692 0.02335279399499583 0.08256880733944955
9 0.5600961538461539 0.4543269230769231 0.08256880733944955 0.01834862385321101
9 0.5360576923076923 0.47596153846153844 0.08340283569641369 0.022518765638031693
9 0.5168269230769231 0.49759615384615385 0.08507089241034196 0.02335279399499583
9 0.45913461538461536 0.5576923076923077 0.08423686405337781 0.02335279399499583
9 0.6370192307692307 0.36538461538461536 0.0817347789824854 0.02085070892410342
9 0.2692307692307692 0.8100961538461539 0.07089241034195162 0.07172643869891576
9 0.3389423076923077 0.7403846153846154 0.0700583819849875 0.07172643869891576
9 0.41586538461538464 0.6538461538461539 0.06505421184320268 0.07089241034195162
9 0.2764423076923077 0.5769230769230769 0.07589658048373646 0.06755629691409508
9 0.44711538461538464 0.5793269230769231 0.08423686405337781 0.02335279399499583
9 0.4807692307692308 0.5384615384615384 0.08673894912427024 0.024186822351959965
9 0.4110576923076923 0.4951923076923077 0.06922435362802336 0.07422852376980818
9 0.5 0.5168269230769231 0.08840700583819851 0.02335279399499583
9 0.34375 0.4879807692307692 0.02168473728106756 0.09341117597998332
9 0.3629807692307692 0.46634615384615385 0.022518765638031693 0.09341117597998332
9 0.38461538461538464 0.4423076923076923 0.025020850708924104 0.0817347789824854
9 0.40625 0.4182692307692308 0.020016680567139285 0.0817347789824854
9 0.42788461538461536 0.3942307692307692 0.01834862385321101 0.08006672226855714
9 0.5673076923076923 0.25240384615384615 0.02585487906588824 0.07756463719766472
