0 0.9903846153846154 0.5600961538461539 0.018198362147406735 0.02092811646951774
0 0.6129807692307693 0.6875 0.040036396724294813 0.03912647861692448
0 0.6514423076923077 0.5649038461538461 0.04094631483166515 0.03821656050955414
0 0.6586538461538461 0.5745192307692307 0.04094631483166515 0.03912647861692448
0 0.6778846153846154 0.5048076923076923 0.03912647861692448 0.040036396724294813
0 0.5384615384615384 0.6057692307692307 0.04185623293903548 0.04094631483166515
0 0.5480769230769231 0.6153846153846154 0.04094631483166515 0.03912647861692448
0 0.5552884615384616 0.6274038461538461 0.04185623293903548 0.040036396724294813
0 0.5745192307692307 0.6466346153846154 0.04094631483166515 0.03821656050955414
0 0.5841346153846154 0.65625 0.04185623293903548 0.03821656050955414
0 0.5961538461538461 0.6658653846153846 0.035486806187443126 0.03366696997270246
0 0.6057692307692307 0.6754807692307693 0.03912647861692448 0.0373066424021838
0 0.625 0.6995192307692307 0.040036396724294813 0.0373066424021838
0 0.9783653846153846 0.5673076923076923 0.017288444040036398 0.021838034576888078
0 0.6658653846153846 0.7427884615384616 0.040036396724294813 0.03912647861692448
0 0.6730769230769231 0.7596153846153846 0.03912647861692448 0.0373066424021838
0 0.6850961538461539 0.7716346153846154 0.04094631483166515 0.04094631483166515
0 0.6923076923076923 0.78125 0.040036396724294813 0.03821656050955414
0 0.75 0.84375 0.040036396724294813 0.03912647861692448
0 0.7596153846153846 0.8533653846153846 0.03821656050955414 0.03912647861692448
0 0.7764423076923077 0.8701923076923077 0.04185623293903548 0.040036396724294813
0 0.7307692307692307 0.65625 0.04094631483166515 0.040036396724294813
0 0.7403846153846154 0.6658653846153846 0.040036396724294813 0.0373066424021838
0 0.7475961538461539 0.6754807692307693 0.040036396724294813 0.03821656050955414
0 0.6418269230769231 0.5528846153846154 0.040036396724294813 0.03821656050955414
0 0.6322115384615384 0.5432692307692307 0.042766151046405826 0.04185623293903548
0 0.6225961538461539 0.5336538461538461 0.043676069153776156 0.040036396724294813
0 0.6153846153846154 0.5216346153846154 0.04185623293903548 0.03912647861692448
0 0.22355769230769232 0.37740384615384615 0.03366696997270246 0.04822565969062784
0 0.23798076923076922 0.36778846153846156 0.026387625113739762 0.042766151046405826
0 0.36538461538461536 0.37740384615384615 0.04822565969062784 0.03184713375796178
0 0.3173076923076923 0.5120192307692307 0.03184713375796178 0.044585987261146494
0 0.3293269230769231 0.5072115384615384 0.03184713375796178 0.04640582347588717
0 0.3485576923076923 0.4951923076923077 0.03275705186533212 0.04822565969062784
0 0.3605769230769231 0.49038461538461536 0.030937215650591446 0.04640582347588717
0 0.37259615384615385 0.4831730769230769 0.03184713375796178 0.04640582347588717
0 0.47115384615384615 0.5432692307692307 0.04640582347588717 0.015468607825295723
0 0.4951923076923077 0.3894230769230769 0.04549590536851684 0.042766151046405826
0 0.5048076923076923 0.39903846153846156 0.040036396724294813 0.03821656050955414
0 0.5120192307692307 0.4110576923076923 0.043676069153776156 0.04094631483166515
0 0.5240384615384616 0.4182692307692308 0.040036396724294813 0.03821656050955414
0 0.5408653846153846 0.4423076923076923 0.042766151046405826 0.040036396724294813
0 0.53125 0.4326923076923077 0.040036396724294813 0.0373066424021838
0 0.5504807692307693 0.4519230769230769 0.04185623293903548 0.03912647861692448
0 0.5673076923076923 0.4735576923076923 0.042766151046405826 0.040036396724294813
0 0.5769230769230769 0.4831730769230769 0.04094631483166515 0.040036396724294813
0 0.5865384615384616 0.49278846153846156 0.04094631483166515 0.03821656050955414
0 0.5961538461538461 0.5024038461538461 0.040036396724294813 0.0373066424021838
0 0.6057692307692307 0.5120192307692307 0.04094631483166515 0.03821656050955414
0 0.7572115384615384 0.6875 0.03912647861692448 0.03912647861692448
0 0.7668269230769231 0.6995192307692307 0.043676069153776156 0.04094631483166515
0 0.7764423076923077 0.7091346153846154 0.04185623293903548 0.03912647861692448
0 0.28365384615384615 0.5024038461538461 0.01910828025477707 0.02092811646951774
0 0.375 0.11298076923076923 0.01910828025477707 0.017288444040036398
0 0.3798076923076923 0.1201923076923077 0.02274795268425842 0.01637852593266606
0 0.2980769230769231 0.41346153846153844 0.015468607825295723 0.021838034576888078
0 0.3293269230769231 0.39903846153846156 0.01910828025477707 0.02456778889899909
0 0.9206730769230769 0.6490384615384616 0.015468607825295723 0.01910828025477707
0 0.875 0.6177884615384616 0.014558689717925387 0.020018198362147407
0 0.9302884615384616 0.6394230769230769 0.017288444040036398 0.021838034576888078
0 0.9399038461538461 0.6346153846153846 0.015468607825295723 0.02092811646951774
0 0.9471153846153846 0.6274038461538461 0.015468607825295723 0.02274795268425842
0 0.9567307692307693 0.625 0.015468607825295723 0.02092811646951774
0 0.9639423076923077 0.6177884615384616 0.014558689717925387 0.02092811646951774
0 0.9735576923076923 0.6129807692307693 0.015468607825295723 0.021838034576888078
0 0.9807692307692307 0.6105769230769231 0.017288444040036398 0.02274795268425842
0 0.9903846153846154 0.6033653846153846 0.018198362147406735 0.021838034576888078
0 0.9543269230769231 0.6850961538461539 0.01637852593266606 0.020018198362147407
0 0.9639423076923077 0.6802884615384616 0.013648771610555051 0.018198362147406735
0 0.9711538461538461 0.6754807692307693 0.01637852593266606 0.021838034576888078
0 0.9807692307692307 0.6706730769230769 0.017288444040036398 0.021838034576888078
0 0.9927884615384616 0.6634615384615384 0.017288444040036398 0.02274795268425842
0 0.9591346153846154 0.5769230769230769 0.014558689717925387 0.01637852593266606
0 0.96875 0.5721153846153846 0.015468607825295723 0.021838034576888078
0 0.3076923076923077 0.1201923076923077 0.02092811646951774 0.017288444040036398
0 0.25961538461538464 0.47836538461538464 0.01910828025477707 0.01910828025477707
0 0.78125 0.7211538461538461 0.03912647861692448 0.03639672429481347
0 0.20432692307692307 0.43990384615384615 0.01910828025477707 0.01910828025477707
0 0.7908653846153846 0.7307692307692307 0.043676069153776156 0.04094631483166515
0 0.2644230769230769 0.125 0.01910828025477707 0.015468607825295723
0 0.27403846153846156 0.14182692307692307 0.02092811646951774 0.014558689717925387
0 0.2764423076923077 0.15144230769230768 0.018198362147406735 0.01637852593266606
0 0.03365384615384615 0.21394230769230768 0.01637852593266606 0.017288444040036398
0 0.040865384615384616 0.22115384615384615 0.021838034576888078 0.020018198362147407
0 0.11778846153846154 0.23317307692307693 0.020018198362147407 0.018198362147406735
0 0.13221153846153846 0.24759615384615385 0.02092811646951774 0.018198362147406735
0 0.13942307692307693 0.2548076923076923 0.017288444040036398 0.01637852593266606
0 0.15144230769230768 0.2692307692307692 0.020018198362147407 0.018198362147406735
0 0.07692307692307693 0.2860576923076923 0.02092811646951774 0.02092811646951774
0 0.08413461538461539 0.3076923076923077 0.017288444040036398 0.01637852593266606
0 0.09134615384615384 0.31490384615384615 0.018198362147406735 0.01637852593266606
0 0.1778846153846154 0.3004807692307692 0.020018198362147407 0.018198362147406735
0 0.20432692307692307 0.31490384615384615 0.018198362147406735 0.017288444040036398
0 0.2091346153846154 0.32211538461538464 0.025477707006369425 0.021838034576888078
0 0.125 0.3485576923076923 0.01910828025477707 0.01910828025477707
0 0.13221153846153846 0.3581730769230769 0.01910828025477707 0.01910828025477707
0 0.14903846153846154 0.375 0.02092811646951774 0.020018198362147407
0 0.17067307692307693 0.40625 0.01910828025477707 0.017288444040036398
0 0.19471153846153846 0.43028846153846156 0.02274795268425842 0.026387625113739762
0 0.4230769230769231 0.2668269230769231 0.044585987261146494 0.030937215650591446
