1 0.6105769230769231 0.16105769230769232 0.004162330905306972 0.010058966354491848
1 0.47836538461538464 0.20432692307692307 0.006590357266736039 0.012486992715920917
7 0.5264423076923077 0.15384615384615385 0.19979188345473467 0.02393340270551509
7 0.5192307692307693 0.1971153846153846 0.19840443981963232 0.0274020117932709
7 0.5072115384615384 0.24278846153846154 0.18557058619493583 0.03087062088102671
7 0.5072115384615384 0.2932692307692308 0.19042663891779396 0.03919528269164066
7 0.5144230769230769 0.3557692307692308 0.18834547346514047 0.022199098161637183
7 0.5168269230769231 0.40384615384615385 0.186264308012487 0.04058272632674298
7 0.5048076923076923 0.46875 0.11689212625737079 0.062088102670828996
7 0.5384615384615384 0.5216346153846154 0.14776274713839752 0.08602150537634409
7 0.5480769230769231 0.5841346153846154 0.13458203260492543 0.07388137356919876
7 0.5600961538461539 0.6370192307692307 0.13284772806104753 0.06971904266389178
7 0.5673076923076923 0.6875 0.13284772806104753 0.06867845993756504
7 0.5697115384615384 0.7355769230769231 0.1224419007977801 0.06625043357613597
7 0.5769230769230769 0.7836538461538461 0.10163024627124523 0.058619493583073196
7 0.5865384615384616 0.8221153846153846 0.08359347901491503 0.046479361775927854
7 0.6057692307692307 0.8677884615384616 0.06416926812348249 0.04474505723204995
7 0.6346153846153846 0.9158653846153846 0.022199098161637183 0.03260492542490461
1 0.5216346153846154 0.30288461538461536 0.007977800901838363 0.018036767256330213
7 0.5360576923076923 0.11538461538461539 0.19146722164412072 0.029483177245924384
