10 0.5865384615384616 0.9807692307692307 0.019767441860465116 0.012790697674418604
10 0.25 0.9735576923076923 0.026744186046511628 0.015116279069767442
10 0.27884615384615385 0.3317307692307692 0.013953488372093025 0.02558139534883721
10 0.2644230769230769 0.3389423076923077 0.012790697674418604 0.020930232558139535
10 0.1658653846153846 0.34375 0.011627906976744186 0.02558139534883721
10 0.21875 0.30288461538461536 0.010465116279069767 0.020930232558139535
10 0.1346153846153846 0.15625 0.022093023255813953 0.024418604651162794
10 0.2548076923076923 0.08173076923076923 0.024418604651162794 0.023255813953488372
10 0.16826923076923078 0.0673076923076923 0.010465116279069767 0.024418604651162794
10 0.25961538461538464 0.052884615384615384 0.026744186046511628 0.02558139534883721
10 0.2644230769230769 0.026442307692307692 0.024418604651162794 0.022093023255813953
4 0.7403846153846154 0.8701923076923077 0.053488372093023255 0.1058139534883721
4 0.6778846153846154 0.8725961538461539 0.0558139534883721 0.10813953488372093
4 0.6177884615384616 0.875 0.05813953488372093 0.1058139534883721
4 0.5552884615384616 0.8774038461538461 0.05465116279069767 0.10465116279069767
4 0.49278846153846156 0.8798076923076923 0.053488372093023255 0.10465116279069767
4 0.7331730769230769 0.7139423076923077 0.0558139534883721 0.1058139534883721
4 0.6730769230769231 0.7163461538461539 0.05232558139534883 0.1058139534883721
4 0.6105769230769231 0.71875 0.05465116279069767 0.10465116279069767
4 0.5504807692307693 0.7211538461538461 0.05465116279069767 0.10465116279069767
4 0.4879807692307692 0.7235576923076923 0.05116279069767442 0.1058139534883721
5 0.6466346153846154 0.5336538461538461 0.11511627906976744 0.06162790697674418
5 0.6514423076923077 0.5913461538461539 0.11395348837209303 0.06046511627906977
10 0.28846153846153844 0.3317307692307692 0.013953488372093025 0.023255813953488372
10 0.3004807692307692 0.3293269230769231 0.015116279069767442 0.02558139534883721
10 0.3125 0.3293269230769231 0.01744186046511628 0.024418604651162794
10 0.32211538461538464 0.41346153846153844 0.013953488372093025 0.023255813953488372
10 0.1201923076923077 0.6754807692307693 0.026744186046511628 0.012790697674418604
10 0.15625 0.5913461538461539 0.011627906976744186 0.026744186046511628
10 0.2644230769230769 0.5649038461538461 0.013953488372093025 0.02558139534883721
10 0.2860576923076923 0.5625 0.012790697674418604 0.02790697674418605
10 0.2980769230769231 0.5625 0.012790697674418604 0.023255813953488372
10 0.31009615384615385 0.5576923076923077 0.012790697674418604 0.024418604651162794
10 0.32211538461538464 0.5552884615384616 0.013953488372093025 0.02790697674418605
10 0.3557692307692308 0.5504807692307693 0.015116279069767442 0.024418604651162794
10 0.31009615384615385 0.41346153846153844 0.012790697674418604 0.023255813953488372
10 0.46875 0.3581730769230769 0.013953488372093025 0.019767441860465116
10 0.33413461538461536 0.32211538461538464 0.01627906976744186 0.023255813953488372
10 0.4230769230769231 0.36778846153846156 0.01627906976744186 0.029069767441860465
10 0.31971153846153844 0.3894230769230769 0.01627906976744186 0.02790697674418605
10 0.34134615384615385 0.3798076923076923 0.01627906976744186 0.024418604651162794
10 0.3798076923076923 0.35096153846153844 0.024418604651162794 0.012790697674418604
10 0.4639423076923077 0.30288461538461536 0.012790697674418604 0.022093023255813953
10 0.4519230769230769 0.30528846153846156 0.012790697674418604 0.024418604651162794
10 0.43990384615384615 0.30528846153846156 0.012790697674418604 0.023255813953488372
10 0.3942307692307692 0.3173076923076923 0.012790697674418604 0.023255813953488372
10 0.3701923076923077 0.3173076923076923 0.013953488372093025 0.024418604651162794
5 0.5384615384615384 0.6009615384615384 0.11627906976744186 0.06162790697674418
