10 0.18990384615384615 0.014423076923076924 0.026390870185449358 0.016405135520684736
10 0.18269230769230768 0.03125 0.03281027104136947 0.02211126961483595
4 0.40865384615384615 0.2956730769230769 0.10627674750356635 0.14479315263908704
4 0.53125 0.25 0.10699001426533525 0.14764621968616265
4 0.6225961538461539 0.21634615384615385 0.10556348074179743 0.14550641940085593
4 0.2764423076923077 0.5913461538461539 0.10770328102710415 0.14621968616262485
4 0.39903846153846156 0.5456730769230769 0.10556348074179743 0.14550641940085593
4 0.4879807692307692 0.5096153846153846 0.10627674750356635 0.14621968616262485
4 0.6105769230769231 0.4639423076923077 0.10485021398002854 0.14621968616262485
4 0.7043269230769231 0.43028846153846156 0.10770328102710415 0.14407988587731813
4 0.47596153846153844 0.7548076923076923 0.10556348074179743 0.14621968616262485
4 0.5697115384615384 0.7211538461538461 0.10485021398002854 0.14479315263908704
4 0.6899038461538461 0.6754807692307693 0.10485021398002854 0.14550641940085593
4 0.7836538461538461 0.6418269230769231 0.10627674750356635 0.14621968616262485
10 0.20432692307692307 0.8173076923076923 0.03423680456490728 0.02567760342368046
10 0.13221153846153846 0.8076923076923077 0.029243937232524966 0.023537803138373756
10 0.13942307692307693 0.8245192307692307 0.03209700427960058 0.024251069900142655
4 0.3173076923076923 0.3293269230769231 0.10699001426533525 0.14550641940085593
