0 0.13942307692307693 0.6418269230769231 0.04496077248038625 0.005733252866626433
0 0.11538461538461539 0.6177884615384616 0.012371756185878094 0.005733252866626433
0 0.03125 0.5528846153846154 0.005431502715751358 0.00331925165962583
0 0.007211538461538462 0.5552884615384616 0.004526252263126132 0.00331925165962583
0 0.055288461538461536 0.5480769230769231 0.006336753168376585 0.004828002414001207
0 0.019230769230769232 0.5024038461538461 0.004224502112251056 0.008147254073627038
0 0.055288461538461536 0.4495192307692308 0.004526252263126132 0.006336753168376585
0 0.036057692307692304 0.4206730769230769 0.007242003621001811 0.008449004224502113
0 0.03125 0.4206730769230769 0.006336753168376585 0.0060350030175015095
0 0.12980769230769232 0.5552884615384616 0.011164755582377792 0.004224502112251056
0 0.9302884615384616 0.45913461538461536 0.011164755582377792 0.00331925165962583
0 0.7475961538461539 0.4831730769230769 0.3943874471937236 0.06035003017501509
0 0.8533653846153846 0.4807692307692308 0.1907060953530477 0.03983101991550996
0 0.6586538461538461 0.5072115384615384 0.19704284852142426 0.03379601689800845
0 0.1201923076923077 0.5576923076923077 0.07966203983101992 0.017501508750754378
0 0.1201923076923077 0.5697115384615384 0.08298129149064574 0.0171997585998793
0 0.13701923076923078 0.4206730769230769 0.023838261919130962 0.0060350030175015095
0 0.14903846153846154 0.4375 0.024743512371756187 0.012070006035003019
0 0.1346153846153846 0.4855769230769231 0.01780325890162945 0.003922751961375981
0 0.12259615384615384 0.5048076923076923 0.024743512371756187 0.0036210018105009055
0 0.11538461538461539 0.5144230769230769 0.0171997585998793 0.006336753168376585
0 0.1201923076923077 0.5384615384615384 0.014785757392878697 0.006336753168376585
0 0.11778846153846154 0.5961538461538461 0.006940253470126736 0.004224502112251056
0 0.019230769230769232 0.5216346153846154 0.00331925165962583 0.006336753168376585
