0 0.5576923076923077 0.3125 0.004095842719639566 0.0034814663116936313
0 0.3389423076923077 0.7283653846153846 0.006758140487405284 0.006348556215441327
0 0.3293269230769231 0.6778846153846154 0.005119803399549457 0.005324595535531436
0 0.3317307692307692 0.6754807692307693 0.00593897194347737 0.006348556215441327
0 0.33653846153846156 0.6658653846153846 0.005119803399549457 0.006143764079459348
0 0.37259615384615385 0.65625 0.0057341798074953924 0.0073725168953512185
0 0.42788461538461536 0.5504807692307693 0.0034814663116936313 0.005324595535531436
0 0.38221153846153844 0.5384615384615384 0.00839647757526111 0.011058775343026829
0 0.3894230769230769 0.5216346153846154 0.005119803399549457 0.00593897194347737
0 0.39663461538461536 0.5216346153846154 0.0057341798074953924 0.0055293876715134145
0 0.4014423076923077 0.5264423076923077 0.010649191071062871 0.00962523039115298
0 0.3942307692307692 0.5240384615384616 0.01187794388695474 0.012082736022936719
0 0.3173076923076923 0.7163461538461539 0.006962932623387263 0.0073725168953512185
0 0.40865384615384615 0.5288461538461539 0.010649191071062871 0.010649191071062871
0 0.39903846153846156 0.5408653846153846 0.012697112430882654 0.013106696702846612
0 0.3918269230769231 0.5360576923076923 0.01187794388695474 0.013106696702846612
0 0.40384615384615385 0.5336538461538461 0.014949825926684415 0.012697112430882654
0 0.38221153846153844 0.5480769230769231 0.011263567479008807 0.010444398935080893
0 0.3245192307692308 0.6899038461538461 0.008806061847225067 0.009215646119189024
0 0.32211538461538464 0.7019230769230769 0.013516280974810568 0.013925865246774525
0 0.3605769230769231 0.6009615384615384 0.007577309031333196 0.007577309031333196
0 0.35336538461538464 0.6201923076923077 0.014745033790702437 0.013721073110792546
0 0.36778846153846156 0.5769230769230769 0.008806061847225067 0.009215646119189024
0 0.375 0.5817307692307693 0.014130657382756503 0.014335449518738481
0 0.45913461538461536 0.4639423076923077 0.00962523039115298 0.008806061847225067
0 0.34375 0.7307692307692307 0.006143764079459348 0.004915011263567479
0 0.3942307692307692 0.7115384615384616 0.0057341798074953924 0.006553348351423306
0 0.5552884615384616 0.31009615384615385 0.004095842719639566 0.0036862584476756092
0 0.39663461538461536 0.6899038461538461 0.006143764079459348 0.006348556215441327
0 0.5528846153846154 0.3125 0.004300634855621544 0.004915011263567479
0 0.5576923076923077 0.3076923076923077 0.0028670899037476962 0.004095842719639566
0 0.5528846153846154 0.3076923076923077 0.003071882039729674 0.004505426991603522
0 0.5480769230769231 0.31009615384615385 0.004915011263567479 0.0055293876715134145
0 0.5456730769230769 0.3076923076923077 0.005119803399549457 0.005119803399549457
0 0.5528846153846154 0.30288461538461536 0.004915011263567479 0.006553348351423306
0 0.5480769230769231 0.30528846153846156 0.006143764079459348 0.006758140487405284
0 0.5336538461538461 0.37740384615384615 0.007782101167315175 0.006553348351423306
0 0.5336538461538461 0.3798076923076923 0.004710219127585501 0.00593897194347737
0 0.5072115384615384 0.41346153846153844 0.004710219127585501 0.0034814663116936313
0 0.41346153846153844 0.6394230769230769 0.0055293876715134145 0.0057341798074953924
0 0.41586538461538464 0.6225961538461539 0.004915011263567479 0.0057341798074953924
0 0.41346153846153844 0.6442307692307693 0.004300634855621544 0.0057341798074953924
0 0.4110576923076923 0.6586538461538461 0.005119803399549457 0.004095842719639566
0 0.43509615384615385 0.6442307692307693 0.004300634855621544 0.004915011263567479
0 0.43509615384615385 0.6418269230769231 0.0034814663116936313 0.004095842719639566
0 0.4375 0.6538461538461539 0.005324595535531436 0.006143764079459348
0 0.40865384615384615 0.6923076923076923 0.0071677247593692405 0.006348556215441327
0 0.4326923076923077 0.7163461538461539 0.004915011263567479 0.0034814663116936313
0 0.42788461538461536 0.7139423076923077 0.004710219127585501 0.0036862584476756092
0 0.42788461538461536 0.7211538461538461 0.004300634855621544 0.0036862584476756092
0 0.4254807692307692 0.7788461538461539 0.004915011263567479 0.0034814663116936313
0 0.42788461538461536 0.7427884615384616 0.005119803399549457 0.004300634855621544
0 0.39903846153846156 0.5913461538461539 0.006143764079459348 0.006348556215441327
