0 0.15384615384615385 0.49278846153846156 0.010190217391304348 0.009850543478260868
0 0.38461538461538464 0.75 0.00577445652173913 0.00577445652173913
0 0.37259615384615385 0.7668269230769231 0.0037364130434782605 0.003396739130434782
0 0.36778846153846156 0.7692307692307693 0.0037364130434782605 0.004415760869565217
0 0.36538461538461536 0.7740384615384616 0.004415760869565217 0.004076086956521739
0 0.3629807692307692 0.7788461538461539 0.004076086956521739 0.003396739130434782
0 0.3581730769230769 0.78125 0.004076086956521739 0.004415760869565217
0 0.3557692307692308 0.7860576923076923 0.0037364130434782605 0.004076086956521739
0 0.35096153846153844 0.7908653846153846 0.004076086956521739 0.004076086956521739
0 0.3485576923076923 0.7956730769230769 0.004076086956521739 0.004076086956521739
0 0.3942307692307692 0.7355769230769231 0.008491847826086956 0.008831521739130434
0 0.4014423076923077 0.7283653846153846 0.008491847826086956 0.009171195652173912
0 0.40865384615384615 0.71875 0.008831521739130434 0.008831521739130434
0 0.41346153846153844 0.7115384615384616 0.009171195652173912 0.008831521739130434
0 0.4206730769230769 0.7043269230769231 0.007812499999999999 0.007472826086956521
0 0.4254807692307692 0.6971153846153846 0.007472826086956521 0.007472826086956521
0 0.43028846153846156 0.6899038461538461 0.007812499999999999 0.007472826086956521
0 0.43509615384615385 0.6850961538461539 0.007133152173913042 0.007133152173913042
0 0.4495192307692308 0.6850961538461539 0.011888586956521738 0.01154891304347826
0 0.375 0.7620192307692307 0.0037364130434782605 0.004415760869565217
0 0.3798076923076923 0.7548076923076923 0.005095108695652174 0.005095108695652174
0 0.30528846153846156 0.5360576923076923 0.004076086956521739 0.004415760869565217
0 0.3557692307692308 0.7716346153846154 0.006114130434782608 0.006453804347826086
0 0.31490384615384615 0.5432692307692307 0.004755434782608695 0.004755434782608695
0 0.31971153846153844 0.5480769230769231 0.004415760869565217 0.004755434782608695
0 0.3245192307692308 0.5504807692307693 0.005095108695652174 0.004755434782608695
0 0.3269230769230769 0.5552884615384616 0.004755434782608695 0.004755434782608695
0 0.3317307692307692 0.5576923076923077 0.004755434782608695 0.004755434782608695
0 0.33653846153846156 0.5625 0.005434782608695652 0.005095108695652174
0 0.34134615384615385 0.5649038461538461 0.005095108695652174 0.005095108695652174
0 0.3389423076923077 0.7836538461538461 0.009850543478260868 0.010190217391304348
0 0.34615384615384615 0.7740384615384616 0.00951086956521739 0.008831521739130434
0 0.35096153846153844 0.7668269230769231 0.005434782608695652 0.00577445652173913
0 0.3557692307692308 0.7596153846153846 0.005434782608695652 0.00577445652173913
0 0.3605769230769231 0.7548076923076923 0.005095108695652174 0.005434782608695652
0 0.36538461538461536 0.75 0.005434782608695652 0.005434782608695652
0 0.36778846153846156 0.7451923076923077 0.00577445652173913 0.006114130434782608
0 0.375 0.75 0.005095108695652174 0.00577445652173913
0 0.36538461538461536 0.7596153846153846 0.006453804347826086 0.006453804347826086
0 0.3605769230769231 0.7668269230769231 0.007133152173913042 0.006793478260869564
0 0.43990384615384615 0.6971153846153846 0.011888586956521738 0.01154891304347826
0 0.43028846153846156 0.7091346153846154 0.011888586956521738 0.01154891304347826
0 0.4230769230769231 0.71875 0.008831521739130434 0.008831521739130434
0 0.4182692307692308 0.7283653846153846 0.009850543478260868 0.008152173913043478
0 0.4543269230769231 0.7620192307692307 0.006453804347826086 0.006793478260869564
0 0.46153846153846156 0.7548076923076923 0.008491847826086956 0.008831521739130434
0 0.45913461538461536 0.7403846153846154 0.008152173913043478 0.008831521739130434
0 0.4735576923076923 0.7596153846153846 0.010190217391304348 0.010529891304347826
0 0.46875 0.7475961538461539 0.008491847826086956 0.007812499999999999
0 0.46634615384615385 0.7331730769230769 0.008831521739130434 0.007812499999999999
0 0.4807692307692308 0.75 0.010529891304347826 0.010190217391304348
0 0.4735576923076923 0.7403846153846154 0.008152173913043478 0.008152173913043478
0 0.47115384615384615 0.7259615384615384 0.008491847826086956 0.008491847826086956
0 0.4807692307692308 0.7331730769230769 0.008152173913043478 0.007812499999999999
0 0.4879807692307692 0.7403846153846154 0.010529891304347826 0.010190217391304348
0 0.44711538461538464 0.6418269230769231 0.008491847826086956 0.008831521739130434
0 0.43990384615384615 0.6514423076923077 0.008831521739130434 0.008152173913043478
0 0.4567307692307692 0.6490384615384616 0.008491847826086956 0.008491847826086956
0 0.4495192307692308 0.65625 0.008831521739130434 0.007812499999999999
0 0.4639423076923077 0.6538461538461539 0.007812499999999999 0.007812499999999999
0 0.4567307692307692 0.6634615384615384 0.008491847826086956 0.007812499999999999
0 0.4519230769230769 0.7475961538461539 0.008491847826086956 0.008152173913043478
0 0.46634615384615385 0.7692307692307693 0.009850543478260868 0.010190217391304348
0 0.4495192307692308 0.7692307692307693 0.006453804347826086 0.006453804347826086
0 0.40625 0.6875 0.005434782608695652 0.006114130434782608
0 0.4110576923076923 0.7355769230769231 0.008831521739130434 0.008152173913043478
0 0.40384615384615385 0.7427884615384616 0.008491847826086956 0.008152173913043478
0 0.4206730769230769 0.75 0.020040760869565213 0.017323369565217392
0 0.4326923076923077 0.7331730769230769 0.019701086956521736 0.018002717391304348
0 0.44711538461538464 0.7163461538461539 0.018342391304347824 0.018002717391304348
0 0.46153846153846156 0.6995192307692307 0.018342391304347824 0.018002717391304348
0 0.4110576923076923 0.6923076923076923 0.005434782608695652 0.005434782608695652
0 0.39903846153846156 0.6826923076923077 0.00577445652173913 0.006114130434782608
0 0.44711538461538464 0.7572115384615384 0.008491847826086956 0.008491847826086956
0 0.375 0.6634615384615384 0.005434782608695652 0.006114130434782608
0 0.3798076923076923 0.6682692307692307 0.005434782608695652 0.00577445652173913
0 0.3870192307692308 0.6706730769230769 0.005434782608695652 0.00577445652173913
0 0.3918269230769231 0.6754807692307693 0.005095108695652174 0.006114130434782608
0 0.43509615384615385 0.7692307692307693 0.006793478260869564 0.007133152173913042
0 0.44471153846153844 0.7764423076923077 0.006114130434782608 0.006793478260869564
0 0.43990384615384615 0.7644230769230769 0.006453804347826086 0.006793478260869564
0 0.31009615384615385 0.5408653846153846 0.004755434782608695 0.004415760869565217
0 0.3004807692307692 0.5336538461538461 0.004415760869565217 0.004755434782608695
0 0.9663461538461539 0.3605769230769231 0.03158967391304347 0.024796195652173912
0 0.24759615384615385 0.65625 0.004755434782608695 0.004755434782608695
0 0.25240384615384615 0.6610576923076923 0.0037364130434782605 0.004076086956521739
0 0.25961538461538464 0.65625 0.004076086956521739 0.004755434782608695
0 0.2644230769230769 0.6610576923076923 0.004415760869565217 0.004076086956521739
0 0.25721153846153844 0.6634615384615384 0.004415760869565217 0.004415760869565217
0 0.2692307692307692 0.6634615384615384 0.004415760869565217 0.004076086956521739
0 0.2620192307692308 0.6682692307692307 0.004415760869565217 0.004755434782608695
0 0.27403846153846156 0.6682692307692307 0.004076086956521739 0.004076086956521739
0 0.2668269230769231 0.6706730769230769 0.004755434782608695 0.005095108695652174
0 0.2764423076923077 0.6706730769230769 0.004415760869565217 0.004415760869565217
0 0.27163461538461536 0.6754807692307693 0.004755434782608695 0.004415760869565217
0 0.28125 0.6730769230769231 0.004415760869565217 0.004755434782608695
0 0.2764423076923077 0.6778846153846154 0.004415760869565217 0.005434782608695652
0 0.25961538461538464 0.625 0.007133152173913042 0.007133152173913042
0 0.2644230769230769 0.6177884615384616 0.006793478260869564 0.006793478260869564
0 0.27163461538461536 0.6105769230769231 0.007133152173913042 0.007472826086956521
0 0.2764423076923077 0.6057692307692307 0.00577445652173913 0.005434782608695652
0 0.2932692307692308 0.59375 0.00577445652173913 0.00577445652173913
0 0.2548076923076923 0.6538461538461539 0.004076086956521739 0.004076086956521739
0 0.25240384615384615 0.6514423076923077 0.0037364130434782605 0.004415760869565217
0 0.35096153846153844 0.5625 0.004415760869565217 0.004076086956521739
0 0.24278846153846154 0.6538461538461539 0.005095108695652174 0.004755434782608695
0 0.21875 0.6394230769230769 0.006114130434782608 0.005095108695652174
0 0.22115384615384615 0.6274038461538461 0.005095108695652174 0.005434782608695652
0 0.22596153846153846 0.625 0.006793478260869564 0.006453804347826086
0 0.23317307692307693 0.6298076923076923 0.00577445652173913 0.006793478260869564
0 0.22596153846153846 0.6322115384615384 0.00577445652173913 0.005434782608695652
0 0.22355769230769232 0.6394230769230769 0.00577445652173913 0.005095108695652174
0 0.2403846153846154 0.6346153846153846 0.006453804347826086 0.006793478260869564
0 0.23076923076923078 0.6370192307692307 0.005434782608695652 0.004755434782608695
0 0.2283653846153846 0.6418269230769231 0.004755434782608695 0.0037364130434782605
0 0.22596153846153846 0.6466346153846154 0.004415760869565217 0.0037364130434782605
0 0.23076923076923078 0.6514423076923077 0.004076086956521739 0.004076086956521739
0 0.23557692307692307 0.6418269230769231 0.00577445652173913 0.005095108695652174
0 0.22355769230769232 0.6442307692307693 0.004415760869565217 0.004076086956521739
0 0.23317307692307693 0.6442307692307693 0.0037364130434782605 0.004076086956521739
0 0.24278846153846154 0.6442307692307693 0.00577445652173913 0.00577445652173913
0 0.23798076923076922 0.6490384615384616 0.00577445652173913 0.005095108695652174
0 0.24759615384615385 0.6466346153846154 0.004076086956521739 0.004076086956521739
0 0.28846153846153844 0.5985576923076923 0.00577445652173913 0.00577445652173913
0 0.2980769230769231 0.5985576923076923 0.00577445652173913 0.005434782608695652
0 0.2932692307692308 0.6033653846153846 0.00577445652173913 0.005434782608695652
0 0.28365384615384615 0.6057692307692307 0.006114130434782608 0.006114130434782608
0 0.34134615384615385 0.5384615384615384 0.005434782608695652 0.006453804347826086
0 0.30528846153846156 0.5264423076923077 0.004076086956521739 0.004415760869565217
0 0.31009615384615385 0.5288461538461539 0.004415760869565217 0.004755434782608695
0 0.31490384615384615 0.53125 0.003396739130434782 0.004076086956521739
0 0.3173076923076923 0.5360576923076923 0.004415760869565217 0.004755434782608695
0 0.32211538461538464 0.5384615384615384 0.0037364130434782605 0.004415760869565217
0 0.33413461538461536 0.5408653846153846 0.004076086956521739 0.004415760869565217
0 0.3389423076923077 0.5456730769230769 0.0037364130434782605 0.0037364130434782605
0 0.34134615384615385 0.5480769230769231 0.004415760869565217 0.004755434782608695
0 0.34615384615384615 0.5504807692307693 0.004076086956521739 0.0037364130434782605
0 0.35096153846153844 0.5552884615384616 0.005095108695652174 0.0037364130434782605
0 0.3557692307692308 0.5576923076923077 0.004415760869565217 0.004755434782608695
0 0.3293269230769231 0.5456730769230769 0.004076086956521739 0.004415760869565217
0 0.33413461538461536 0.5480769230769231 0.004415760869565217 0.004415760869565217
0 0.3389423076923077 0.5528846153846154 0.004076086956521739 0.004415760869565217
0 0.34375 0.5552884615384616 0.004076086956521739 0.004415760869565217
0 0.34615384615384615 0.5600961538461539 0.004755434782608695 0.004076086956521739
0 0.3269230769230769 0.5336538461538461 0.004076086956521739 0.004415760869565217
0 0.32211538461538464 0.53125 0.0037364130434782605 0.004415760869565217
0 0.3173076923076923 0.5264423076923077 0.004076086956521739 0.004415760869565217
0 0.4206730769230769 0.4230769230769231 0.010190217391304348 0.00951086956521739
0 0.28846153846153844 0.6105769230769231 0.005434782608695652 0.005434782608695652
0 0.28125 0.6105769230769231 0.005434782608695652 0.005434782608695652
0 0.2860576923076923 0.6153846153846154 0.006114130434782608 0.00577445652173913
0 0.27403846153846156 0.6177884615384616 0.004755434782608695 0.005095108695652174
0 0.27163461538461536 0.6225961538461539 0.004415760869565217 0.004755434782608695
0 0.2668269230769231 0.6274038461538461 0.004755434782608695 0.005095108695652174
0 0.43028846153846156 0.4110576923076923 0.00951086956521739 0.009850543478260868
0 0.41346153846153844 0.4326923076923077 0.009850543478260868 0.00951086956521739
0 0.3125 0.5240384615384616 0.0037364130434782605 0.004076086956521739
0 0.3581730769230769 0.5528846153846154 0.00577445652173913 0.005095108695652174
0 0.35336538461538464 0.5480769230769231 0.00577445652173913 0.00577445652173913
0 0.3485576923076923 0.5432692307692307 0.00577445652173913 0.006114130434782608
0 0.31490384615384615 0.5168269230769231 0.005434782608695652 0.005095108695652174
0 0.32211538461538464 0.5216346153846154 0.005095108695652174 0.005095108695652174
0 0.3269230769230769 0.5264423076923077 0.005095108695652174 0.006114130434782608
0 0.31009615384615385 0.5216346153846154 0.004415760869565217 0.004076086956521739
0 0.4735576923076923 0.6610576923076923 0.008491847826086956 0.008152173913043478
0 0.46634615384615385 0.6706730769230769 0.007812499999999999 0.008491847826086956
0 0.4855769230769231 0.37259615384615385 0.011888586956521738 0.010869565217391304
0 0.5673076923076923 0.3581730769230769 0.006453804347826086 0.006453804347826086
0 0.5817307692307693 0.3581730769230769 0.007812499999999999 0.007472826086956521
0 0.5889423076923077 0.36538461538461536 0.007133152173913042 0.007812499999999999
0 0.5817307692307693 0.37259615384615385 0.007472826086956521 0.008152173913043478
0 0.5961538461538461 0.3701923076923077 0.007133152173913042 0.007133152173913042
0 0.5889423076923077 0.37740384615384615 0.007133152173913042 0.007472826086956521
0 0.6033653846153846 0.37740384615384615 0.007133152173913042 0.006793478260869564
0 0.5673076923076923 0.40625 0.006793478260869564 0.007133152173913042
0 0.5817307692307693 0.4182692307692308 0.006793478260869564 0.007133152173913042
0 0.5817307692307693 0.40384615384615385 0.006453804347826086 0.006793478260869564
0 0.5889423076923077 0.4110576923076923 0.007133152173913042 0.007472826086956521
0 0.5961538461538461 0.38461538461538464 0.006793478260869564 0.007472826086956521
0 0.6057692307692307 0.3918269230769231 0.006793478260869564 0.007812499999999999
0 0.6105769230769231 0.38461538461538464 0.006453804347826086 0.007133152173913042
0 0.6201923076923077 0.3894230769230769 0.007472826086956521 0.007133152173913042
0 0.6129807692307693 0.39903846153846156 0.006793478260869564 0.007133152173913042
0 0.5961538461538461 0.33413461538461536 0.007812499999999999 0.008491847826086956
0 0.6033653846153846 0.3245192307692308 0.007812499999999999 0.008152173913043478
0 0.5745192307692307 0.36538461538461536 0.006793478260869564 0.007133152173913042
0 0.5745192307692307 0.35096153846153844 0.006793478260869564 0.007812499999999999
0 0.5 0.38461538461538464 0.009850543478260868 0.010529891304347826
0 0.5600961538461539 0.35096153846153844 0.006453804347826086 0.007133152173913042
0 0.4951923076923077 0.2980769230769231 0.007133152173913042 0.007472826086956521
0 0.5 0.29086538461538464 0.007472826086956521 0.008152173913043478
0 0.5024038461538461 0.30288461538461536 0.007133152173913042 0.006793478260869564
0 0.5072115384615384 0.2956730769230769 0.006793478260869564 0.007133152173913042
0 0.5144230769230769 0.3004807692307692 0.007133152173913042 0.006114130434782608
0 0.5072115384615384 0.3076923076923077 0.006453804347826086 0.006453804347826086
0 0.5216346153846154 0.30528846153846156 0.006793478260869564 0.007472826086956521
0 0.5144230769230769 0.3125 0.007133152173913042 0.006793478260869564
0 0.5552884615384616 0.2980769230769231 0.014266304347826084 0.014605978260869564
0 0.5721153846153846 0.3125 0.01528532608695652 0.013926630434782606
0 0.5432692307692307 0.3245192307692308 0.006453804347826086 0.006793478260869564
0 0.5360576923076923 0.3317307692307692 0.006114130434782608 0.006114130434782608
0 0.5432692307692307 0.3389423076923077 0.006793478260869564 0.006453804347826086
0 0.5504807692307693 0.3317307692307692 0.006114130434782608 0.006114130434782608
0 0.5576923076923077 0.3389423076923077 0.006793478260869564 0.007133152173913042
0 0.5504807692307693 0.34615384615384615 0.006114130434782608 0.006114130434782608
0 0.5649038461538461 0.34375 0.006453804347826086 0.006793478260869564
0 0.6057692307692307 0.34134615384615385 0.007812499999999999 0.008831521739130434
0 0.6129807692307693 0.3485576923076923 0.008152173913043478 0.008491847826086956
0 0.6129807692307693 0.3317307692307692 0.008152173913043478 0.008491847826086956
0 0.6201923076923077 0.3389423076923077 0.008152173913043478 0.007812499999999999
0 0.6634615384615384 0.3389423076923077 0.010869565217391304 0.010529891304347826
0 0.6947115384615384 0.3701923076923077 0.01324728260869565 0.014605978260869564
0 0.7091346153846154 0.38221153846153844 0.014266304347826084 0.015624999999999998
0 0.6682692307692307 0.4543269230769231 0.02921195652173913 0.029891304347826084
0 0.6442307692307693 0.49038461538461536 0.030230978260869564 0.02853260869565217
0 0.7788461538461539 0.15865384615384615 0.033967391304347824 0.022758152173913044
0 0.7596153846153846 0.16826923076923078 0.033627717391304345 0.022418478260869564
0 0.9182692307692307 0.33413461538461536 0.03736413043478261 0.023777173913043476
0 0.9206730769230769 0.3245192307692308 0.049932065217391304 0.029891304347826084
0 0.9182692307692307 0.31490384615384615 0.034646739130434784 0.020380434782608696
0 0.9206730769230769 0.31009615384615385 0.034307065217391304 0.022078804347826088
0 0.9182692307692307 0.3004807692307692 0.03294836956521739 0.02139945652173913
0 0.9206730769230769 0.2956730769230769 0.031249999999999997 0.020380434782608696
0 0.8413461538461539 0.3076923076923077 0.059103260869565216 0.04076086956521739
0 0.9711538461538461 0.31490384615384615 0.05604619565217391 0.0390625
0 0.9759615384615384 0.3485576923076923 0.03736413043478261 0.028872282608695652
0 0.9711538461538461 0.3557692307692308 0.03804347826086956 0.030230978260869564
0 0.6514423076923077 0.3293269230769231 0.011209239130434782 0.010529891304347826
0 0.6754807692307693 0.3245192307692308 0.010190217391304348 0.010529891304347826
0 0.6634615384615384 0.31490384615384615 0.011209239130434782 0.010190217391304348
0 0.6370192307692307 0.3173076923076923 0.01154891304347826 0.012567934782608694
0 0.6298076923076923 0.34615384615384615 0.006793478260869564 0.007812499999999999
0 0.6225961538461539 0.3557692307692308 0.008152173913043478 0.007472826086956521
0 0.6322115384615384 0.3629807692307692 0.008491847826086956 0.008491847826086956
0 0.6394230769230769 0.3557692307692308 0.007472826086956521 0.007472826086956521
0 0.6225961538461539 0.30528846153846156 0.012228260869565216 0.012567934782608694
0 0.6346153846153846 0.29086538461538464 0.01154891304347826 0.012907608695652172
0 0.6490384615384616 0.30288461538461536 0.012907608695652172 0.012228260869565216
0 0.6033653846153846 0.4855769230769231 0.03057065217391304 0.029551630434782608
0 0.6923076923076923 0.3076923076923077 0.008491847826086956 0.007472826086956521
0 0.6225961538461539 0.5216346153846154 0.029891304347826084 0.029891304347826084
0 0.6274038461538461 0.4519230769230769 0.028192934782608696 0.028872282608695652
0 0.6442307692307693 0.4206730769230769 0.020380434782608696 0.02072010869565217
0 0.5793269230769231 0.2644230769230769 0.004415760869565217 0.005434782608695652
0 0.5817307692307693 0.2692307692307692 0.004415760869565217 0.004755434782608695
0 0.7259615384615384 0.14903846153846154 0.033627717391304345 0.022418478260869564
0 0.6826923076923077 0.3004807692307692 0.007133152173913042 0.007133152173913042
0 0.41586538461538464 0.6826923076923077 0.004076086956521739 0.004755434782608695
0 0.4182692307692308 0.6778846153846154 0.004076086956521739 0.0037364130434782605
0 0.4206730769230769 0.6730769230769231 0.0037364130434782605 0.0037364130434782605
0 0.38221153846153844 0.6514423076923077 0.004076086956521739 0.003396739130434782
0 0.5576923076923077 0.38461538461538464 0.006793478260869564 0.007133152173913042
0 0.5600961538461539 0.39903846153846156 0.006453804347826086 0.006453804347826086
0 0.5649038461538461 0.3918269230769231 0.006453804347826086 0.007133152173913042
0 0.5745192307692307 0.39663461538461536 0.007133152173913042 0.007133152173913042
0 0.5745192307692307 0.4110576923076923 0.006793478260869564 0.006793478260869564
0 0.25 0.6370192307692307 0.0037364130434782605 0.0037364130434782605
0 0.25240384615384615 0.6418269230769231 0.0037364130434782605 0.0037364130434782605
0 0.25721153846153844 0.6442307692307693 0.003057065217391304 0.003057065217391304
0 0.2620192307692308 0.6466346153846154 0.0037364130434782605 0.003396739130434782
0 0.2644230769230769 0.6490384615384616 0.002717391304347826 0.003057065217391304
0 0.2692307692307692 0.6514423076923077 0.003396739130434782 0.0037364130434782605
0 0.27163461538461536 0.6538461538461539 0.003396739130434782 0.003057065217391304
0 0.2764423076923077 0.65625 0.003057065217391304 0.003396739130434782
0 0.27884615384615385 0.6586538461538461 0.003057065217391304 0.003057065217391304
0 0.28125 0.6610576923076923 0.003057065217391304 0.0037364130434782605
0 0.3798076923076923 0.65625 0.004415760869565217 0.004415760869565217
0 0.3870192307692308 0.6586538461538461 0.004415760869565217 0.004076086956521739
0 0.5504807692307693 0.3918269230769231 0.006793478260869564 0.007133152173913042
0 0.5769230769230769 0.4423076923076923 0.008491847826086956 0.008831521739130434
0 0.5673076923076923 0.4543269230769231 0.007472826086956521 0.008491847826086956
0 0.5240384615384616 0.3557692307692308 0.007472826086956521 0.007133152173913042
0 0.5120192307692307 0.3942307692307692 0.010529891304347826 0.010190217391304348
0 0.5216346153846154 0.40625 0.010529891304347826 0.010529891304347826
0 0.5096153846153846 0.3557692307692308 0.006793478260869564 0.006793478260869564
0 0.5192307692307693 0.3629807692307692 0.007472826086956521 0.007472826086956521
0 0.5264423076923077 0.3701923076923077 0.007133152173913042 0.008152173913043478
0 0.5408653846153846 0.36778846153846156 0.006453804347826086 0.007133152173913042
0 0.5168269230769231 0.3485576923076923 0.006793478260869564 0.007472826086956521
0 0.5336538461538461 0.3629807692307692 0.006453804347826086 0.007133152173913042
0 0.5576923076923077 0.44471153846153844 0.00951086956521739 0.009850543478260868
0 0.5288461538461539 0.4206730769230769 0.008152173913043478 0.008491847826086956
0 0.5384615384615384 0.42788461538461536 0.008491847826086956 0.009171195652173912
0 0.5360576923076923 0.40865384615384615 0.009171195652173912 0.008831521739130434
0 0.5480769230769231 0.4182692307692308 0.009171195652173912 0.008831521739130434
0 0.5576923076923077 0.4254807692307692 0.007812499999999999 0.008831521739130434
0 0.5480769230769231 0.4375 0.007812499999999999 0.008831521739130434
0 0.5673076923076923 0.43509615384615385 0.010529891304347826 0.009171195652173912
0 0.3894230769230769 0.6634615384615384 0.0037364130434782605 0.0037364130434782605
0 0.3870192307692308 0.6538461538461539 0.0037364130434782605 0.004076086956521739
0 0.4254807692307692 0.6706730769230769 0.004076086956521739 0.0037364130434782605
0 0.3918269230769231 0.65625 0.003057065217391304 0.003396739130434782
0 0.4206730769230769 0.6610576923076923 0.004415760869565217 0.004076086956521739
0 0.4254807692307692 0.6634615384615384 0.004415760869565217 0.004076086956521739
0 0.40865384615384615 0.65625 0.0037364130434782605 0.004076086956521739
0 0.40625 0.6610576923076923 0.004076086956521739 0.004076086956521739
0 0.4014423076923077 0.6658653846153846 0.0037364130434782605 0.003396739130434782
0 0.41346153846153844 0.6610576923076923 0.004076086956521739 0.004076086956521739
0 0.4182692307692308 0.6634615384615384 0.004076086956521739 0.0037364130434782605
0 0.40865384615384615 0.6658653846153846 0.003396739130434782 0.0037364130434782605
0 0.41346153846153844 0.6682692307692307 0.0037364130434782605 0.003396739130434782
0 0.40625 0.6682692307692307 0.0037364130434782605 0.004076086956521739
0 0.4110576923076923 0.6730769230769231 0.003057065217391304 0.003057065217391304
0 0.40865384615384615 0.6754807692307693 0.004076086956521739 0.0037364130434782605
0 0.41346153846153844 0.6802884615384616 0.0037364130434782605 0.0037364130434782605
0 0.41346153846153844 0.6754807692307693 0.003396739130434782 0.004076086956521739
0 0.4182692307692308 0.6706730769230769 0.003396739130434782 0.0037364130434782605
0 0.4206730769230769 0.6682692307692307 0.004076086956521739 0.0037364130434782605
0 0.43028846153846156 0.6658653846153846 0.0037364130434782605 0.0037364130434782605
0 0.41586538461538464 0.65625 0.004415760869565217 0.004415760869565217
0 0.40384615384615385 0.6730769230769231 0.004076086956521739 0.0037364130434782605
0 0.4110576923076923 0.6514423076923077 0.004415760869565217 0.004076086956521739
0 0.39903846153846156 0.6514423076923077 0.004076086956521739 0.0037364130434782605
0 0.3942307692307692 0.6610576923076923 0.0037364130434782605 0.003396739130434782
0 0.3942307692307692 0.6658653846153846 0.004076086956521739 0.0037364130434782605
0 0.3870192307692308 0.6466346153846154 0.003396739130434782 0.0037364130434782605
0 0.3918269230769231 0.6490384615384616 0.003396739130434782 0.003057065217391304
0 0.3942307692307692 0.6538461538461539 0.003396739130434782 0.003057065217391304
0 0.3918269230769231 0.6442307692307693 0.004415760869565217 0.004076086956521739
0 0.3942307692307692 0.6466346153846154 0.004076086956521739 0.003396739130434782
0 0.39663461538461536 0.65625 0.0037364130434782605 0.003396739130434782
0 0.40625 0.6490384615384616 0.0037364130434782605 0.0037364130434782605
0 0.39663461538461536 0.6634615384615384 0.0037364130434782605 0.003396739130434782
0 0.39903846153846156 0.6706730769230769 0.004076086956521739 0.004076086956521739
0 0.4014423076923077 0.6586538461538461 0.004076086956521739 0.004076086956521739
0 0.40384615384615385 0.6538461538461539 0.004415760869565217 0.003396739130434782
0 0.3942307692307692 0.6394230769230769 0.004415760869565217 0.004415760869565217
0 0.39903846153846156 0.6418269230769231 0.004415760869565217 0.004076086956521739
0 0.40384615384615385 0.6442307692307693 0.004076086956521739 0.004076086956521739
0 0.21634615384615385 0.6322115384615384 0.005434782608695652 0.005095108695652174
