1.0 0.5353422619047619 0.669973544973545 0.024553571428571428 0.14947089947089948
1.0 0.43712797619047616 0.49074074074074076 0.027529761904761904 0.10846560846560846
1.0 0.6149553571428571 0.43452380952380953 0.021577380952380952 0.10185185185185185
1.0 0.47879464285714285 0.48214285714285715 0.021577380952380952 0.09391534391534391
1.0 0.5554315476190477 0.4437830687830688 0.023065476190476192 0.0992063492063492
1.0 0.5238095238095238 0.5787037037037037 0.026785714285714284 0.12566137566137567
1.0 0.34858630952380953 0.5720899470899471 0.027529761904761904 0.12301587301587301
1.0 0.4095982142857143 0.4695767195767196 0.024553571428571428 0.10052910052910052
1.0 0.10974702380952381 0.6395502645502645 0.03050595238095238 0.10978835978835978
1.0 0.08630952380952381 0.667989417989418 0.041666666666666664 0.12698412698412698
1.0 0.10639880952380952 0.656084656084656 0.025297619047619048 0.12698412698412698
1.0 0.26525297619047616 0.47354497354497355 0.024553571428571428 0.11904761904761904
2.0 0.5829613095238095 0.35714285714285715 0.015625 0.06878306878306878
2.0 0.6142113095238095 0.35119047619047616 0.01711309523809524 0.05952380952380952
2.0 0.6034226190476191 0.36044973544973546 0.01636904761904762 0.0701058201058201
1.0 0.24441964285714285 0.44576719576719576 0.01711309523809524 0.11375661375661375
2.0 0.7358630952380952 0.43386243386243384 0.026785714285714284 0.05555555555555555
1.0 0.42485119047619047 0.30357142857142855 0.017857142857142856 0.08068783068783068
1.0 0.7180059523809523 0.328042328042328 0.017857142857142856 0.07671957671957672
1.0 0.5740327380952381 0.24603174603174602 0.01711309523809524 0.06613756613756613
0.0 0.4877232142857143 0.31216931216931215 0.05282738095238095 0.06349206349206349
10.0 0.6800595238095238 0.25 0.03571428571428571 0.0582010582010582
1.0 0.19605654761904762 0.43386243386243384 0.033482142857142856 0.06084656084656084
1.0 0.31361607142857145 0.2744708994708995 0.01711309523809524 0.05423280423280423
1.0 0.40029761904761907 0.16534391534391535 0.013392857142857142 0.05291005291005291
2.0 0.27827380952380953 0.1746031746031746 0.01488095238095238 0.03439153439153439
1.0 0.22507440476190477 0.4298941798941799 0.021577380952380952 0.09788359788359788
2.0 0.15401785714285715 0.5879629629629629 0.06398809523809523 0.0701058201058201
2.0 0.15736607142857142 0.5555555555555556 0.033482142857142856 0.05291005291005291
2.0 0.18266369047619047 0.5 0.03794642857142857 0.06084656084656084
2.0 0.1878720238095238 0.4801587301587302 0.03050595238095238 0.0582010582010582
2.0 0.20498511904761904 0.3716931216931217 0.021577380952380952 0.03968253968253968
2.0 0.23177083333333334 0.3637566137566138 0.012648809523809524 0.026455026455026454
2.0 0.3482142857142857 0.3419312169312169 0.02976190476190476 0.03571428571428571
2.0 0.34412202380952384 0.33994708994708994 0.020089285714285716 0.03968253968253968
2.0 0.2340029761904762 0.3637566137566138 0.021577380952380952 0.04497354497354497
3.0 0.14732142857142858 0.4007936507936508 0.028273809523809524 0.07671957671957672
1.0 0.23028273809523808 0.29298941798941797 0.020089285714285716 0.07804232804232804
2.0 0.22767857142857142 0.3247354497354497 0.025297619047619048 0.03835978835978836
1.0 0.21875 0.2857142857142857 0.01488095238095238 0.082010582010582
1.0 0.49107142857142855 0.25595238095238093 0.011904761904761904 0.041005291005291
1.0 0.5193452380952381 0.16137566137566137 0.010416666666666666 0.037037037037037035
1.0 0.8958333333333334 0.32936507936507936 0.019345238095238096 0.06613756613756613
1.0 0.7563244047619048 0.34854497354497355 0.01711309523809524 0.06746031746031746
1.0 0.3549107142857143 0.12103174603174603 0.013392857142857142 0.041005291005291
1.0 0.23549107142857142 0.25396825396825395 0.01711309523809524 0.07142857142857142
2.0 0.0978422619047619 0.3835978835978836 0.024553571428571428 0.0582010582010582
1.0 0.49962797619047616 0.14285714285714285 0.012648809523809524 0.05026455026455026
0.0 0.44828869047619047 0.12698412698412698 0.05282738095238095 0.0582010582010582
0.0 0.5297619047619048 0.11243386243386243 0.08333333333333333 0.0582010582010582
1.0 0.36830357142857145 0.07407407407407407 0.010416666666666666 0.0291005291005291
1.0 0.25632440476190477 0.12764550264550265 0.012648809523809524 0.03835978835978836
1.0 0.16592261904761904 0.15873015873015872 0.013392857142857142 0.04497354497354497
2.0 0.23139880952380953 0.07738095238095238 0.010416666666666666 0.03571428571428571
1.0 0.25744047619047616 0.06746031746031746 0.010416666666666666 0.018518518518518517
1.0 0.11458333333333333 0.2671957671957672 0.01488095238095238 0.07142857142857142
1.0 0.22730654761904762 0.1349206349206349 0.012648809523809524 0.042328042328042326
1.0 0.18861607142857142 0.14616402116402116 0.011160714285714286 0.041005291005291
1.0 0.18638392857142858 0.13293650793650794 0.011160714285714286 0.046296296296296294
2.0 0.22172619047619047 0.34656084656084657 0.023809523809523808 0.03968253968253968
1.0 0.14434523809523808 0.17526455026455026 0.01488095238095238 0.04894179894179894
1.0 0.13578869047619047 0.18981481481481483 0.020089285714285716 0.05952380952380952
1.0 0.06733630952380952 0.2447089947089947 0.01711309523809524 0.06349206349206349
1.0 0.06212797619047619 0.30952380952380953 0.018601190476190476 0.07936507936507936
1.0 0.09486607142857142 0.09722222222222222 0.014136904761904762 0.02513227513227513
1.0 0.024553571428571428 0.28174603174603174 0.019345238095238096 0.07671957671957672
1.0 0.0390625 0.1541005291005291 0.012648809523809524 0.046296296296296294
1.0 0.03459821428571429 0.1527777777777778 0.011160714285714286 0.04365079365079365
1.0 0.035342261904761904 0.1421957671957672 0.012648809523809524 0.05952380952380952
2.0 0.013764880952380952 0.16865079365079366 0.014136904761904762 0.041005291005291
