1.0 0.484375 0.6183862433862434 0.03571428571428571 0.1335978835978836
1.0 0.44308035714285715 0.49603174603174605 0.020089285714285716 0.10052910052910052
1.0 0.5212053571428571 0.43253968253968256 0.021577380952380952 0.09523809523809523
1.0 0.4724702380952381 0.47883597883597884 0.022321428571428572 0.09523809523809523
1.0 0.5241815476190477 0.4556878306878307 0.023065476190476192 0.10185185185185185
1.0 0.44568452380952384 0.541005291005291 0.022321428571428572 0.12433862433862433
1.0 0.3396577380952381 0.4722222222222222 0.021577380952380952 0.10052910052910052
1.0 0.43154761904761907 0.45965608465608465 0.022321428571428572 0.10714285714285714
1.0 0.18266369047619047 0.748015873015873 0.03050595238095238 0.11243386243386243
1.0 0.1558779761904762 0.8035714285714286 0.03794642857142857 0.14417989417989419
1.0 0.16703869047619047 0.7791005291005291 0.024553571428571428 0.15079365079365079
1.0 0.2734375 0.5370370370370371 0.026041666666666668 0.12169312169312169
2.0 0.5446428571428571 0.37037037037037035 0.013392857142857142 0.07142857142857142
2.0 0.5725446428571429 0.35912698412698413 0.014136904761904762 0.062169312169312166
2.0 0.5639880952380952 0.3637566137566138 0.01636904761904762 0.06878306878306878
1.0 0.2340029761904762 0.5112433862433863 0.01711309523809524 0.12037037037037036
2.0 0.7083333333333334 0.42063492063492064 0.026785714285714284 0.05555555555555555
1.0 0.37202380952380953 0.33134920634920634 0.017857142857142856 0.08333333333333333
1.0 0.6339285714285714 0.30886243386243384 0.017857142857142856 0.07804232804232804
1.0 0.49516369047619047 0.25793650793650796 0.01711309523809524 0.06878306878306878
0.0 0.43005952380952384 0.3220899470899471 0.050595238095238096 0.08068783068783068
10.0 0.5933779761904762 0.25396825396825395 0.03794642857142857 0.0582010582010582
1.0 0.16629464285714285 0.5066137566137566 0.03943452380952381 0.07407407407407407
1.0 0.2786458333333333 0.3425925925925926 0.015625 0.06084656084656084
1.0 0.27232142857142855 0.18518518518518517 0.013392857142857142 0.0582010582010582
2.0 0.1480654761904762 0.2056878306878307 0.01636904761904762 0.03571428571428571
1.0 0.21242559523809523 0.5 0.024553571428571428 0.10846560846560846
2.0 0.17373511904761904 0.6746031746031746 0.058779761904761904 0.07936507936507936
2.0 0.17485119047619047 0.6534391534391535 0.03869047619047619 0.06613756613756613
2.0 0.18489583333333334 0.5853174603174603 0.03943452380952381 0.07275132275132275
2.0 0.17633928571428573 0.5634920634920635 0.041666666666666664 0.06878306878306878
2.0 0.15178571428571427 0.43783068783068785 0.022321428571428572 0.04497354497354497
2.0 0.17410714285714285 0.42592592592592593 0.019345238095238096 0.03968253968253968
2.0 0.296875 0.38227513227513227 0.03125 0.05026455026455026
2.0 0.28683035714285715 0.37566137566137564 0.026041666666666668 0.03968253968253968
2.0 0.18117559523809523 0.41865079365079366 0.03794642857142857 0.056878306878306875
3.0 0.09598214285714286 0.47685185185185186 0.03571428571428571 0.07804232804232804
1.0 0.1558779761904762 0.33465608465608465 0.020089285714285716 0.07936507936507936
2.0 0.15885416666666666 0.38227513227513227 0.03794642857142857 0.047619047619047616
1.0 0.13095238095238096 0.33201058201058203 0.01488095238095238 0.082010582010582
1.0 0.40625 0.2612433862433862 0.013392857142857142 0.04365079365079365
1.0 0.38839285714285715 0.1626984126984127 0.008928571428571428 0.03439153439153439
1.0 0.8537946428571429 0.30357142857142855 0.014136904761904762 0.06481481481481481
1.0 0.8645833333333334 0.3101851851851852 0.01488095238095238 0.056878306878306875
1.0 0.7038690476190477 0.32076719576719576 0.017857142857142856 0.08862433862433862
1.0 0.20647321428571427 0.14616402116402116 0.012648809523809524 0.046296296296296294
1.0 0.13467261904761904 0.3002645502645503 0.017857142857142856 0.07936507936507936
2.0 0.030877976190476192 0.460978835978836 0.029017857142857144 0.06481481481481481
1.0 0.37983630952380953 0.15476190476190477 0.012648809523809524 0.05026455026455026
0.0 0.3229166666666667 0.13822751322751323 0.049107142857142856 0.056878306878306875
0.0 0.39360119047619047 0.11838624338624339 0.08482142857142858 0.056878306878306875
1.0 0.21019345238095238 0.08928571428571429 0.011160714285714286 0.03306878306878307
1.0 0.09821428571428571 0.1488095238095238 0.013392857142857142 0.04365079365079365
1.0 0.0390625 0.1931216931216931 0.015625 0.05291005291005291
2.0 0.04575892857142857 0.09656084656084656 0.014136904761904762 0.03439153439153439
1.0 0.12276785714285714 0.09457671957671958 0.010416666666666666 0.03571428571428571
1.0 0.07626488095238096 0.16534391534391535 0.012648809523809524 0.042328042328042326
1.0 0.035342261904761904 0.1818783068783069 0.015625 0.041005291005291
1.0 0.028645833333333332 0.16203703703703703 0.011160714285714286 0.04894179894179894
2.0 0.14732142857142858 0.4027777777777778 0.025297619047619048 0.046296296296296294
