1.0 0.3742559523809524 0.33201058201058203 0.01488095238095238 0.06349206349206349
1.0 0.37016369047619047 0.36507936507936506 0.009672619047619048 0.042328042328042326
2.0 0.38950892857142855 0.3544973544973545 0.011160714285714286 0.042328042328042326
2.0 0.5286458333333334 0.2691798941798942 0.018601190476190476 0.04365079365079365
1.0 0.13541666666666666 0.18121693121693122 0.01488095238095238 0.042328042328042326
1.0 0.3913690476190476 0.3558201058201058 0.011904761904761904 0.05291005291005291
2.0 0.37723214285714285 0.3492063492063492 0.013392857142857142 0.05291005291005291
1.0 0.47842261904761907 0.6421957671957672 0.020833333333333332 0.14682539682539683
1.0 0.703125 0.6712962962962963 0.03720238095238095 0.13624338624338625
1.0 0.7373511904761905 0.5171957671957672 0.022321428571428572 0.11375661375661375
1.0 0.5758928571428571 0.5661375661375662 0.026785714285714284 0.1164021164021164
1.0 0.6357886904761905 0.49537037037037035 0.024553571428571428 0.08597883597883597
1.0 0.47470238095238093 0.5529100529100529 0.025297619047619048 0.12433862433862433
1.0 0.48474702380952384 0.455026455026455 0.021577380952380952 0.08994708994708994
1.0 0.5104166666666666 0.4675925925925926 0.023809523809523808 0.09656084656084656
1.0 0.33296130952380953 0.9497354497354498 0.03050595238095238 0.09788359788359788
1.0 0.28273809523809523 0.9206349206349206 0.03720238095238095 0.15608465608465608
1.0 0.29092261904761907 0.8921957671957672 0.03571428571428571 0.14682539682539683
1.0 0.2927827380952381 0.6084656084656085 0.026041666666666668 0.12698412698412698
2.0 0.5059523809523809 0.3802910052910053 0.017857142857142856 0.0701058201058201
2.0 0.5338541666666666 0.37037037037037035 0.012648809523809524 0.06613756613756613
2.0 0.5245535714285714 0.37962962962962965 0.017857142857142856 0.06878306878306878
1.0 0.24367559523809523 0.5714285714285714 0.027529761904761904 0.1349206349206349
2.0 0.6763392857142857 0.4080687830687831 0.023809523809523808 0.05423280423280423
1.0 0.32775297619047616 0.3630952380952381 0.01711309523809524 0.08597883597883597
1.0 0.5654761904761905 0.30092592592592593 0.017857142857142856 0.0701058201058201
1.0 0.4088541666666667 0.2724867724867725 0.012648809523809524 0.07407407407407407
10.0 0.5096726190476191 0.2552910052910053 0.03720238095238095 0.047619047619047616
2.0 0.14992559523809523 0.5866402116402116 0.034970238095238096 0.07275132275132275
1.0 0.19977678571428573 0.39351851851851855 0.020089285714285716 0.0701058201058201
2.0 0.0390625 0.23412698412698413 0.014136904761904762 0.06349206349206349
1.0 0.21316964285714285 0.5707671957671958 0.033482142857142856 0.12566137566137567
1.0 0.234375 0.7843915343915344 0.0744047619047619 0.10052910052910052
2.0 0.22023809523809523 0.7592592592592593 0.047619047619047616 0.0873015873015873
2.0 0.20089285714285715 0.6825396825396826 0.041666666666666664 0.08465608465608465
2.0 0.18563988095238096 0.6507936507936508 0.03943452380952381 0.08465608465608465
2.0 0.09300595238095238 0.5085978835978836 0.025297619047619048 0.046296296296296294
2.0 0.12425595238095238 0.4973544973544973 0.020833333333333332 0.04497354497354497
2.0 0.24590773809523808 0.43187830687830686 0.033482142857142856 0.05952380952380952
1.0 0.23363095238095238 0.42063492063492064 0.020833333333333332 0.047619047619047616
2.0 0.13616071428571427 0.49007936507936506 0.050595238095238096 0.07275132275132275
3.0 0.05133928571428571 0.5667989417989417 0.05357142857142857 0.08068783068783068
1.0 0.07589285714285714 0.3941798941798942 0.023809523809523808 0.08994708994708994
2.0 0.09449404761904762 0.4497354497354497 0.041666666666666664 0.0582010582010582
1.0 0.04017857142857143 0.3941798941798942 0.023809523809523808 0.08994708994708994
1.0 0.2630208333333333 0.2400793650793651 0.012648809523809524 0.03571428571428571
1.0 0.19940476190476192 0.2037037037037037 0.008928571428571428 0.042328042328042326
1.0 0.765625 0.294973544973545 0.017857142857142856 0.06349206349206349
1.0 0.78125 0.2976190476190476 0.01488095238095238 0.05291005291005291
1.0 0.6428571428571429 0.3134920634920635 0.017857142857142856 0.07936507936507936
1.0 0.05952380952380952 0.17394179894179895 0.011904761904761904 0.051587301587301584
1.0 0.027901785714285716 0.3458994708994709 0.01711309523809524 0.08333333333333333
1.0 0.24925595238095238 0.1693121693121693 0.01488095238095238 0.047619047619047616
0.0 0.18266369047619047 0.15674603174603174 0.04389880952380952 0.051587301587301584
0.0 0.29092261904761907 0.11838624338624339 0.06845238095238096 0.062169312169312166
2.0 0.08854166666666667 0.47023809523809523 0.03273809523809524 0.062169312169312166
