1.0 0.47805059523809523 0.6177248677248677 0.026041666666666668 0.14285714285714285
1.0 0.4568452380952381 0.5092592592592593 0.025297619047619048 0.10052910052910052
1.0 0.5546875 0.45634920634920634 0.021577380952380952 0.09523809523809523
1.0 0.4791666666666667 0.4933862433862434 0.020833333333333332 0.09788359788359788
1.0 0.5327380952380952 0.4656084656084656 0.025297619047619048 0.10052910052910052
1.0 0.45424107142857145 0.5515873015873016 0.024553571428571428 0.12433862433862433
1.0 0.36755952380952384 0.4656084656084656 0.022321428571428572 0.09523809523809523
1.0 0.4334077380952381 0.47354497354497355 0.026041666666666668 0.10846560846560846
1.0 0.21391369047619047 0.7718253968253969 0.03050595238095238 0.11772486772486772
1.0 0.17857142857142858 0.8247354497354498 0.03422619047619048 0.14947089947089948
1.0 0.18601190476190477 0.7923280423280423 0.026785714285714284 0.15608465608465608
1.0 0.2771577380952381 0.5482804232804233 0.026041666666666668 0.12301587301587301
2.0 0.5401785714285714 0.37037037037037035 0.013392857142857142 0.07142857142857142
2.0 0.5680803571428571 0.36177248677248675 0.015625 0.062169312169312166
2.0 0.5602678571428571 0.3637566137566138 0.01636904761904762 0.06878306878306878
1.0 0.23660714285714285 0.5171957671957672 0.019345238095238096 0.12433862433862433
2.0 0.703125 0.4193121693121693 0.026785714285714284 0.05555555555555555
1.0 0.3664434523809524 0.3353174603174603 0.020089285714285716 0.08068783068783068
1.0 0.6223958333333334 0.3082010582010582 0.01711309523809524 0.07671957671957672
1.0 0.48400297619047616 0.2612433862433862 0.01711309523809524 0.0701058201058201
0.0 0.42038690476190477 0.32605820105820105 0.05505952380952381 0.08068783068783068
10.0 0.5818452380952381 0.2566137566137566 0.03720238095238095 0.05291005291005291
1.0 0.16555059523809523 0.5191798941798942 0.03943452380952381 0.07539682539682539
1.0 0.26748511904761907 0.3412698412698413 0.014136904761904762 0.06084656084656084
1.0 0.24330357142857142 0.18981481481481483 0.013392857142857142 0.05952380952380952
2.0 0.12648809523809523 0.210978835978836 0.01636904761904762 0.03571428571428571
1.0 0.21242559523809523 0.5119047619047619 0.024553571428571428 0.10846560846560846
2.0 0.18377976190476192 0.6911375661375662 0.06994047619047619 0.08068783068783068
2.0 0.1800595238095238 0.6752645502645502 0.03720238095238095 0.07804232804232804
2.0 0.18824404761904762 0.5978835978835979 0.03869047619047619 0.07407407407407407
2.0 0.17894345238095238 0.5787037037037037 0.04241071428571429 0.0701058201058201
2.0 0.14434523809523808 0.4497354497354497 0.022321428571428572 0.04497354497354497
2.0 0.16666666666666666 0.43716931216931215 0.019345238095238096 0.041005291005291
2.0 0.29129464285714285 0.39021164021164023 0.031994047619047616 0.05026455026455026
2.0 0.27938988095238093 0.3835978835978836 0.026041666666666668 0.03968253968253968
2.0 0.17447916666666666 0.4298941798941799 0.04092261904761905 0.0582010582010582
3.0 0.08854166666666667 0.4914021164021164 0.03869047619047619 0.07804232804232804
1.0 0.14397321428571427 0.3412698412698413 0.020089285714285716 0.07936507936507936
2.0 0.1480654761904762 0.39351851851851855 0.03869047619047619 0.051587301587301584
1.0 0.11830357142857142 0.33994708994708994 0.01488095238095238 0.082010582010582
1.0 0.3898809523809524 0.25925925925925924 0.013392857142857142 0.04497354497354497
1.0 0.35342261904761907 0.17592592592592593 0.010416666666666666 0.03968253968253968
1.0 0.8430059523809523 0.30224867724867727 0.013392857142857142 0.06746031746031746
1.0 0.8545386904761905 0.3101851851851852 0.015625 0.056878306878306875
1.0 0.6949404761904762 0.31812169312169314 0.01636904761904762 0.07275132275132275
1.0 0.18191964285714285 0.15079365079365079 0.012648809523809524 0.047619047619047616
1.0 0.11830357142857142 0.3082010582010582 0.017857142857142856 0.07936507936507936
2.0 0.023065476190476192 0.47619047619047616 0.02976190476190476 0.06613756613756613
1.0 0.35974702380952384 0.15873015873015872 0.012648809523809524 0.05026455026455026
0.0 0.3002232142857143 0.1402116402116402 0.04836309523809524 0.0582010582010582
0.0 0.37648809523809523 0.11904761904761904 0.0818452380952381 0.06084656084656084
1.0 0.18191964285714285 0.09391534391534391 0.011160714285714286 0.031746031746031744
1.0 0.07217261904761904 0.1541005291005291 0.013392857142857142 0.04365079365079365
1.0 0.011904761904761904 0.19973544973544974 0.013392857142857142 0.047619047619047616
2.0 0.013764880952380952 0.10317460317460317 0.014136904761904762 0.03439153439153439
1.0 0.09858630952380952 0.09391534391534391 0.012648809523809524 0.03439153439153439
1.0 0.05133928571428571 0.17195767195767195 0.011904761904761904 0.042328042328042326
2.0 0.13802083333333334 0.41203703703703703 0.024553571428571428 0.046296296296296294
