1.0 0.16517857142857142 0.39285714285714285 0.017857142857142856 0.06878306878306878
1.0 0.22581845238095238 0.44841269841269843 0.014136904761904762 0.05026455026455026
2.0 0.21688988095238096 0.3915343915343915 0.015625 0.042328042328042326
2.0 0.31733630952380953 0.2757936507936508 0.01711309523809524 0.051587301587301584
10.0 0.49702380952380953 0.3048941798941799 0.03273809523809524 0.05423280423280423
1.0 0.22395833333333334 0.38293650793650796 0.013392857142857142 0.05423280423280423
2.0 0.20758928571428573 0.38293650793650796 0.017857142857142856 0.05423280423280423
1.0 0.3898809523809524 0.49537037037037035 0.022321428571428572 0.11507936507936507
1.0 0.5212053571428571 0.5376984126984127 0.023065476190476192 0.10714285714285714
1.0 0.44345238095238093 0.5396825396825397 0.03571428571428571 0.08465608465608465
1.0 0.5606398809523809 0.5211640211640212 0.023065476190476192 0.10582010582010581
1.0 0.46279761904761907 0.5390211640211641 0.026785714285714284 0.11507936507936507
1.0 0.41592261904761907 0.5072751322751323 0.019345238095238096 0.11243386243386243
1.0 0.4635416666666667 0.44841269841269843 0.020833333333333332 0.10052910052910052
1.0 0.5059523809523809 0.44246031746031744 0.020833333333333332 0.0992063492063492
1.0 0.32514880952380953 0.6825396825396826 0.02976190476190476 0.14814814814814814
2.0 0.3723958333333333 0.3835978835978836 0.020089285714285716 0.06878306878306878
2.0 0.3939732142857143 0.36574074074074076 0.023065476190476192 0.06481481481481481
2.0 0.39546130952380953 0.376984126984127 0.020089285714285716 0.06878306878306878
1.0 0.22916666666666666 0.6712962962962963 0.03869047619047619 0.14153439153439154
2.0 0.5379464285714286 0.3776455026455027 0.022321428571428572 0.05423280423280423
1.0 0.1796875 0.4146825396825397 0.021577380952380952 0.0992063492063492
1.0 0.28162202380952384 0.2757936507936508 0.01711309523809524 0.0701058201058201
1.0 0.19642857142857142 0.296957671957672 0.01636904761904762 0.07804232804232804
10.0 0.29836309523809523 0.2705026455026455 0.03869047619047619 0.04894179894179894
2.0 0.09114583333333333 0.7367724867724867 0.03794642857142857 0.10846560846560846
1.0 0.06324404761904762 0.5443121693121693 0.026785714285714284 0.10449735449735449
1.0 0.18861607142857142 0.6858465608465608 0.036458333333333336 0.15211640211640212
1.0 0.3627232142857143 0.8974867724867724 0.07068452380952381 0.14153439153439154
2.0 0.31473214285714285 0.8829365079365079 0.046130952380952384 0.12037037037037036
1.0 0.4609375 0.8472222222222222 0.046875 0.17328042328042328
2.0 0.2034970238095238 0.791005291005291 0.05133928571428571 0.11375661375661375
2.0 0.09858630952380952 0.5152116402116402 0.04092261904761905 0.07275132275132275
1.0 0.0390625 0.45105820105820105 0.020089285714285716 0.07936507936507936
1.0 0.20982142857142858 0.33994708994708994 0.013392857142857142 0.0582010582010582
1.0 0.5755208333333334 0.24867724867724866 0.01711309523809524 0.06349206349206349
1.0 0.45461309523809523 0.3055555555555556 0.020833333333333332 0.07936507936507936
