1.0 0.18415178571428573 0.4060846560846561 0.01711309523809524 0.06349206349206349
1.0 0.21316964285714285 0.4126984126984127 0.011160714285714286 0.047619047619047616
2.0 0.23139880952380953 0.4007936507936508 0.01488095238095238 0.04497354497354497
2.0 0.3244047619047619 0.27645502645502645 0.017857142857142856 0.05291005291005291
10.0 0.5007440476190477 0.31084656084656087 0.03422619047619048 0.05555555555555555
1.0 0.23735119047619047 0.39616402116402116 0.01488095238095238 0.05952380952380952
2.0 0.22098214285714285 0.3921957671957672 0.017857142857142856 0.05423280423280423
1.0 0.45349702380952384 0.47619047619047616 0.023065476190476192 0.10052910052910052
1.0 0.5435267857142857 0.53505291005291 0.023065476190476192 0.11772486772486772
1.0 0.49107142857142855 0.5092592592592593 0.023809523809523808 0.11904761904761904
1.0 0.6026785714285714 0.544973544973545 0.03125 0.10052910052910052
1.0 0.5111607142857143 0.5357142857142857 0.026785714285714284 0.11904761904761904
1.0 0.43787202380952384 0.5072751322751323 0.026041666666666668 0.10714285714285714
1.0 0.5755208333333334 0.458994708994709 0.023065476190476192 0.10052910052910052
1.0 0.6216517857142857 0.43386243386243384 0.027529761904761904 0.10052910052910052
1.0 0.3787202380952381 0.7056878306878307 0.03125 0.1574074074074074
2.0 0.3943452380952381 0.40145502645502645 0.022321428571428572 0.07275132275132275
2.0 0.4103422619047619 0.3835978835978836 0.023065476190476192 0.06613756613756613
2.0 0.4133184523809524 0.39087301587301587 0.020089285714285716 0.06746031746031746
1.0 0.27641369047619047 0.6904761904761905 0.03943452380952381 0.1455026455026455
2.0 0.5610119047619048 0.39087301587301587 0.022321428571428572 0.05423280423280423
1.0 0.19940476190476192 0.4312169312169312 0.01636904761904762 0.10317460317460317
1.0 0.2570684523809524 0.2744708994708995 0.015625 0.0701058201058201
1.0 0.20424107142857142 0.31084656084656087 0.021577380952380952 0.07936507936507936
10.0 0.29985119047619047 0.2757936507936508 0.03869047619047619 0.04894179894179894
2.0 0.13727678571428573 0.7724867724867724 0.04985119047619048 0.1164021164021164
1.0 0.08928571428571429 0.5661375661375662 0.023809523809523808 0.10582010582010581
1.0 0.21949404761904762 0.7076719576719577 0.03720238095238095 0.15343915343915343
1.0 0.4226190476190476 0.9305555555555556 0.06845238095238096 0.1335978835978836
1.0 0.37648809523809523 0.9252645502645502 0.046130952380952384 0.12301587301587301
2.0 0.25148809523809523 0.8247354497354498 0.052083333333333336 0.11772486772486772
2.0 0.11941964285714286 0.5357142857142857 0.04241071428571429 0.07407407407407407
1.0 0.02194940476190476 0.4246031746031746 0.020089285714285716 0.07142857142857142
1.0 0.28013392857142855 0.3492063492063492 0.012648809523809524 0.0582010582010582
1.0 0.5911458333333334 0.24603174603174602 0.01711309523809524 0.06349206349206349
1.0 0.46688988095238093 0.3082010582010582 0.018601190476190476 0.07936507936507936
