1.0 0.16517857142857142 0.3941798941798942 0.017857142857142856 0.06878306878306878
1.0 0.22023809523809523 0.4444444444444444 0.013392857142857142 0.05026455026455026
2.0 0.21540178571428573 0.39351851851851855 0.015625 0.04365079365079365
2.0 0.31733630952380953 0.2757936507936508 0.01711309523809524 0.051587301587301584
10.0 0.49776785714285715 0.3048941798941799 0.03273809523809524 0.05423280423280423
1.0 0.22433035714285715 0.38227513227513227 0.012648809523809524 0.05291005291005291
2.0 0.20610119047619047 0.3869047619047619 0.017857142857142856 0.05423280423280423
1.0 0.3932291666666667 0.49603174603174605 0.021577380952380952 0.1164021164021164
1.0 0.5171130952380952 0.5297619047619048 0.022321428571428572 0.10449735449735449
1.0 0.4453125 0.5304232804232805 0.031994047619047616 0.08465608465608465
1.0 0.5632440476190477 0.5178571428571429 0.023809523809523808 0.10714285714285714
1.0 0.46279761904761907 0.5337301587301587 0.026785714285714284 0.11507936507936507
1.0 0.41592261904761907 0.5092592592592593 0.017857142857142856 0.1111111111111111
1.0 0.46242559523809523 0.4523809523809524 0.021577380952380952 0.10052910052910052
1.0 0.5096726190476191 0.4398148148148148 0.020833333333333332 0.0992063492063492
1.0 0.32998511904761907 0.6884920634920635 0.03050595238095238 0.14947089947089948
2.0 0.3716517857142857 0.38492063492063494 0.020089285714285716 0.06878306878306878
2.0 0.39025297619047616 0.3683862433862434 0.023065476190476192 0.06481481481481481
2.0 0.3939732142857143 0.376984126984127 0.020089285714285716 0.06878306878306878
1.0 0.22916666666666666 0.6752645502645502 0.03869047619047619 0.14153439153439154
2.0 0.5386904761904762 0.37896825396825395 0.022321428571428572 0.05423280423280423
1.0 0.17745535714285715 0.41798941798941797 0.021577380952380952 0.10052910052910052
1.0 0.2771577380952381 0.2757936507936508 0.01711309523809524 0.0701058201058201
1.0 0.19233630952380953 0.29894179894179895 0.015625 0.07936507936507936
10.0 0.29538690476190477 0.2718253968253968 0.03869047619047619 0.04894179894179894
2.0 0.09188988095238096 0.7420634920634921 0.03794642857142857 0.10846560846560846
1.0 0.06101190476190476 0.548941798941799 0.028273809523809524 0.10846560846560846
1.0 0.18861607142857142 0.6904761904761905 0.036458333333333336 0.15343915343915343
1.0 0.36607142857142855 0.9027777777777778 0.06994047619047619 0.14153439153439154
2.0 0.3169642857142857 0.8882275132275133 0.046130952380952384 0.12037037037037036
1.0 0.48251488095238093 0.8637566137566137 0.04538690476190476 0.1746031746031746
2.0 0.20572916666666666 0.7956349206349206 0.05133928571428571 0.11507936507936507
2.0 0.09635416666666667 0.5198412698412699 0.04241071428571429 0.07407407407407407
1.0 0.035342261904761904 0.4503968253968254 0.020089285714285716 0.07804232804232804
1.0 0.21949404761904762 0.33994708994708994 0.01488095238095238 0.0582010582010582
1.0 0.5725446428571429 0.24867724867724866 0.01711309523809524 0.06349206349206349
1.0 0.45535714285714285 0.3055555555555556 0.020833333333333332 0.07936507936507936
