1.0 0.09263392857142858 0.707010582010582 0.04538690476190476 0.14682539682539683
1.0 0.31287202380952384 0.33994708994708994 0.014136904761904762 0.06349206349206349
1.0 0.34858630952380953 0.38227513227513227 0.012648809523809524 0.05026455026455026
2.0 0.35193452380952384 0.35714285714285715 0.01488095238095238 0.042328042328042326
2.0 0.47693452380952384 0.2638888888888889 0.017857142857142856 0.05423280423280423
10.0 0.6313244047619048 0.30687830687830686 0.031994047619047616 0.047619047619047616
1.0 0.015997023809523808 0.1931216931216931 0.015625 0.042328042328042326
1.0 0.35974702380952384 0.3525132275132275 0.012648809523809524 0.05423280423280423
2.0 0.34598214285714285 0.34325396825396826 0.017857142857142856 0.05423280423280423
1.0 0.46316964285714285 0.5297619047619048 0.020089285714285716 0.12301587301587301
1.0 0.6796875 0.6038359788359788 0.029017857142857144 0.12301587301587301
1.0 0.6688988095238095 0.5006613756613757 0.022321428571428572 0.11243386243386243
1.0 0.546875 0.53505291005291 0.025297619047619048 0.10978835978835978
1.0 0.5528273809523809 0.48478835978835977 0.022321428571428572 0.11507936507936507
1.0 0.47470238095238093 0.4794973544973545 0.023809523809523808 0.10978835978835978
1.0 0.5286458333333334 0.4279100529100529 0.01711309523809524 0.10185185185185185
1.0 0.5197172619047619 0.4444444444444444 0.021577380952380952 0.10317460317460317
1.0 0.41294642857142855 0.9305555555555556 0.03571428571428571 0.13624338624338625
1.0 0.3835565476190476 0.9206349206349206 0.04241071428571429 0.14814814814814814
1.0 0.3392857142857143 0.621031746031746 0.02976190476190476 0.13624338624338625
2.0 0.4851190476190476 0.36904761904761907 0.017857142857142856 0.06878306878306878
2.0 0.5026041666666666 0.3558201058201058 0.020089285714285716 0.06349206349206349
2.0 0.5026041666666666 0.36772486772486773 0.020089285714285716 0.06878306878306878
1.0 0.2611607142857143 0.5853174603174603 0.025297619047619048 0.1335978835978836
2.0 0.6529017857142857 0.38822751322751325 0.024553571428571428 0.05423280423280423
1.0 0.30245535714285715 0.3664021164021164 0.021577380952380952 0.09523809523809523
1.0 0.49813988095238093 0.2876984126984127 0.01711309523809524 0.0701058201058201
1.0 0.35825892857142855 0.2691798941798942 0.012648809523809524 0.07804232804232804
10.0 0.45014880952380953 0.25 0.03571428571428571 0.047619047619047616
2.0 0.15327380952380953 0.6197089947089947 0.046130952380952384 0.09126984126984126
1.0 0.18861607142857142 0.44642857142857145 0.020089285714285716 0.08333333333333333
1.0 0.22172619047619047 0.5906084656084656 0.03273809523809524 0.1335978835978836
1.0 0.3046875 0.8108465608465608 0.07366071428571429 0.12169312169312169
2.0 0.2779017857142857 0.7870370370370371 0.05133928571428571 0.10317460317460317
2.0 0.23325892857142858 0.7076719576719577 0.04241071428571429 0.09259259259259259
2.0 0.21354166666666666 0.6851851851851852 0.047619047619047616 0.09523809523809523
2.0 0.07105654761904762 0.5416666666666666 0.026041666666666668 0.05423280423280423
2.0 0.10007440476190477 0.5244708994708994 0.026041666666666668 0.046296296296296294
2.0 0.22358630952380953 0.44113756613756616 0.033482142857142856 0.05952380952380952
1.0 0.20126488095238096 0.43915343915343913 0.020089285714285716 0.047619047619047616
2.0 0.11272321428571429 0.5092592592592593 0.05580357142857143 0.06349206349206349
3.0 0.0390625 0.6117724867724867 0.0662202380952381 0.08597883597883597
1.0 0.02492559523809524 0.4226190476190476 0.023065476190476192 0.10978835978835978
2.0 0.047619047619047616 0.47619047619047616 0.041666666666666664 0.0582010582010582
1.0 0.28236607142857145 0.2810846560846561 0.015625 0.051587301587301584
1.0 0.16666666666666666 0.23743386243386244 0.011904761904761904 0.05423280423280423
1.0 0.6956845238095238 0.26322751322751325 0.017857142857142856 0.06349206349206349
1.0 0.5922619047619048 0.29894179894179895 0.017857142857142856 0.07936507936507936
1.0 0.14955357142857142 0.16865079365079366 0.011904761904761904 0.05423280423280423
0.0 0.08519345238095238 0.16468253968253968 0.04389880952380952 0.07275132275132275
0.0 0.19084821428571427 0.1078042328042328 0.08110119047619048 0.062169312169312166
2.0 0.049107142857142856 0.501984126984127 0.04017857142857143 0.062169312169312166
