1.0 0.20386904761904762 0.9305555555555556 0.050595238095238096 0.1335978835978836
1.0 0.24776785714285715 0.3392857142857143 0.01488095238095238 0.062169312169312166
1.0 0.28794642857142855 0.3915343915343915 0.01488095238095238 0.04497354497354497
2.0 0.29464285714285715 0.3544973544973545 0.01488095238095238 0.042328042328042326
2.0 0.41294642857142855 0.25727513227513227 0.017857142857142856 0.05423280423280423
10.0 0.5677083333333334 0.294973544973545 0.03273809523809524 0.05291005291005291
1.0 0.29985119047619047 0.3584656084656085 0.011904761904761904 0.05291005291005291
2.0 0.28869047619047616 0.3472222222222222 0.017857142857142856 0.05423280423280423
1.0 0.3913690476190476 0.5013227513227513 0.023809523809523808 0.12169312169312169
1.0 0.6510416666666666 0.5753968253968254 0.025297619047619048 0.12433862433862433
1.0 0.5349702380952381 0.5013227513227513 0.026785714285714284 0.12433862433862433
1.0 0.5167410714285714 0.5013227513227513 0.021577380952380952 0.10582010582010581
1.0 0.49367559523809523 0.4775132275132275 0.031994047619047616 0.10317460317460317
1.0 0.43154761904761907 0.4861111111111111 0.020833333333333332 0.11243386243386243
1.0 0.4884672619047619 0.4279100529100529 0.021577380952380952 0.08862433862433862
1.0 0.5018601190476191 0.43716931216931215 0.021577380952380952 0.10185185185185185
1.0 0.4583333333333333 0.9259259259259259 0.03571428571428571 0.1455026455026455
1.0 0.4296875 0.9193121693121693 0.04836309523809524 0.15608465608465608
1.0 0.31733630952380953 0.6197089947089947 0.027529761904761904 0.14153439153439154
2.0 0.4367559523809524 0.3637566137566138 0.017857142857142856 0.06349206349206349
2.0 0.45907738095238093 0.35119047619047616 0.023809523809523808 0.06481481481481481
2.0 0.45275297619047616 0.3584656084656085 0.020089285714285716 0.06878306878306878
1.0 0.25111607142857145 0.6031746031746031 0.033482142857142856 0.1349206349206349
2.0 0.6049107142857143 0.37433862433862436 0.022321428571428572 0.05555555555555555
1.0 0.2570684523809524 0.373015873015873 0.01711309523809524 0.09523809523809523
1.0 0.40662202380952384 0.2744708994708995 0.01711309523809524 0.07539682539682539
1.0 0.2931547619047619 0.2705026455026455 0.013392857142857142 0.07804232804232804
10.0 0.3861607142857143 0.24867724867724866 0.03869047619047619 0.047619047619047616
2.0 0.12723214285714285 0.6461640211640212 0.044642857142857144 0.09126984126984126
1.0 0.1331845238095238 0.47354497354497355 0.022321428571428572 0.08465608465608465
1.0 0.21316964285714285 0.6137566137566137 0.033482142857142856 0.13756613756613756
1.0 0.3255208333333333 0.833994708994709 0.07366071428571429 0.13624338624338625
2.0 0.2942708333333333 0.8048941798941799 0.04985119047619048 0.10978835978835978
1.0 0.24888392857142858 0.6898148148148148 0.03050595238095238 0.15476190476190477
2.0 0.20870535714285715 0.6984126984126984 0.04985119047619048 0.09523809523809523
2.0 0.017857142857142856 0.5727513227513228 0.026785714285714284 0.06084656084656084
2.0 0.044642857142857144 0.5555555555555556 0.026785714285714284 0.047619047619047616
2.0 0.17373511904761904 0.4556878306878307 0.034970238095238096 0.062169312169312166
1.0 0.15066964285714285 0.4497354497354497 0.020089285714285716 0.05555555555555555
2.0 0.06063988095238095 0.541005291005291 0.0662202380952381 0.07671957671957672
1.0 0.23660714285714285 0.3048941798941799 0.013392857142857142 0.05952380952380952
1.0 0.05952380952380952 0.27116402116402116 0.01488095238095238 0.05291005291005291
1.0 0.6343005952380952 0.25 0.01711309523809524 0.06349206349206349
1.0 0.5342261904761905 0.28835978835978837 0.017857142857142856 0.07936507936507936
1.0 0.04389880952380952 0.1765873015873016 0.01488095238095238 0.051587301587301584
