1.0 0.359375 0.335978835978836 0.01488095238095238 0.06349206349206349
1.0 0.37388392857142855 0.3802910052910053 0.009672619047619048 0.041005291005291
2.0 0.3783482142857143 0.35714285714285715 0.011160714285714286 0.042328042328042326
2.0 0.5178571428571429 0.2691798941798942 0.017857142857142856 0.051587301587301584
1.0 0.017857142857142856 0.20171957671957672 0.011904761904761904 0.04365079365079365
1.0 0.38244047619047616 0.3558201058201058 0.011904761904761904 0.05291005291005291
2.0 0.36830357142857145 0.34854497354497355 0.01636904761904762 0.05423280423280423
1.0 0.47619047619047616 0.6005291005291006 0.028273809523809524 0.13227513227513227
1.0 0.7321428571428571 0.6554232804232805 0.03571428571428571 0.13095238095238096
1.0 0.7421875 0.5033068783068783 0.023065476190476192 0.10714285714285714
1.0 0.5613839285714286 0.5648148148148148 0.029017857142857144 0.10846560846560846
1.0 0.6365327380952381 0.4861111111111111 0.021577380952380952 0.10714285714285714
1.0 0.46688988095238093 0.4966931216931217 0.023065476190476192 0.10978835978835978
1.0 0.5546875 0.4417989417989418 0.01711309523809524 0.10317460317460317
1.0 0.5446428571428571 0.4556878306878307 0.022321428571428572 0.10185185185185185
1.0 0.34151785714285715 0.9265873015873016 0.03720238095238095 0.14417989417989419
1.0 0.33705357142857145 0.9007936507936508 0.041666666666666664 0.14814814814814814
1.0 0.328125 0.6111111111111112 0.03571428571428571 0.12698412698412698
2.0 0.5037202380952381 0.3776455026455027 0.017857142857142856 0.07275132275132275
2.0 0.5256696428571429 0.3664021164021164 0.014136904761904762 0.0582010582010582
2.0 0.5208333333333334 0.37566137566137564 0.019345238095238096 0.06878306878306878
1.0 0.25632440476190477 0.580026455026455 0.026041666666666668 0.1335978835978836
2.0 0.6700148809523809 0.4041005291005291 0.026041666666666668 0.05423280423280423
1.0 0.31994047619047616 0.3644179894179894 0.01488095238095238 0.08862433862433862
1.0 0.5453869047619048 0.2996031746031746 0.017857142857142856 0.0701058201058201
1.0 0.3947172619047619 0.2698412698412698 0.012648809523809524 0.07936507936507936
10.0 0.48995535714285715 0.2526455026455027 0.03794642857142857 0.047619047619047616
2.0 0.15550595238095238 0.6005291005291006 0.03571428571428571 0.08465608465608465
1.0 0.20089285714285715 0.42394179894179895 0.019345238095238096 0.07539682539682539
1.0 0.22395833333333334 0.5826719576719577 0.03273809523809524 0.1335978835978836
1.0 0.2682291666666667 0.7956349206349206 0.07366071428571429 0.09391534391534391
2.0 0.25111607142857145 0.7718253968253969 0.05282738095238095 0.10185185185185185
2.0 0.21726190476190477 0.6917989417989417 0.041666666666666664 0.0873015873015873
2.0 0.20052083333333334 0.669973544973545 0.04389880952380952 0.08862433862433862
2.0 0.09040178571428571 0.5244708994708994 0.024553571428571428 0.04894179894179894
2.0 0.11941964285714286 0.5119047619047619 0.021577380952380952 0.047619047619047616
2.0 0.24293154761904762 0.43716931216931215 0.033482142857142856 0.05952380952380952
1.0 0.22730654761904762 0.4298941798941799 0.020089285714285716 0.047619047619047616
2.0 0.13616071428571427 0.49867724867724866 0.049107142857142856 0.06878306878306878
3.0 0.04985119047619048 0.5859788359788359 0.05803571428571429 0.08465608465608465
1.0 0.058407738095238096 0.40674603174603174 0.023065476190476192 0.09391534391534391
2.0 0.08482142857142858 0.4603174603174603 0.041666666666666664 0.0582010582010582
1.0 0.025297619047619048 0.41203703703703703 0.025297619047619048 0.08862433862433862
1.0 0.23772321428571427 0.25066137566137564 0.012648809523809524 0.03571428571428571
1.0 0.18898809523809523 0.20965608465608465 0.011904761904761904 0.03835978835978836
1.0 0.7485119047619048 0.2843915343915344 0.017857142857142856 0.06349206349206349
1.0 0.7596726190476191 0.28703703703703703 0.01488095238095238 0.05291005291005291
1.0 0.625 0.30687830687830686 0.017857142857142856 0.07936507936507936
1.0 0.006324404761904762 0.1765873015873016 0.009672619047619048 0.046296296296296294
1.0 0.0078125 0.36243386243386244 0.014136904761904762 0.09788359788359788
1.0 0.22209821428571427 0.16732804232804233 0.012648809523809524 0.046296296296296294
0.0 0.14918154761904762 0.16600529100529102 0.04389880952380952 0.07275132275132275
0.0 0.2552083333333333 0.11177248677248677 0.08928571428571429 0.062169312169312166
2.0 0.07477678571428571 0.4861111111111111 0.033482142857142856 0.062169312169312166
