1.0 0.39732142857142855 0.32275132275132273 0.01488095238095238 0.06349206349206349
1.0 0.38876488095238093 0.35185185185185186 0.012648809523809524 0.037037037037037035
2.0 0.4114583333333333 0.34523809523809523 0.011904761904761904 0.042328042328042326
2.0 0.5688244047619048 0.2718253968253968 0.018601190476190476 0.04365079365079365
1.0 0.41517857142857145 0.3525132275132275 0.011904761904761904 0.05423280423280423
2.0 0.4069940476190476 0.3406084656084656 0.013392857142857142 0.051587301587301584
1.0 0.45424107142857145 0.6243386243386243 0.033482142857142856 0.13756613756613756
1.0 0.6045386904761905 0.6064814814814815 0.03050595238095238 0.12566137566137567
1.0 0.6778273809523809 0.5 0.022321428571428572 0.1111111111111111
1.0 0.5453869047619048 0.542989417989418 0.026785714285714284 0.10449735449735449
1.0 0.5833333333333334 0.48148148148148145 0.023809523809523808 0.10317460317460317
1.0 0.47061011904761907 0.5687830687830688 0.026041666666666668 0.1164021164021164
1.0 0.45498511904761907 0.5224867724867724 0.031994047619047616 0.0873015873015873
1.0 0.47433035714285715 0.49206349206349204 0.027529761904761904 0.10317460317460317
1.0 0.2819940476190476 0.8445767195767195 0.02976190476190476 0.12566137566137567
1.0 0.2261904761904762 0.8796296296296297 0.03571428571428571 0.15608465608465608
1.0 0.23995535714285715 0.8571428571428571 0.033482142857142856 0.15608465608465608
1.0 0.2864583333333333 0.5753968253968254 0.026785714285714284 0.12698412698412698
2.0 0.5256696428571429 0.37433862433862436 0.015625 0.06878306878306878
2.0 0.5520833333333334 0.3697089947089947 0.013392857142857142 0.06746031746031746
2.0 0.5424107142857143 0.37433862433862436 0.01636904761904762 0.06878306878306878
1.0 0.23921130952380953 0.5456349206349206 0.024553571428571428 0.1283068783068783
2.0 0.6901041666666666 0.4173280423280423 0.026041666666666668 0.051587301587301584
1.0 0.34858630952380953 0.3492063492063492 0.018601190476190476 0.082010582010582
1.0 0.5926339285714286 0.30753968253968256 0.01711309523809524 0.07804232804232804
1.0 0.4486607142857143 0.2638888888888889 0.01488095238095238 0.07275132275132275
0.0 0.39880952380952384 0.33664021164021163 0.05357142857142857 0.08068783068783068
10.0 0.5450148809523809 0.25793650793650796 0.03794642857142857 0.047619047619047616
1.0 0.1566220238095238 0.5535714285714286 0.036458333333333336 0.0701058201058201
1.0 0.22730654761904762 0.36044973544973546 0.018601190476190476 0.06746031746031746
1.0 0.15104166666666666 0.2056878306878307 0.013392857142857142 0.062169312169312166
2.0 0.06547619047619048 0.22817460317460317 0.01636904761904762 0.03306878306878307
1.0 0.2109375 0.5443121693121693 0.027529761904761904 0.11772486772486772
2.0 0.20386904761904762 0.7440476190476191 0.07291666666666667 0.08862433862433862
2.0 0.19977678571428573 0.716931216931217 0.04389880952380952 0.07936507936507936
2.0 0.19308035714285715 0.6375661375661376 0.03943452380952381 0.07407407407407407
2.0 0.18303571428571427 0.6203703703703703 0.041666666666666664 0.07407407407407407
2.0 0.1209077380952381 0.4775132275132275 0.024553571428571428 0.04497354497354497
2.0 0.14694940476190477 0.4675925925925926 0.020089285714285716 0.041005291005291
2.0 0.2693452380952381 0.4107142857142857 0.03273809523809524 0.056878306878306875
2.0 0.25669642857142855 0.4027777777777778 0.020833333333333332 0.046296296296296294
2.0 0.1558779761904762 0.460978835978836 0.04836309523809524 0.062169312169312166
3.0 0.06919642857142858 0.5291005291005291 0.044642857142857144 0.07407407407407407
1.0 0.11011904761904762 0.37103174603174605 0.022321428571428572 0.08862433862433862
2.0 0.12016369047619048 0.42394179894179895 0.04092261904761905 0.056878306878306875
1.0 0.08296130952380952 0.36706349206349204 0.021577380952380952 0.08333333333333333
1.0 0.33891369047619047 0.25396825396825395 0.012648809523809524 0.03968253968253968
1.0 0.26413690476190477 0.19973544973544974 0.011904761904761904 0.03968253968253968
1.0 0.8035714285714286 0.30092592592592593 0.01636904761904762 0.06746031746031746
1.0 0.8165922619047619 0.30092592592592593 0.015625 0.05423280423280423
1.0 0.6662946428571429 0.31812169312169314 0.01711309523809524 0.07804232804232804
1.0 0.11532738095238096 0.16534391534391535 0.01488095238095238 0.047619047619047616
1.0 0.07626488095238096 0.3306878306878307 0.01711309523809524 0.082010582010582
1.0 0.30580357142857145 0.16534391534391535 0.01488095238095238 0.047619047619047616
0.0 0.24107142857142858 0.14616402116402116 0.046130952380952384 0.056878306878306875
0.0 0.34375 0.11375661375661375 0.07589285714285714 0.06084656084656084
1.0 0.09151785714285714 0.09656084656084656 0.011904761904761904 0.03439153439153439
1.0 0.009300595238095238 0.17328042328042328 0.01711309523809524 0.04497354497354497
1.0 0.017485119047619048 0.10648148148148148 0.012648809523809524 0.027777777777777776
2.0 0.11160714285714286 0.44312169312169314 0.028273809523809524 0.0582010582010582
