1.0 0.5327380952380952 0.669973544973545 0.025297619047619048 0.14947089947089948
1.0 0.4367559523809524 0.4880952380952381 0.025297619047619048 0.10846560846560846
1.0 0.6209077380952381 0.44312169312169314 0.021577380952380952 0.10582010582010581
1.0 0.4758184523809524 0.4794973544973545 0.023065476190476192 0.10185185185185185
1.0 0.5479910714285714 0.4417989417989418 0.01711309523809524 0.10052910052910052
1.0 0.5286458333333334 0.5787037037037037 0.027529761904761904 0.12566137566137567
1.0 0.36086309523809523 0.5720899470899471 0.03273809523809524 0.12301587301587301
1.0 0.4099702380952381 0.4695767195767196 0.023809523809523808 0.10052910052910052
1.0 0.10677083333333333 0.628968253968254 0.026041666666666668 0.10978835978835978
1.0 0.08370535714285714 0.6541005291005291 0.036458333333333336 0.12566137566137567
1.0 0.10416666666666667 0.6461640211640212 0.025297619047619048 0.12566137566137567
1.0 0.26674107142857145 0.4695767195767196 0.024553571428571428 0.11904761904761904
2.0 0.5885416666666666 0.35714285714285715 0.01636904761904762 0.06878306878306878
2.0 0.6194196428571429 0.3498677248677249 0.01711309523809524 0.05952380952380952
2.0 0.6086309523809523 0.36044973544973546 0.01636904761904762 0.0701058201058201
1.0 0.24813988095238096 0.44113756613756616 0.01711309523809524 0.11243386243386243
2.0 0.7410714285714286 0.4365079365079365 0.026785714285714284 0.05555555555555555
1.0 0.43117559523809523 0.3002645502645503 0.018601190476190476 0.082010582010582
1.0 0.7261904761904762 0.33201058201058203 0.017857142857142856 0.07671957671957672
1.0 0.5822172619047619 0.24537037037037038 0.01711309523809524 0.06481481481481481
0.0 0.49441964285714285 0.31283068783068785 0.05282738095238095 0.062169312169312166
10.0 0.6886160714285714 0.25066137566137564 0.033482142857142856 0.05423280423280423
1.0 0.20126488095238096 0.4298941798941799 0.033482142857142856 0.06084656084656084
1.0 0.3210565476190476 0.2691798941798942 0.015625 0.05423280423280423
1.0 0.4107142857142857 0.16534391534391535 0.013392857142857142 0.05291005291005291
2.0 0.29055059523809523 0.17328042328042328 0.014136904761904762 0.031746031746031744
1.0 0.22879464285714285 0.42394179894179895 0.021577380952380952 0.09656084656084656
2.0 0.15513392857142858 0.580026455026455 0.06324404761904762 0.0701058201058201
2.0 0.15922619047619047 0.548941798941799 0.03422619047619048 0.05291005291005291
2.0 0.18415178571428573 0.49404761904761907 0.03943452380952381 0.062169312169312166
2.0 0.19047619047619047 0.4728835978835979 0.02976190476190476 0.05423280423280423
2.0 0.2109375 0.36706349206349204 0.021577380952380952 0.03835978835978836
2.0 0.23809523809523808 0.35912698412698413 0.013392857142857142 0.02513227513227513
2.0 0.3541666666666667 0.3392857142857143 0.02976190476190476 0.03306878306878307
2.0 0.35007440476190477 0.33796296296296297 0.018601190476190476 0.03835978835978836
2.0 0.24069940476190477 0.36044973544973546 0.021577380952380952 0.046296296296296294
3.0 0.15364583333333334 0.39814814814814814 0.027529761904761904 0.07671957671957672
1.0 0.24069940476190477 0.29034391534391535 0.020089285714285716 0.07804232804232804
2.0 0.23511904761904762 0.32076719576719576 0.023809523809523808 0.03835978835978836
1.0 0.2261904761904762 0.2824074074074074 0.01488095238095238 0.08333333333333333
1.0 0.5 0.2533068783068783 0.011904761904761904 0.041005291005291
1.0 0.5334821428571429 0.16137566137566137 0.010416666666666666 0.037037037037037035
1.0 0.9047619047619048 0.33134920634920634 0.019345238095238096 0.06481481481481481
1.0 0.7488839285714286 0.3373015873015873 0.014136904761904762 0.06878306878306878
1.0 0.36569940476190477 0.11838624338624339 0.012648809523809524 0.041005291005291
1.0 0.24627976190476192 0.25066137566137564 0.01636904761904762 0.0701058201058201
2.0 0.10491071428571429 0.3776455026455027 0.023809523809523808 0.056878306878306875
1.0 0.5100446428571429 0.1402116402116402 0.012648809523809524 0.047619047619047616
0.0 0.45907738095238093 0.12632275132275134 0.05357142857142857 0.056878306878306875
0.0 0.5531994047619048 0.10648148148148148 0.06770833333333333 0.05423280423280423
1.0 0.3802083333333333 0.07275132275132275 0.010416666666666666 0.0291005291005291
1.0 0.26785714285714285 0.12566137566137567 0.011904761904761904 0.037037037037037035
1.0 0.18043154761904762 0.15608465608465608 0.012648809523809524 0.04497354497354497
2.0 0.25111607142857145 0.07605820105820106 0.009672619047619048 0.03571428571428571
1.0 0.27306547619047616 0.06613756613756613 0.010416666666666666 0.018518518518518517
1.0 0.13355654761904762 0.25992063492063494 0.014136904761904762 0.0701058201058201
1.0 0.24144345238095238 0.1335978835978836 0.012648809523809524 0.042328042328042326
1.0 0.2027529761904762 0.1455026455026455 0.012648809523809524 0.042328042328042326
1.0 0.19977678571428573 0.13161375661375663 0.011160714285714286 0.046296296296296294
2.0 0.22953869047619047 0.34325396825396826 0.023065476190476192 0.03835978835978836
1.0 0.15401785714285715 0.17394179894179895 0.01636904761904762 0.051587301587301584
1.0 0.14397321428571427 0.1884920634920635 0.020089285714285716 0.05952380952380952
1.0 0.07886904761904762 0.24074074074074073 0.01636904761904762 0.06349206349206349
1.0 0.08072916666666667 0.29894179894179895 0.018601190476190476 0.07936507936507936
1.0 0.10900297619047619 0.0958994708994709 0.014136904761904762 0.02513227513227513
1.0 0.04203869047619048 0.27645502645502645 0.018601190476190476 0.07407407407407407
1.0 0.055431547619047616 0.15145502645502645 0.012648809523809524 0.046296296296296294
1.0 0.050967261904761904 0.15079365079365079 0.011160714285714286 0.04497354497354497
1.0 0.05171130952380952 0.13822751322751323 0.012648809523809524 0.05952380952380952
2.0 0.030877976190476192 0.16600529100529102 0.014136904761904762 0.041005291005291
2.0 0.02269345238095238 0.16137566137566137 0.011160714285714286 0.042328042328042326
