1.0 0.5431547619047619 0.6693121693121693 0.02976190476190476 0.15079365079365079
1.0 0.43712797619047616 0.5033068783068783 0.026041666666666668 0.10714285714285714
1.0 0.5710565476190477 0.42328042328042326 0.021577380952380952 0.09523809523809523
1.0 0.4739583333333333 0.4808201058201058 0.02976190476190476 0.09126984126984126
1.0 0.5539434523809523 0.4437830687830688 0.01711309523809524 0.0992063492063492
1.0 0.5052083333333334 0.576058201058201 0.026785714285714284 0.12566137566137567
1.0 0.33370535714285715 0.5462962962962963 0.023065476190476192 0.1164021164021164
1.0 0.4148065476190476 0.4662698412698413 0.023065476190476192 0.09656084656084656
1.0 0.11011904761904762 0.6567460317460317 0.023809523809523808 0.10978835978835978
1.0 0.09263392857142858 0.7017195767195767 0.046875 0.1283068783068783
1.0 0.11123511904761904 0.6884920634920635 0.026041666666666668 0.14153439153439154
1.0 0.26264880952380953 0.4861111111111111 0.025297619047619048 0.12037037037037036
2.0 0.5688244047619048 0.3578042328042328 0.014136904761904762 0.0701058201058201
2.0 0.5993303571428571 0.35119047619047616 0.015625 0.05952380952380952
2.0 0.5900297619047619 0.3611111111111111 0.01636904761904762 0.06878306878306878
1.0 0.2347470238095238 0.458994708994709 0.01711309523809524 0.1164021164021164
2.0 0.7232142857142857 0.42857142857142855 0.026785714285714284 0.05555555555555555
1.0 0.4069940476190476 0.30952380952380953 0.017857142857142856 0.07671957671957672
1.0 0.6949404761904762 0.3201058201058201 0.017857142857142856 0.07671957671957672
1.0 0.5502232142857143 0.24933862433862433 0.01711309523809524 0.0701058201058201
0.0 0.47061011904761907 0.31216931216931215 0.05282738095238095 0.07142857142857142
10.0 0.6547619047619048 0.24735449735449735 0.03720238095238095 0.0582010582010582
1.0 0.1871279761904762 0.4503968253968254 0.034970238095238096 0.06481481481481481
1.0 0.29724702380952384 0.2962962962962963 0.014136904761904762 0.06084656084656084
1.0 0.36681547619047616 0.16865079365079366 0.013392857142857142 0.05423280423280423
2.0 0.24293154761904762 0.18121693121693122 0.015625 0.037037037037037035
1.0 0.21651785714285715 0.44775132275132273 0.022321428571428572 0.10449735449735449
2.0 0.15550595238095238 0.6064814814814815 0.05952380952380952 0.0701058201058201
2.0 0.15327380952380953 0.5826719576719577 0.03571428571428571 0.06746031746031746
2.0 0.17745535714285715 0.5178571428571429 0.033482142857142856 0.05952380952380952
2.0 0.18043154761904762 0.5006613756613757 0.031994047619047616 0.06481481481481481
2.0 0.18563988095238096 0.38822751322751325 0.021577380952380952 0.04365079365079365
2.0 0.21465773809523808 0.3776455026455027 0.012648809523809524 0.03042328042328042
2.0 0.3325892857142857 0.3505291005291005 0.02976190476190476 0.03968253968253968
2.0 0.3273809523809524 0.34523809523809523 0.022321428571428572 0.03968253968253968
2.0 0.21614583333333334 0.373015873015873 0.021577380952380952 0.04497354497354497
3.0 0.13392857142857142 0.41865079365079366 0.02976190476190476 0.07804232804232804
1.0 0.20944940476190477 0.30092592592592593 0.020089285714285716 0.07804232804232804
2.0 0.20758928571428573 0.3353174603174603 0.03125 0.03835978835978836
1.0 0.19791666666666666 0.2962962962962963 0.01488095238095238 0.082010582010582
1.0 0.46726190476190477 0.25992063492063494 0.011904761904761904 0.041005291005291
1.0 0.4791666666666667 0.15873015873015872 0.010416666666666666 0.037037037037037035
1.0 0.8716517857142857 0.32341269841269843 0.018601190476190476 0.06746031746031746
1.0 0.8869047619047619 0.335978835978836 0.01636904761904762 0.0582010582010582
1.0 0.7406994047619048 0.33664021164021163 0.014136904761904762 0.06746031746031746
1.0 0.3240327380952381 0.12632275132275134 0.014136904761904762 0.041005291005291
1.0 0.20647321428571427 0.26322751322751325 0.018601190476190476 0.07407407407407407
2.0 0.078125 0.4001322751322751 0.025297619047619048 0.05952380952380952
1.0 0.46577380952380953 0.14087301587301587 0.011904761904761904 0.046296296296296294
0.0 0.41964285714285715 0.12962962962962962 0.052083333333333336 0.0582010582010582
0.0 0.49702380952380953 0.10449735449735449 0.0818452380952381 0.042328042328042326
1.0 0.33630952380952384 0.07804232804232804 0.010416666666666666 0.031746031746031744
1.0 0.21428571428571427 0.13161375661375663 0.013392857142857142 0.041005291005291
1.0 0.12648809523809523 0.16666666666666666 0.013392857142857142 0.047619047619047616
2.0 0.18154761904761904 0.08134920634920635 0.010416666666666666 0.03571428571428571
1.0 0.21949404761904762 0.06944444444444445 0.011904761904761904 0.01984126984126984
1.0 0.06212797619047619 0.2943121693121693 0.018601190476190476 0.07804232804232804
1.0 0.19010416666666666 0.1402116402116402 0.012648809523809524 0.042328042328042326
1.0 0.14769345238095238 0.15079365079365079 0.012648809523809524 0.042328042328042326
1.0 0.13950892857142858 0.13822751322751323 0.011160714285714286 0.046296296296296294
2.0 0.20014880952380953 0.35714285714285715 0.023809523809523808 0.03968253968253968
1.0 0.11011904761904762 0.19047619047619047 0.01488095238095238 0.047619047619047616
1.0 0.10379464285714286 0.19775132275132276 0.014136904761904762 0.05952380952380952
1.0 0.018973214285714284 0.2691798941798942 0.020089285714285716 0.07539682539682539
1.0 0.011532738095238096 0.33796296296296297 0.018601190476190476 0.07804232804232804
1.0 0.058407738095238096 0.0992063492063492 0.014136904761904762 0.023809523809523808
