1.0 0.3861607142857143 0.32671957671957674 0.01488095238095238 0.06349206349206349
1.0 0.37723214285714285 0.3558201058201058 0.010416666666666666 0.03968253968253968
2.0 0.3984375 0.35185185185185186 0.011160714285714286 0.042328042328042326
2.0 0.5502232142857143 0.2705026455026455 0.018601190476190476 0.04365079365079365
1.0 0.40401785714285715 0.3544973544973545 0.011904761904761904 0.05291005291005291
2.0 0.3943452380952381 0.3445767195767196 0.013392857142857142 0.051587301587301584
1.0 0.4568452380952381 0.6441798941798942 0.03125 0.1349206349206349
1.0 0.6499255952380952 0.6421957671957672 0.03050595238095238 0.1335978835978836
1.0 0.7087053571428571 0.5099206349206349 0.023065476190476192 0.12037037037037036
1.0 0.5621279761904762 0.5555555555555556 0.031994047619047616 0.10582010582010581
1.0 0.6075148809523809 0.48544973544973546 0.021577380952380952 0.10846560846560846
1.0 0.4758184523809524 0.5707671957671958 0.024553571428571428 0.11243386243386243
1.0 0.4572172619047619 0.4966931216931217 0.026041666666666668 0.09656084656084656
1.0 0.4888392857142857 0.4828042328042328 0.025297619047619048 0.09788359788359788
1.0 0.3013392857142857 0.8988095238095238 0.02976190476190476 0.12301587301587301
1.0 0.24776785714285715 0.9021164021164021 0.03720238095238095 0.15873015873015872
1.0 0.26264880952380953 0.8703703703703703 0.03273809523809524 0.14814814814814814
1.0 0.28869047619047616 0.5906084656084656 0.026785714285714284 0.1283068783068783
2.0 0.5159970238095238 0.3783068783068783 0.01711309523809524 0.06878306878306878
2.0 0.5424107142857143 0.3723544973544973 0.011904761904761904 0.0701058201058201
2.0 0.5360863095238095 0.3776455026455027 0.018601190476190476 0.0701058201058201
1.0 0.23921130952380953 0.5595238095238095 0.027529761904761904 0.13227513227513227
2.0 0.6837797619047619 0.4146825396825397 0.025297619047619048 0.051587301587301584
1.0 0.33779761904761907 0.35648148148148145 0.017857142857142856 0.08597883597883597
1.0 0.5796130952380952 0.30224867724867727 0.017857142857142856 0.0701058201058201
1.0 0.4330357142857143 0.2671957671957672 0.01636904761904762 0.07407407407407407
10.0 0.5267857142857143 0.25793650793650796 0.03869047619047619 0.047619047619047616
2.0 0.15066964285714285 0.5701058201058201 0.034970238095238096 0.06878306878306878
1.0 0.21242559523809523 0.37632275132275134 0.020089285714285716 0.0701058201058201
2.0 0.10379464285714286 0.22023809523809523 0.014136904761904762 0.062169312169312166
2.0 0.036830357142857144 0.2361111111111111 0.01711309523809524 0.03306878306878307
1.0 0.20907738095238096 0.5582010582010583 0.03273809523809524 0.12169312169312169
1.0 0.21354166666666666 0.7658730158730159 0.0744047619047619 0.09523809523809523
2.0 0.20684523809523808 0.7354497354497355 0.046130952380952384 0.082010582010582
2.0 0.19382440476190477 0.658068783068783 0.03943452380952381 0.07275132275132275
2.0 0.18080357142857142 0.6395502645502645 0.03869047619047619 0.08333333333333333
2.0 0.10825892857142858 0.49007936507936506 0.026041666666666668 0.046296296296296294
2.0 0.13690476190476192 0.48214285714285715 0.020833333333333332 0.041005291005291
2.0 0.2570684523809524 0.4212962962962963 0.033482142857142856 0.05952380952380952
1.0 0.24590773809523808 0.41005291005291006 0.020089285714285716 0.047619047619047616
2.0 0.14769345238095238 0.47354497354497355 0.04985119047619048 0.06349206349206349
3.0 0.060267857142857144 0.5456349206349206 0.047619047619047616 0.07539682539682539
1.0 0.09337797619047619 0.38227513227513227 0.021577380952380952 0.08994708994708994
2.0 0.10788690476190477 0.4365079365079365 0.041666666666666664 0.0582010582010582
1.0 0.06510416666666667 0.38095238095238093 0.024553571428571428 0.08465608465608465
1.0 0.3098958333333333 0.24933862433862433 0.012648809523809524 0.03571428571428571
1.0 0.23809523809523808 0.20436507936507936 0.010416666666666666 0.04365079365079365
1.0 0.7879464285714286 0.2976190476190476 0.017857142857142856 0.06349206349206349
1.0 0.8013392857142857 0.2976190476190476 0.01488095238095238 0.05291005291005291
1.0 0.6540178571428571 0.3187830687830688 0.017857142857142856 0.07936507936507936
1.0 0.08779761904761904 0.17195767195767195 0.013392857142857142 0.05291005291005291
1.0 0.0546875 0.33796296296296297 0.01711309523809524 0.08333333333333333
1.0 0.2819940476190476 0.1693121693121693 0.01488095238095238 0.047619047619047616
0.0 0.2105654761904762 0.15873015873015872 0.046130952380952384 0.05555555555555555
0.0 0.32068452380952384 0.11375661375661375 0.06994047619047619 0.06084656084656084
1.0 0.041666666666666664 0.0992063492063492 0.01488095238095238 0.037037037037037035
2.0 0.09821428571428571 0.4583333333333333 0.03273809523809524 0.062169312169312166
