1.0 0.4739583333333333 0.6197089947089947 0.025297619047619048 0.14417989417989419
1.0 0.484375 0.5304232804232805 0.02976190476190476 0.10052910052910052
1.0 0.5941220238095238 0.4808201058201058 0.024553571428571428 0.10185185185185185
1.0 0.5003720238095238 0.5158730158730159 0.026041666666666668 0.10052910052910052
1.0 0.5446428571428571 0.47156084656084657 0.023809523809523808 0.10185185185185185
1.0 0.45982142857142855 0.5582010582010583 0.025297619047619048 0.12433862433862433
1.0 0.39546130952380953 0.4642857142857143 0.024553571428571428 0.09259259259259259
1.0 0.4412202380952381 0.48148148148148145 0.028273809523809524 0.10846560846560846
1.0 0.23251488095238096 0.7863756613756614 0.03050595238095238 0.12037037037037036
1.0 0.18936011904761904 0.8373015873015873 0.034970238095238096 0.15079365079365079
1.0 0.19680059523809523 0.8108465608465608 0.031994047619047616 0.15608465608465608
1.0 0.27938988095238093 0.5542328042328042 0.026041666666666668 0.12433862433862433
2.0 0.5379464285714286 0.37037037037037035 0.013392857142857142 0.07142857142857142
2.0 0.5651041666666666 0.3630952380952381 0.015625 0.062169312169312166
2.0 0.5558035714285714 0.3664021164021164 0.01636904761904762 0.06878306878306878
1.0 0.23772321428571427 0.5205026455026455 0.021577380952380952 0.12566137566137567
2.0 0.6997767857142857 0.41865079365079366 0.026041666666666668 0.05423280423280423
1.0 0.3630952380952381 0.3386243386243386 0.019345238095238096 0.07936507936507936
1.0 0.6156994047619048 0.3082010582010582 0.01711309523809524 0.07671957671957672
1.0 0.4765625 0.26256613756613756 0.01711309523809524 0.0701058201058201
0.0 0.41517857142857145 0.3287037037037037 0.05505952380952381 0.08068783068783068
10.0 0.5747767857142857 0.2585978835978836 0.036458333333333336 0.04894179894179894
1.0 0.16555059523809523 0.5277777777777778 0.03943452380952381 0.07671957671957672
1.0 0.2585565476190476 0.3439153439153439 0.014136904761904762 0.06084656084656084
1.0 0.2261904761904762 0.1917989417989418 0.013392857142857142 0.06084656084656084
2.0 0.11235119047619048 0.21494708994708994 0.01636904761904762 0.03571428571428571
1.0 0.21242559523809523 0.5185185185185185 0.024553571428571428 0.1111111111111111
2.0 0.1878720238095238 0.7023809523809523 0.07068452380952381 0.082010582010582
2.0 0.18452380952380953 0.6845238095238095 0.03869047619047619 0.07804232804232804
2.0 0.19010416666666666 0.6058201058201058 0.03943452380952381 0.07671957671957672
2.0 0.1796875 0.5879629629629629 0.04241071428571429 0.0701058201058201
2.0 0.13988095238095238 0.45634920634920634 0.022321428571428572 0.04497354497354497
2.0 0.16220238095238096 0.4444444444444444 0.019345238095238096 0.03968253968253968
2.0 0.2883184523809524 0.3955026455026455 0.031994047619047616 0.05026455026455026
2.0 0.27455357142857145 0.38822751322751325 0.025297619047619048 0.041005291005291
2.0 0.17001488095238096 0.43716931216931215 0.04241071428571429 0.05952380952380952
3.0 0.08444940476190477 0.5 0.03943452380952381 0.07671957671957672
1.0 0.13616071428571427 0.3478835978835979 0.020833333333333332 0.082010582010582
2.0 0.14174107142857142 0.4007936507936508 0.03943452380952381 0.05291005291005291
1.0 0.11086309523809523 0.34523809523809523 0.01488095238095238 0.082010582010582
1.0 0.3794642857142857 0.25925925925925924 0.013392857142857142 0.04497354497354497
1.0 0.3288690476190476 0.18121693121693122 0.010416666666666666 0.03968253968253968
1.0 0.8351934523809523 0.30158730158730157 0.012648809523809524 0.06878306878306878
1.0 0.8463541666666666 0.30886243386243384 0.015625 0.056878306878306875
1.0 0.6882440476190477 0.31812169312169314 0.01636904761904762 0.07275132275132275
1.0 0.16927083333333334 0.1527777777777778 0.014136904761904762 0.046296296296296294
1.0 0.10863095238095238 0.31415343915343913 0.017857142857142856 0.08068783068783068
1.0 0.3474702380952381 0.16005291005291006 0.013392857142857142 0.05026455026455026
0.0 0.2864583333333333 0.14153439153439154 0.047619047619047616 0.0582010582010582
0.0 0.36904761904761907 0.11772486772486772 0.08035714285714286 0.06084656084656084
1.0 0.16480654761904762 0.09656084656084656 0.011160714285714286 0.031746031746031744
1.0 0.05654761904761905 0.15806878306878308 0.013392857142857142 0.04365079365079365
1.0 0.0822172619047619 0.09788359788359788 0.012648809523809524 0.03439153439153439
1.0 0.036830357142857144 0.17592592592592593 0.012648809523809524 0.042328042328042326
2.0 0.1324404761904762 0.4173280423280423 0.023809523809523808 0.046296296296296294
