1.0 0.15959821428571427 0.9186507936507936 0.06324404761904762 0.1574074074074074
1.0 0.21168154761904762 0.3551587301587302 0.01711309523809524 0.06481481481481481
1.0 0.2507440476190476 0.41203703703703703 0.01636904761904762 0.046296296296296294
2.0 0.26078869047619047 0.3664021164021164 0.015625 0.042328042328042326
2.0 0.37202380952380953 0.2612433862433862 0.017857142857142856 0.05423280423280423
10.0 0.5319940476190477 0.29894179894179895 0.03273809523809524 0.05291005291005291
1.0 0.26674107142857145 0.36706349206349204 0.014136904761904762 0.05423280423280423
2.0 0.25223214285714285 0.36044973544973546 0.017857142857142856 0.05423280423280423
1.0 0.37611607142857145 0.49933862433862436 0.027529761904761904 0.12037037037037036
1.0 0.6034226190476191 0.5866402116402116 0.02976190476190476 0.13095238095238096
1.0 0.47693452380952384 0.6355820105820106 0.03422619047619048 0.1388888888888889
1.0 0.5301339285714286 0.5324074074074074 0.023065476190476192 0.10978835978835978
1.0 0.4817708333333333 0.58994708994709 0.033482142857142856 0.1111111111111111
1.0 0.4088541666666667 0.4966931216931217 0.024553571428571428 0.11507936507936507
1.0 0.5163690476190477 0.42857142857142855 0.019345238095238096 0.09788359788359788
1.0 0.5040922619047619 0.44246031746031744 0.021577380952380952 0.10185185185185185
1.0 0.48549107142857145 0.9345238095238095 0.034970238095238096 0.12301587301587301
1.0 0.44754464285714285 0.9252645502645502 0.04836309523809524 0.14153439153439154
1.0 0.30580357142857145 0.6256613756613757 0.025297619047619048 0.14285714285714285
2.0 0.4069940476190476 0.37103174603174605 0.017857142857142856 0.06746031746031746
2.0 0.43005952380952384 0.3525132275132275 0.023809523809523808 0.06481481481481481
2.0 0.42485119047619047 0.3611111111111111 0.020833333333333332 0.06878306878306878
1.0 0.23958333333333334 0.6256613756613757 0.03720238095238095 0.13756613756613756
2.0 0.5744047619047619 0.36706349206349204 0.022321428571428572 0.05423280423280423
1.0 0.21986607142857142 0.38095238095238093 0.020089285714285716 0.09523809523809523
1.0 0.35305059523809523 0.2751322751322751 0.01711309523809524 0.07407407407407407
1.0 0.2507440476190476 0.2777777777777778 0.01488095238095238 0.07936507936507936
10.0 0.34523809523809523 0.2566137566137566 0.03869047619047619 0.047619047619047616
2.0 0.11086309523809523 0.6772486772486772 0.03720238095238095 0.09788359788359788
1.0 0.10119047619047619 0.49933862433862436 0.025297619047619048 0.09126984126984126
1.0 0.20014880952380953 0.6448412698412699 0.03422619047619048 0.14417989417989419
1.0 0.33482142857142855 0.8505291005291006 0.07291666666666667 0.1402116402116402
2.0 0.29724702380952384 0.8326719576719577 0.046875 0.12037037037037036
1.0 0.31845238095238093 0.7281746031746031 0.046130952380952384 0.14947089947089948
2.0 0.19903273809523808 0.7328042328042328 0.05133928571428571 0.10317460317460317
2.0 0.1409970238095238 0.4728835978835979 0.036458333333333336 0.06481481481481481
1.0 0.10974702380952381 0.45701058201058203 0.020089285714285716 0.0701058201058201
2.0 0.03311011904761905 0.5727513227513228 0.05282738095238095 0.08465608465608465
1.0 0.21875 0.3115079365079365 0.013392857142857142 0.05952380952380952
1.0 0.01636904761904762 0.2962962962962963 0.01488095238095238 0.0582010582010582
1.0 0.6023065476190477 0.24867724867724866 0.01711309523809524 0.06349206349206349
1.0 0.49813988095238093 0.2896825396825397 0.018601190476190476 0.07936507936507936
