1.0 0.39806547619047616 0.32275132275132273 0.01488095238095238 0.06349206349206349
1.0 0.38950892857142855 0.35185185185185186 0.012648809523809524 0.037037037037037035
2.0 0.41220238095238093 0.34523809523809523 0.011904761904761904 0.042328042328042326
2.0 0.5699404761904762 0.2705026455026455 0.017857142857142856 0.04365079365079365
1.0 0.41592261904761907 0.3525132275132275 0.011904761904761904 0.05423280423280423
2.0 0.40773809523809523 0.3406084656084656 0.013392857142857142 0.051587301587301584
1.0 0.45498511904761907 0.6243386243386243 0.033482142857142856 0.13756613756613756
1.0 0.6023065476190477 0.6051587301587301 0.03050595238095238 0.12566137566137567
1.0 0.6763392857142857 0.5 0.022321428571428572 0.1111111111111111
1.0 0.5442708333333334 0.5416666666666666 0.026041666666666668 0.10449735449735449
1.0 0.5818452380952381 0.48148148148148145 0.023809523809523808 0.10317460317460317
1.0 0.47023809523809523 0.5687830687830688 0.026785714285714284 0.11904761904761904
1.0 0.45275297619047616 0.5185185185185185 0.031994047619047616 0.08994708994708994
1.0 0.4728422619047619 0.49272486772486773 0.027529761904761904 0.10449735449735449
1.0 0.2805059523809524 0.841931216931217 0.02976190476190476 0.12566137566137567
1.0 0.22507440476190477 0.8783068783068783 0.036458333333333336 0.15608465608465608
1.0 0.23809523809523808 0.8544973544973545 0.03422619047619048 0.15608465608465608
1.0 0.2857142857142857 0.5753968253968254 0.026785714285714284 0.12698412698412698
2.0 0.5260416666666666 0.37367724867724866 0.01488095238095238 0.0701058201058201
2.0 0.5524553571428571 0.3697089947089947 0.014136904761904762 0.06746031746031746
2.0 0.5431547619047619 0.37433862433862436 0.01636904761904762 0.06878306878306878
1.0 0.23921130952380953 0.544973544973545 0.024553571428571428 0.12962962962962962
2.0 0.6901041666666666 0.4173280423280423 0.026041666666666668 0.051587301587301584
1.0 0.3489583333333333 0.3492063492063492 0.019345238095238096 0.082010582010582
1.0 0.5933779761904762 0.30753968253968256 0.01711309523809524 0.07804232804232804
1.0 0.4494047619047619 0.2638888888888889 0.01488095238095238 0.07275132275132275
0.0 0.39955357142857145 0.33664021164021163 0.05357142857142857 0.08068783068783068
10.0 0.5465029761904762 0.2585978835978836 0.03794642857142857 0.046296296296296294
1.0 0.15699404761904762 0.5529100529100529 0.03571428571428571 0.07142857142857142
1.0 0.22879464285714285 0.35978835978835977 0.018601190476190476 0.06613756613756613
1.0 0.15364583333333334 0.20502645502645503 0.014136904761904762 0.06084656084656084
2.0 0.06733630952380952 0.22817460317460317 0.01711309523809524 0.03306878306878307
1.0 0.2109375 0.542989417989418 0.026041666666666668 0.11772486772486772
2.0 0.203125 0.7420634920634921 0.07291666666666667 0.0873015873015873
2.0 0.19903273809523808 0.7156084656084656 0.04389880952380952 0.07936507936507936
2.0 0.19233630952380953 0.6362433862433863 0.03943452380952381 0.07407407407407407
2.0 0.18303571428571427 0.6190476190476191 0.041666666666666664 0.07407407407407407
2.0 0.12165178571428571 0.47685185185185186 0.024553571428571428 0.04365079365079365
2.0 0.14732142857142858 0.4675925925925926 0.020833333333333332 0.041005291005291
2.0 0.2700892857142857 0.4107142857142857 0.03273809523809524 0.056878306878306875
2.0 0.25744047619047616 0.4021164021164021 0.020833333333333332 0.04497354497354497
2.0 0.1566220238095238 0.45965608465608465 0.04836309523809524 0.062169312169312166
3.0 0.06956845238095238 0.5277777777777778 0.04389880952380952 0.07407407407407407
1.0 0.11086309523809523 0.37037037037037035 0.022321428571428572 0.0873015873015873
2.0 0.1209077380952381 0.4226190476190476 0.04092261904761905 0.056878306878306875
1.0 0.08407738095238096 0.36706349206349204 0.020833333333333332 0.08333333333333333
1.0 0.3404017857142857 0.25396825396825395 0.012648809523809524 0.03968253968253968
1.0 0.265625 0.19907407407407407 0.011904761904761904 0.03835978835978836
1.0 0.8043154761904762 0.30092592592592593 0.01636904761904762 0.06746031746031746
1.0 0.8177083333333334 0.30092592592592593 0.01488095238095238 0.05423280423280423
1.0 0.6670386904761905 0.31812169312169314 0.01711309523809524 0.07804232804232804
1.0 0.11681547619047619 0.16468253968253968 0.01488095238095238 0.046296296296296294
1.0 0.07700892857142858 0.330026455026455 0.01711309523809524 0.08333333333333333
1.0 0.3072916666666667 0.16534391534391535 0.01488095238095238 0.047619047619047616
0.0 0.2425595238095238 0.1455026455026455 0.046130952380952384 0.0582010582010582
0.0 0.3444940476190476 0.11507936507936507 0.07589285714285714 0.06084656084656084
1.0 0.09449404761904762 0.09656084656084656 0.011904761904761904 0.03439153439153439
1.0 0.010416666666666666 0.17195767195767195 0.01636904761904762 0.04497354497354497
1.0 0.020089285714285716 0.10582010582010581 0.011904761904761904 0.0291005291005291
2.0 0.11235119047619048 0.44246031746031744 0.028273809523809524 0.056878306878306875
