1.0 0.10453869047619048 0.7116402116402116 0.04538690476190476 0.14814814814814814
1.0 0.30952380952380953 0.3386243386243386 0.01488095238095238 0.06349206349206349
1.0 0.3489583333333333 0.38293650793650796 0.011904761904761904 0.051587301587301584
2.0 0.34970238095238093 0.35714285714285715 0.01488095238095238 0.042328042328042326
2.0 0.4758184523809524 0.26322751322751325 0.018601190476190476 0.05291005291005291
10.0 0.6298363095238095 0.3055555555555556 0.031994047619047616 0.047619047619047616
1.0 0.35751488095238093 0.3525132275132275 0.012648809523809524 0.05423280423280423
2.0 0.34523809523809523 0.3419312169312169 0.017857142857142856 0.05423280423280423
1.0 0.46130952380952384 0.5251322751322751 0.020833333333333332 0.12169312169312169
1.0 0.6785714285714286 0.5998677248677249 0.028273809523809524 0.12301587301587301
1.0 0.6648065476190477 0.5026455026455027 0.023065476190476192 0.1111111111111111
1.0 0.5524553571428571 0.5357142857142857 0.024553571428571428 0.1111111111111111
1.0 0.5491071428571429 0.4828042328042328 0.022321428571428572 0.11375661375661375
1.0 0.47693452380952384 0.4781746031746032 0.023809523809523808 0.10978835978835978
1.0 0.5252976190476191 0.42923280423280424 0.017857142857142856 0.10185185185185185
1.0 0.5189732142857143 0.4444444444444444 0.021577380952380952 0.10317460317460317
1.0 0.4174107142857143 0.9305555555555556 0.03571428571428571 0.13624338624338625
1.0 0.3880208333333333 0.9206349206349206 0.04241071428571429 0.14814814814814814
1.0 0.33891369047619047 0.6216931216931217 0.03050595238095238 0.13756613756613756
2.0 0.48586309523809523 0.36772486772486773 0.017857142857142856 0.06878306878306878
2.0 0.5022321428571429 0.3551587301587302 0.020833333333333332 0.062169312169312166
2.0 0.5026041666666666 0.3664021164021164 0.020089285714285716 0.06878306878306878
1.0 0.2630208333333333 0.5859788359788359 0.026041666666666668 0.1349206349206349
2.0 0.6525297619047619 0.3869047619047619 0.023809523809523808 0.05423280423280423
1.0 0.30357142857142855 0.3664021164021164 0.022321428571428572 0.09523809523809523
1.0 0.4959077380952381 0.2876984126984127 0.01711309523809524 0.0701058201058201
1.0 0.35751488095238093 0.2691798941798942 0.012648809523809524 0.07804232804232804
10.0 0.44754464285714285 0.25 0.036458333333333336 0.047619047619047616
2.0 0.15290178571428573 0.621031746031746 0.04538690476190476 0.09126984126984126
1.0 0.18861607142857142 0.4470899470899471 0.020089285714285716 0.08465608465608465
1.0 0.22172619047619047 0.5906084656084656 0.03273809523809524 0.1335978835978836
1.0 0.30766369047619047 0.8121693121693122 0.07366071428571429 0.12433862433862433
2.0 0.28087797619047616 0.7870370370370371 0.05133928571428571 0.10317460317460317
2.0 0.2340029761904762 0.708994708994709 0.04241071428571429 0.09259259259259259
2.0 0.21502976190476192 0.6851851851851852 0.047619047619047616 0.09523809523809523
2.0 0.06956845238095238 0.542989417989418 0.026041666666666668 0.05423280423280423
2.0 0.09895833333333333 0.5238095238095238 0.023809523809523808 0.042328042328042326
2.0 0.22135416666666666 0.44113756613756616 0.033482142857142856 0.05952380952380952
1.0 0.20052083333333334 0.43915343915343913 0.020089285714285716 0.047619047619047616
2.0 0.11421130952380952 0.5092592592592593 0.05431547619047619 0.06349206349206349
3.0 0.041666666666666664 0.6124338624338624 0.06696428571428571 0.0873015873015873
1.0 0.024553571428571428 0.42394179894179895 0.023809523809523808 0.10978835978835978
2.0 0.046875 0.4775132275132275 0.041666666666666664 0.0582010582010582
1.0 0.2857142857142857 0.2837301587301587 0.01488095238095238 0.05423280423280423
1.0 0.16071428571428573 0.23875661375661375 0.011904761904761904 0.05423280423280423
1.0 0.6923363095238095 0.25925925925925924 0.01711309523809524 0.06349206349206349
1.0 0.5900297619047619 0.2976190476190476 0.017857142857142856 0.07936507936507936
1.0 0.14732142857142858 0.16865079365079366 0.011904761904761904 0.05423280423280423
0.0 0.08296130952380952 0.16468253968253968 0.04389880952380952 0.07275132275132275
0.0 0.18601190476190477 0.1078042328042328 0.08035714285714286 0.062169312169312166
2.0 0.047619047619047616 0.503968253968254 0.041666666666666664 0.06349206349206349
