1.0 0.4025297619047619 0.32142857142857145 0.01488095238095238 0.06349206349206349
1.0 0.39248511904761907 0.35119047619047616 0.012648809523809524 0.03571428571428571
2.0 0.41592261904761907 0.3439153439153439 0.011904761904761904 0.042328042328042326
2.0 0.5744047619047619 0.2665343915343915 0.017857142857142856 0.046296296296296294
1.0 0.3463541666666667 0.3644179894179894 0.014136904761904762 0.05423280423280423
2.0 0.4107142857142857 0.3406084656084656 0.013392857142857142 0.051587301587301584
1.0 0.4575892857142857 0.6236772486772487 0.03273809523809524 0.1388888888888889
1.0 0.5922619047619048 0.5972222222222222 0.03125 0.12301587301587301
1.0 0.6688988095238095 0.4973544973544973 0.022321428571428572 0.10846560846560846
1.0 0.5401785714285714 0.5390211640211641 0.026785714285714284 0.10449735449735449
1.0 0.5777529761904762 0.48148148148148145 0.023065476190476192 0.10317460317460317
1.0 0.46986607142857145 0.5687830687830688 0.026041666666666668 0.11904761904761904
1.0 0.4460565476190476 0.5052910052910053 0.03050595238095238 0.10052910052910052
1.0 0.4680059523809524 0.4933862433862434 0.028273809523809524 0.10582010582010581
1.0 0.27529761904761907 0.8333333333333334 0.02976190476190476 0.12433862433862433
1.0 0.22023809523809523 0.8723544973544973 0.03571428571428571 0.15476190476190477
1.0 0.23214285714285715 0.8478835978835979 0.03422619047619048 0.15608465608465608
1.0 0.2849702380952381 0.5720899470899471 0.026785714285714284 0.12566137566137567
2.0 0.5286458333333334 0.3723544973544973 0.014136904761904762 0.0701058201058201
2.0 0.5546875 0.3683862433862434 0.014136904761904762 0.06481481481481481
2.0 0.5446428571428571 0.373015873015873 0.01636904761904762 0.06878306878306878
1.0 0.23921130952380953 0.5416666666666666 0.024553571428571428 0.1283068783068783
2.0 0.6915922619047619 0.4173280423280423 0.026041666666666668 0.051587301587301584
1.0 0.35119047619047616 0.3472222222222222 0.019345238095238096 0.08068783068783068
1.0 0.5963541666666666 0.30753968253968256 0.01711309523809524 0.07804232804232804
1.0 0.45349702380952384 0.2638888888888889 0.015625 0.07275132275132275
0.0 0.4017857142857143 0.3353174603174603 0.05357142857142857 0.08068783068783068
10.0 0.5505952380952381 0.2585978835978836 0.03720238095238095 0.046296296296296294
1.0 0.15848214285714285 0.5496031746031746 0.03720238095238095 0.07275132275132275
1.0 0.23288690476190477 0.3551587301587302 0.017857142857142856 0.06481481481481481
1.0 0.1644345238095238 0.20105820105820105 0.013392857142857142 0.06084656084656084
2.0 0.07328869047619048 0.22552910052910052 0.01711309523809524 0.03306878306878307
1.0 0.21168154761904762 0.5396825396825397 0.024553571428571428 0.1164021164021164
2.0 0.20089285714285715 0.7367724867724867 0.07291666666666667 0.0873015873015873
2.0 0.19717261904761904 0.7116402116402116 0.043154761904761904 0.07936507936507936
2.0 0.19233630952380953 0.6322751322751323 0.03943452380952381 0.07407407407407407
2.0 0.18266369047619047 0.6137566137566137 0.04241071428571429 0.07142857142857142
2.0 0.125 0.4748677248677249 0.023809523809523808 0.04497354497354497
2.0 0.14955357142857142 0.4636243386243386 0.020833333333333332 0.041005291005291
2.0 0.27306547619047616 0.4087301587301587 0.03273809523809524 0.05555555555555555
2.0 0.25967261904761907 0.4001322751322751 0.022321428571428572 0.046296296296296294
2.0 0.15848214285714285 0.45701058201058203 0.047619047619047616 0.062169312169312166
3.0 0.07142857142857142 0.5244708994708994 0.043154761904761904 0.07539682539682539
1.0 0.11458333333333333 0.36706349206349204 0.022321428571428572 0.08597883597883597
2.0 0.12351190476190477 0.419973544973545 0.04017857142857143 0.056878306878306875
1.0 0.08779761904761904 0.3637566137566138 0.019345238095238096 0.082010582010582
1.0 0.3470982142857143 0.25595238095238093 0.012648809523809524 0.041005291005291
1.0 0.27232142857142855 0.19775132275132276 0.011904761904761904 0.03835978835978836
1.0 0.8084077380952381 0.30158730158730157 0.015625 0.06878306878306878
1.0 0.8214285714285714 0.30224867724867727 0.01488095238095238 0.05423280423280423
1.0 0.6700148809523809 0.31812169312169314 0.01711309523809524 0.07804232804232804
1.0 0.12425595238095238 0.1626984126984127 0.01488095238095238 0.04497354497354497
1.0 0.08147321428571429 0.328042328042328 0.01711309523809524 0.082010582010582
1.0 0.31287202380952384 0.16468253968253968 0.014136904761904762 0.04894179894179894
0.0 0.24851190476190477 0.14484126984126985 0.046130952380952384 0.056878306878306875
0.0 0.3478422619047619 0.11507936507936507 0.07663690476190477 0.06084656084656084
1.0 0.10751488095238096 0.09722222222222222 0.011160714285714286 0.03306878306878307
1.0 0.015997023809523808 0.16865079365079366 0.014136904761904762 0.046296296296296294
1.0 0.03050595238095238 0.10449735449735449 0.011904761904761904 0.0291005291005291
2.0 0.11532738095238096 0.43783068783068785 0.026785714285714284 0.05555555555555555
