1.0 0.40773809523809523 0.3201058201058201 0.01488095238095238 0.06349206349206349
1.0 0.3984375 0.3492063492063492 0.012648809523809524 0.037037037037037035
2.0 0.4211309523809524 0.3425925925925926 0.011904761904761904 0.042328042328042326
2.0 0.5807291666666666 0.26587301587301587 0.01711309523809524 0.05291005291005291
1.0 0.2425595238095238 0.38293650793650796 0.01636904761904762 0.05423280423280423
2.0 0.41517857142857145 0.3392857142857143 0.013392857142857142 0.051587301587301584
1.0 0.4616815476190476 0.6223544973544973 0.031994047619047616 0.1388888888888889
1.0 0.5777529761904762 0.5866402116402116 0.03050595238095238 0.11772486772486772
1.0 0.6584821428571429 0.49537037037037035 0.022321428571428572 0.10449735449735449
1.0 0.5345982142857143 0.5357142857142857 0.026041666666666668 0.10317460317460317
1.0 0.5706845238095238 0.4808201058201058 0.022321428571428572 0.10185185185185185
1.0 0.46912202380952384 0.5687830687830688 0.027529761904761904 0.12433862433862433
1.0 0.43601190476190477 0.49404761904761907 0.028273809523809524 0.10185185185185185
1.0 0.46056547619047616 0.4947089947089947 0.02976190476190476 0.10846560846560846
1.0 0.26748511904761907 0.8201058201058201 0.03050595238095238 0.12433862433862433
1.0 0.21279761904761904 0.8644179894179894 0.03571428571428571 0.15476190476190477
1.0 0.22284226190476192 0.8373015873015873 0.034970238095238096 0.15608465608465608
1.0 0.28348214285714285 0.5681216931216931 0.026785714285714284 0.12566137566137567
2.0 0.5319940476190477 0.37037037037037035 0.013392857142857142 0.07142857142857142
2.0 0.5584077380952381 0.36772486772486773 0.015625 0.06349206349206349
2.0 0.5476190476190477 0.37037037037037035 0.01636904761904762 0.06878306878306878
1.0 0.23883928571428573 0.5363756613756614 0.023809523809523808 0.1283068783068783
2.0 0.6934523809523809 0.41798941798941797 0.026785714285714284 0.05291005291005291
1.0 0.35453869047619047 0.3445767195767196 0.020089285714285716 0.07804232804232804
1.0 0.6008184523809523 0.30753968253968256 0.01711309523809524 0.07804232804232804
1.0 0.45870535714285715 0.26322751322751325 0.015625 0.07142857142857142
0.0 0.40513392857142855 0.333994708994709 0.05431547619047619 0.08068783068783068
10.0 0.5576636904761905 0.25992063492063494 0.036458333333333336 0.046296296296296294
1.0 0.16071428571428573 0.5443121693121693 0.03720238095238095 0.07275132275132275
1.0 0.23958333333333334 0.34854497354497355 0.01636904761904762 0.062169312169312166
1.0 0.1800595238095238 0.1984126984126984 0.013392857142857142 0.06084656084656084
2.0 0.08296130952380952 0.22354497354497355 0.01711309523809524 0.03439153439153439
1.0 0.21205357142857142 0.5337301587301587 0.023809523809523808 0.11507936507936507
2.0 0.19828869047619047 0.7281746031746031 0.07217261904761904 0.08597883597883597
2.0 0.19382440476190477 0.705026455026455 0.04241071428571429 0.07936507936507936
2.0 0.19159226190476192 0.6256613756613757 0.03943452380952381 0.07407407407407407
2.0 0.18191964285714285 0.6071428571428571 0.04241071428571429 0.07142857142857142
2.0 0.12983630952380953 0.4708994708994709 0.023065476190476192 0.04497354497354497
2.0 0.15252976190476192 0.45965608465608465 0.020833333333333332 0.041005291005291
2.0 0.2771577380952381 0.4054232804232804 0.031994047619047616 0.05423280423280423
2.0 0.26339285714285715 0.3974867724867725 0.022321428571428572 0.04365079365079365
2.0 0.16145833333333334 0.4523809523809524 0.046130952380952384 0.06084656084656084
3.0 0.07477678571428571 0.5178571428571429 0.04241071428571429 0.07539682539682539
1.0 0.11941964285714286 0.36243386243386244 0.021577380952380952 0.08465608465608465
2.0 0.12797619047619047 0.41534391534391535 0.04017857142857143 0.05555555555555555
1.0 0.09375 0.35912698412698413 0.017857142857142856 0.08333333333333333
1.0 0.3567708333333333 0.2585978835978836 0.012648809523809524 0.04365079365079365
1.0 0.2819940476190476 0.19642857142857142 0.010416666666666666 0.03571428571428571
1.0 0.8154761904761905 0.30158730158730157 0.01488095238095238 0.06878306878306878
1.0 0.8273809523809523 0.30357142857142855 0.01488095238095238 0.05423280423280423
1.0 0.6744791666666666 0.31812169312169314 0.01711309523809524 0.07539682539682539
1.0 0.13727678571428573 0.15873015873015872 0.015625 0.04497354497354497
1.0 0.08816964285714286 0.32407407407407407 0.01711309523809524 0.082010582010582
1.0 0.3210565476190476 0.16335978835978837 0.014136904761904762 0.04894179894179894
0.0 0.2578125 0.14417989417989419 0.046875 0.0582010582010582
0.0 0.35267857142857145 0.1164021164021164 0.07738095238095238 0.06084656084656084
1.0 0.12611607142857142 0.09986772486772487 0.011160714285714286 0.03042328042328042
1.0 0.027901785714285716 0.16865079365079366 0.014136904761904762 0.04365079365079365
1.0 0.046130952380952384 0.10251322751322751 0.011904761904761904 0.03042328042328042
1.0 0.005952380952380952 0.18452380952380953 0.011904761904761904 0.04365079365079365
2.0 0.11979166666666667 0.43187830687830686 0.025297619047619048 0.051587301587301584
