1.0 0.19196428571428573 0.4080687830687831 0.01636904761904762 0.062169312169312166
1.0 0.21688988095238096 0.41534391534391535 0.011160714285714286 0.047619047619047616
2.0 0.234375 0.4041005291005291 0.01488095238095238 0.046296296296296294
2.0 0.32775297619047616 0.2777777777777778 0.01711309523809524 0.05291005291005291
10.0 0.5014880952380952 0.31283068783068785 0.03422619047619048 0.056878306878306875
1.0 0.2418154761904762 0.4007936507936508 0.01488095238095238 0.06084656084656084
2.0 0.22470238095238096 0.39351851851851855 0.017857142857142856 0.05423280423280423
1.0 0.47953869047619047 0.4656084656084656 0.023065476190476192 0.10052910052910052
1.0 0.5193452380952381 0.5502645502645502 0.025297619047619048 0.1164021164021164
1.0 0.5 0.503968253968254 0.026785714285714284 0.10846560846560846
1.0 0.6127232142857143 0.5853174603174603 0.036458333333333336 0.12301587301587301
1.0 0.46577380952380953 0.5251322751322751 0.026785714285714284 0.11904761904761904
1.0 0.46130952380952384 0.4748677248677249 0.022321428571428572 0.10052910052910052
1.0 0.6075148809523809 0.4689153439153439 0.020089285714285716 0.10449735449735449
1.0 0.6555059523809523 0.4398148148148148 0.026785714285714284 0.10449735449735449
1.0 0.38430059523809523 0.7116402116402116 0.03050595238095238 0.16137566137566137
2.0 0.3958333333333333 0.40343915343915343 0.020833333333333332 0.07142857142857142
2.0 0.41257440476190477 0.3862433862433862 0.023065476190476192 0.06613756613756613
2.0 0.4140625 0.3948412698412698 0.020089285714285716 0.06746031746031746
1.0 0.27976190476190477 0.7003968253968254 0.04017857142857143 0.14682539682539683
2.0 0.5632440476190477 0.39351851851851855 0.022321428571428572 0.05423280423280423
1.0 0.19717261904761904 0.43452380952380953 0.017857142857142856 0.10185185185185185
1.0 0.24925595238095238 0.2724867724867725 0.01636904761904762 0.06878306878306878
1.0 0.2109375 0.31216931216931215 0.018601190476190476 0.07671957671957672
10.0 0.30319940476190477 0.2777777777777778 0.03943452380952381 0.05026455026455026
2.0 0.1402529761904762 0.7771164021164021 0.04538690476190476 0.11772486772486772
1.0 0.09449404761904762 0.5667989417989417 0.022321428571428572 0.10449735449735449
1.0 0.23028273809523808 0.7123015873015873 0.036458333333333336 0.15211640211640212
1.0 0.43005952380952384 0.9338624338624338 0.06845238095238096 0.12698412698412698
1.0 0.38244047619047616 0.9318783068783069 0.043154761904761904 0.12301587301587301
2.0 0.2552083333333333 0.8313492063492064 0.052083333333333336 0.11772486772486772
2.0 0.125 0.5383597883597884 0.041666666666666664 0.07407407407407407
1.0 0.026785714285714284 0.42658730158730157 0.022321428571428572 0.06746031746031746
1.0 0.2779017857142857 0.3531746031746032 0.012648809523809524 0.0582010582010582
1.0 0.5918898809523809 0.2466931216931217 0.01711309523809524 0.062169312169312166
1.0 0.4713541666666667 0.31216931216931215 0.018601190476190476 0.07936507936507936
