1.0 0.19791666666666666 0.4093915343915344 0.01636904761904762 0.05952380952380952
1.0 0.21986607142857142 0.4166666666666667 0.011160714285714286 0.047619047619047616
2.0 0.23623511904761904 0.4060846560846561 0.014136904761904762 0.047619047619047616
2.0 0.33035714285714285 0.2777777777777778 0.017857142857142856 0.05291005291005291
10.0 0.5022321428571429 0.3134920634920635 0.03422619047619048 0.0582010582010582
1.0 0.24516369047619047 0.4041005291005291 0.015625 0.062169312169312166
2.0 0.22842261904761904 0.39351851851851855 0.017857142857142856 0.05423280423280423
1.0 0.49962797619047616 0.4576719576719577 0.023065476190476192 0.10052910052910052
1.0 0.4914434523809524 0.5568783068783069 0.027529761904761904 0.1164021164021164
1.0 0.5122767857142857 0.5072751322751323 0.024553571428571428 0.10978835978835978
1.0 0.5755208333333334 0.6130952380952381 0.03943452380952381 0.12301587301587301
1.0 0.4661458333333333 0.5218253968253969 0.026041666666666668 0.11772486772486772
1.0 0.4791666666666667 0.45105820105820105 0.020833333333333332 0.09523809523809523
1.0 0.6246279761904762 0.48148148148148145 0.023065476190476192 0.10846560846560846
1.0 0.6629464285714286 0.44246031746031744 0.019345238095238096 0.10714285714285714
1.0 0.38876488095238093 0.7162698412698413 0.03050595238095238 0.16534391534391535
2.0 0.39657738095238093 0.4021164021164021 0.017857142857142856 0.06878306878306878
2.0 0.4140625 0.38756613756613756 0.023065476190476192 0.06613756613756613
2.0 0.4140625 0.3974867724867725 0.020089285714285716 0.06746031746031746
1.0 0.28273809523809523 0.7076719576719577 0.04017857142857143 0.14814814814814814
2.0 0.5654761904761905 0.3948412698412698 0.022321428571428572 0.05423280423280423
1.0 0.19010416666666666 0.43716931216931215 0.020089285714285716 0.10185185185185185
1.0 0.24293154761904762 0.2718253968253968 0.01711309523809524 0.0701058201058201
1.0 0.21614583333333334 0.31283068783068785 0.015625 0.07539682539682539
10.0 0.30580357142857145 0.27843915343915343 0.04017857142857143 0.051587301587301584
2.0 0.14285714285714285 0.781084656084656 0.041666666666666664 0.11772486772486772
1.0 0.09672619047619048 0.5674603174603174 0.022321428571428572 0.10582010582010581
1.0 0.23846726190476192 0.7162698412698413 0.036458333333333336 0.15211640211640212
1.0 0.43526785714285715 0.9358465608465608 0.06845238095238096 0.12301587301587301
1.0 0.3865327380952381 0.9365079365079365 0.04241071428571429 0.12169312169312169
2.0 0.25818452380952384 0.8353174603174603 0.052083333333333336 0.11772486772486772
2.0 0.12648809523809523 0.5370370370370371 0.041666666666666664 0.07407407407407407
1.0 0.03869047619047619 0.42724867724867727 0.022321428571428572 0.06613756613756613
1.0 0.28236607142857145 0.3578042328042328 0.012648809523809524 0.05952380952380952
1.0 0.5922619047619048 0.2466931216931217 0.017857142857142856 0.062169312169312166
1.0 0.4713541666666667 0.31415343915343913 0.018601190476190476 0.07804232804232804
