1.0 0.5383184523809523 0.6620370370370371 0.027529761904761904 0.14153439153439154
1.0 0.43638392857142855 0.498015873015873 0.027529761904761904 0.10449735449735449
1.0 0.5472470238095238 0.421957671957672 0.021577380952380952 0.09523809523809523
1.0 0.46391369047619047 0.4808201058201058 0.026041666666666668 0.09126984126984126
1.0 0.5435267857142857 0.4451058201058201 0.01711309523809524 0.0992063492063492
1.0 0.4884672619047619 0.5667989417989417 0.027529761904761904 0.12566137566137567
1.0 0.3325892857142857 0.5291005291005291 0.022321428571428572 0.11375661375661375
1.0 0.4185267857142857 0.46296296296296297 0.021577380952380952 0.09259259259259259
1.0 0.11793154761904762 0.673941798941799 0.026041666666666668 0.10978835978835978
1.0 0.09709821428571429 0.7222222222222222 0.04538690476190476 0.13227513227513227
1.0 0.11421130952380952 0.703042328042328 0.026041666666666668 0.14153439153439154
1.0 0.2648809523809524 0.4966931216931217 0.025297619047619048 0.12037037037037036
2.0 0.5625 0.36044973544973546 0.013392857142857142 0.0701058201058201
2.0 0.5889136904761905 0.3531746031746032 0.012648809523809524 0.06084656084656084
2.0 0.5818452380952381 0.36243386243386244 0.01636904761904762 0.06878306878306878
1.0 0.22879464285714285 0.4675925925925926 0.01711309523809524 0.11772486772486772
2.0 0.7150297619047619 0.42328042328042326 0.026785714285714284 0.05555555555555555
1.0 0.3947172619047619 0.31283068783068785 0.018601190476190476 0.07539682539682539
1.0 0.6770833333333334 0.3134920634920635 0.017857142857142856 0.07671957671957672
1.0 0.5368303571428571 0.24933862433862433 0.01711309523809524 0.0701058201058201
0.0 0.45796130952380953 0.31084656084656087 0.05282738095238095 0.07671957671957672
10.0 0.6365327380952381 0.2466931216931217 0.034970238095238096 0.05423280423280423
1.0 0.18117559523809523 0.46164021164021163 0.036458333333333336 0.06613756613756613
1.0 0.2927827380952381 0.31283068783068785 0.015625 0.062169312169312166
1.0 0.34523809523809523 0.17195767195767195 0.013392857142857142 0.05555555555555555
2.0 0.21875 0.18716931216931218 0.01636904761904762 0.03571428571428571
1.0 0.2113095238095238 0.4603174603174603 0.022321428571428572 0.10846560846560846
2.0 0.15773809523809523 0.6203703703703703 0.05654761904761905 0.07142857142857142
2.0 0.15364583333333334 0.5912698412698413 0.034970238095238096 0.05555555555555555
2.0 0.17745535714285715 0.5324074074074074 0.034970238095238096 0.062169312169312166
2.0 0.17336309523809523 0.5145502645502645 0.03422619047619048 0.06878306878306878
2.0 0.17745535714285715 0.39814814814814814 0.021577380952380952 0.04497354497354497
2.0 0.20052083333333334 0.3862433862433862 0.012648809523809524 0.031746031746031744
2.0 0.32180059523809523 0.3558201058201058 0.03050595238095238 0.042328042328042326
2.0 0.3158482142857143 0.3492063492063492 0.024553571428571428 0.03968253968253968
2.0 0.20461309523809523 0.37896825396825395 0.023809523809523808 0.046296296296296294
3.0 0.12462797619047619 0.4305555555555556 0.031994047619047616 0.07804232804232804
1.0 0.1953125 0.3062169312169312 0.020089285714285716 0.07804232804232804
2.0 0.1953125 0.3425925925925926 0.034970238095238096 0.03968253968253968
1.0 0.18377976190476192 0.30357142857142855 0.01488095238095238 0.08333333333333333
1.0 0.4523809523809524 0.25992063492063494 0.011904761904761904 0.041005291005291
1.0 0.4568452380952381 0.15608465608465608 0.010416666666666666 0.037037037037037035
1.0 0.8668154761904762 0.3167989417989418 0.017857142857142856 0.06481481481481481
1.0 0.8746279761904762 0.3247354497354497 0.015625 0.056878306878306875
1.0 0.7310267857142857 0.3392857142857143 0.014136904761904762 0.06746031746031746
1.0 0.2976190476190476 0.13095238095238096 0.01488095238095238 0.042328042328042326
1.0 0.19047619047619047 0.2705026455026455 0.019345238095238096 0.07539682539682539
2.0 0.06510416666666667 0.4107142857142857 0.026041666666666668 0.05952380952380952
1.0 0.4453125 0.1388888888888889 0.011160714285714286 0.04497354497354497
0.0 0.39992559523809523 0.13161375661375663 0.05133928571428571 0.056878306878306875
0.0 0.47842261904761907 0.10317460317460317 0.08482142857142858 0.03968253968253968
1.0 0.31398809523809523 0.08002645502645503 0.010416666666666666 0.03306878306878307
1.0 0.18526785714285715 0.13293650793650794 0.011904761904761904 0.041005291005291
1.0 0.10193452380952381 0.17261904761904762 0.013392857142857142 0.04894179894179894
2.0 0.14992559523809523 0.08267195767195767 0.011160714285714286 0.03571428571428571
1.0 0.19345238095238096 0.0701058201058201 0.011904761904761904 0.021164021164021163
1.0 0.025669642857142856 0.31283068783068785 0.020089285714285716 0.08068783068783068
1.0 0.16629464285714285 0.1455026455026455 0.012648809523809524 0.042328042328042326
1.0 0.1212797619047619 0.15476190476190477 0.013392857142857142 0.042328042328042326
1.0 0.11123511904761904 0.14285714285714285 0.011160714285714286 0.04497354497354497
2.0 0.18489583333333334 0.3644179894179894 0.024553571428571428 0.041005291005291
1.0 0.08333333333333333 0.19510582010582012 0.01488095238095238 0.046296296296296294
1.0 0.07217261904761904 0.21031746031746032 0.013392857142857142 0.06349206349206349
1.0 0.033854166666666664 0.09986772486772487 0.015625 0.022486772486772486
