1.0 0.5360863095238095 0.6706349206349206 0.024553571428571428 0.14814814814814814
1.0 0.43712797619047616 0.49206349206349204 0.029017857142857144 0.10846560846560846
1.0 0.6097470238095238 0.4332010582010582 0.021577380952380952 0.10185185185185185
1.0 0.47842261904761907 0.48214285714285715 0.022321428571428572 0.09391534391534391
1.0 0.5580357142857143 0.4451058201058201 0.025297619047619048 0.0992063492063492
1.0 0.5223214285714286 0.5787037037037037 0.026785714285714284 0.12566137566137567
1.0 0.34672619047619047 0.5687830687830688 0.026785714285714284 0.12169312169312169
1.0 0.4099702380952381 0.47023809523809523 0.025297619047619048 0.10185185185185185
1.0 0.11011904761904762 0.6421957671957672 0.02976190476190476 0.10978835978835978
1.0 0.08668154761904762 0.671957671957672 0.04241071428571429 0.12698412698412698
1.0 0.10714285714285714 0.66005291005291 0.025297619047619048 0.12962962962962962
1.0 0.2648809523809524 0.4748677248677249 0.025297619047619048 0.11904761904761904
2.0 0.5814732142857143 0.35714285714285715 0.015625 0.06878306878306878
2.0 0.6127232142857143 0.35119047619047616 0.01711309523809524 0.05952380952380952
2.0 0.6019345238095238 0.36044973544973546 0.01636904761904762 0.0701058201058201
1.0 0.24293154761904762 0.4470899470899471 0.01711309523809524 0.11375661375661375
2.0 0.7351190476190477 0.43386243386243384 0.026785714285714284 0.05555555555555555
1.0 0.4226190476190476 0.30357142857142855 0.017857142857142856 0.08068783068783068
1.0 0.7157738095238095 0.32671957671957674 0.017857142857142856 0.07671957671957672
1.0 0.5710565476190477 0.24603174603174602 0.01711309523809524 0.06613756613756613
0.0 0.48623511904761907 0.31216931216931215 0.05282738095238095 0.06613756613756613
10.0 0.6778273809523809 0.24933862433862433 0.03720238095238095 0.05952380952380952
1.0 0.1949404761904762 0.43584656084656087 0.03422619047619048 0.062169312169312166
1.0 0.31212797619047616 0.2771164021164021 0.01711309523809524 0.05423280423280423
1.0 0.39732142857142855 0.16534391534391535 0.013392857142857142 0.05291005291005291
2.0 0.27492559523809523 0.17526455026455026 0.015625 0.03571428571428571
1.0 0.22433035714285715 0.43187830687830686 0.021577380952380952 0.0992063492063492
2.0 0.15364583333333334 0.5906084656084656 0.06473214285714286 0.0701058201058201
2.0 0.15699404761904762 0.5568783068783069 0.03422619047619048 0.05291005291005291
2.0 0.18191964285714285 0.501984126984127 0.03794642857142857 0.062169312169312166
2.0 0.1875 0.4828042328042328 0.03125 0.0582010582010582
2.0 0.2034970238095238 0.373015873015873 0.021577380952380952 0.03968253968253968
2.0 0.22991071428571427 0.36507936507936506 0.013392857142857142 0.026455026455026454
2.0 0.34672619047619047 0.34325396825396826 0.02976190476190476 0.03571428571428571
2.0 0.34188988095238093 0.3406084656084656 0.020089285714285716 0.03835978835978836
2.0 0.23177083333333334 0.3644179894179894 0.021577380952380952 0.046296296296296294
3.0 0.14583333333333334 0.40343915343915343 0.028273809523809524 0.07671957671957672
1.0 0.22805059523809523 0.29298941798941797 0.020089285714285716 0.07804232804232804
2.0 0.22581845238095238 0.32605820105820105 0.026041666666666668 0.03835978835978836
1.0 0.21651785714285715 0.2863756613756614 0.01488095238095238 0.08333333333333333
1.0 0.4880952380952381 0.25595238095238093 0.011904761904761904 0.041005291005291
1.0 0.5148809523809523 0.16137566137566137 0.010416666666666666 0.037037037037037035
1.0 0.8936011904761905 0.328042328042328 0.019345238095238096 0.06613756613756613
1.0 0.7511160714285714 0.3445767195767196 0.01711309523809524 0.06746031746031746
1.0 0.35193452380952384 0.12103174603174603 0.013392857142857142 0.041005291005291
1.0 0.23251488095238096 0.2552910052910053 0.01711309523809524 0.07142857142857142
2.0 0.09561011904761904 0.38492063492063494 0.024553571428571428 0.0582010582010582
1.0 0.4959077380952381 0.14351851851851852 0.012648809523809524 0.04894179894179894
0.0 0.4453125 0.12698412698412698 0.05282738095238095 0.0582010582010582
0.0 0.5260416666666666 0.11177248677248677 0.08333333333333333 0.056878306878306875
1.0 0.36495535714285715 0.07473544973544974 0.009672619047619048 0.03042328042328042
1.0 0.2526041666666667 0.12896825396825398 0.012648809523809524 0.03835978835978836
1.0 0.16183035714285715 0.1593915343915344 0.012648809523809524 0.046296296296296294
2.0 0.2261904761904762 0.07738095238095238 0.010416666666666666 0.03571428571428571
1.0 0.2537202380952381 0.06746031746031746 0.010416666666666666 0.018518518518518517
1.0 0.109375 0.2705026455026455 0.01488095238095238 0.07275132275132275
1.0 0.22358630952380953 0.13624338624338625 0.012648809523809524 0.042328042328042326
1.0 0.18415178571428573 0.14682539682539683 0.011160714285714286 0.042328042328042326
1.0 0.18117559523809523 0.13293650793650794 0.011160714285714286 0.046296296296296294
2.0 0.21949404761904762 0.3478835978835979 0.023809523809523808 0.03968253968253968
1.0 0.14248511904761904 0.17857142857142858 0.015625 0.047619047619047616
1.0 0.13355654761904762 0.18981481481481483 0.020089285714285716 0.05952380952380952
1.0 0.06398809523809523 0.24537037037037038 0.017857142857142856 0.06481481481481481
1.0 0.056919642857142856 0.31283068783068785 0.018601190476190476 0.07804232804232804
1.0 0.09077380952380952 0.09722222222222222 0.013392857142857142 0.02513227513227513
1.0 0.019717261904761904 0.2830687830687831 0.020089285714285716 0.07671957671957672
1.0 0.033854166666666664 0.15542328042328044 0.012648809523809524 0.046296296296296294
1.0 0.028645833333333332 0.1527777777777778 0.011160714285714286 0.04365079365079365
1.0 0.030133928571428572 0.1421957671957672 0.012648809523809524 0.05952380952380952
2.0 0.009300595238095238 0.16865079365079366 0.014136904761904762 0.041005291005291
