1.0 0.15364583333333334 0.75 0.04538690476190476 0.15873015873015872
1.0 0.2935267857142857 0.33465608465608465 0.014136904761904762 0.06349206349206349
1.0 0.3366815476190476 0.38227513227513227 0.018601190476190476 0.047619047619047616
2.0 0.3392857142857143 0.35714285714285715 0.01488095238095238 0.042328042328042326
2.0 0.46242559523809523 0.2612433862433862 0.018601190476190476 0.05423280423280423
10.0 0.6171875 0.30224867724867727 0.031994047619047616 0.046296296296296294
1.0 0.34561011904761907 0.3492063492063492 0.012648809523809524 0.05291005291005291
2.0 0.33482142857142855 0.3406084656084656 0.017857142857142856 0.05423280423280423
1.0 0.44754464285714285 0.5066137566137566 0.023065476190476192 0.1164021164021164
1.0 0.6692708333333334 0.582010582010582 0.027529761904761904 0.11904761904761904
1.0 0.6264880952380952 0.5105820105820106 0.026785714285714284 0.11904761904761904
1.0 0.5524553571428571 0.5178571428571429 0.021577380952380952 0.11243386243386243
1.0 0.5271577380952381 0.46825396825396826 0.023065476190476192 0.1111111111111111
1.0 0.47953869047619047 0.47685185185185186 0.021577380952380952 0.10978835978835978
1.0 0.5100446428571429 0.43187830687830686 0.020089285714285716 0.10185185185185185
1.0 0.5137648809523809 0.4417989417989418 0.021577380952380952 0.10317460317460317
1.0 0.43154761904761907 0.9292328042328042 0.03571428571428571 0.1388888888888889
1.0 0.4055059523809524 0.9212962962962963 0.044642857142857144 0.15211640211640212
1.0 0.3333333333333333 0.6243386243386243 0.03273809523809524 0.13756613756613756
2.0 0.47693452380952384 0.36706349206349204 0.017857142857142856 0.0701058201058201
2.0 0.4973958333333333 0.35185185185185186 0.021577380952380952 0.06349206349206349
2.0 0.49107142857142855 0.3637566137566138 0.020833333333333332 0.06878306878306878
1.0 0.26599702380952384 0.58994708994709 0.027529761904761904 0.1349206349206349
2.0 0.6436011904761905 0.3835978835978836 0.022321428571428572 0.05555555555555555
1.0 0.3009672619047619 0.36507936507936506 0.021577380952380952 0.09523809523809523
1.0 0.4728422619047619 0.27645502645502645 0.01711309523809524 0.07142857142857142
1.0 0.34486607142857145 0.26785714285714285 0.012648809523809524 0.07804232804232804
10.0 0.43601190476190477 0.25 0.03869047619047619 0.047619047619047616
2.0 0.15066964285714285 0.6283068783068783 0.03943452380952381 0.09259259259259259
1.0 0.17857142857142858 0.45436507936507936 0.019345238095238096 0.08597883597883597
1.0 0.22098214285714285 0.5932539682539683 0.03273809523809524 0.1335978835978836
1.0 0.31808035714285715 0.8174603174603174 0.07366071428571429 0.13227513227513227
2.0 0.2935267857142857 0.7896825396825397 0.05133928571428571 0.10317460317460317
1.0 0.23846726190476192 0.7129629629629629 0.04241071428571429 0.09788359788359788
2.0 0.21875 0.6865079365079365 0.047619047619047616 0.09523809523809523
2.0 0.06138392857142857 0.5482804232804233 0.026041666666666668 0.056878306878306875
2.0 0.08854166666666667 0.5343915343915344 0.025297619047619048 0.04497354497354497
2.0 0.21316964285714285 0.44113756613756616 0.033482142857142856 0.05952380952380952
1.0 0.1953125 0.4417989417989418 0.020089285714285716 0.047619047619047616
2.0 0.10453869047619048 0.5198412698412699 0.060267857142857144 0.06613756613756613
3.0 0.033854166666666664 0.6203703703703703 0.06770833333333333 0.10052910052910052
1.0 0.012276785714285714 0.4246031746031746 0.023065476190476192 0.1111111111111111
2.0 0.041666666666666664 0.4801587301587302 0.041666666666666664 0.0582010582010582
1.0 0.28608630952380953 0.2976190476190476 0.012648809523809524 0.0582010582010582
1.0 0.1324404761904762 0.24603174603174602 0.011904761904761904 0.05291005291005291
1.0 0.6744791666666666 0.2566137566137566 0.01711309523809524 0.06349206349206349
1.0 0.5803571428571429 0.2923280423280423 0.017857142857142856 0.07936507936507936
1.0 0.11830357142857142 0.16997354497354497 0.011904761904761904 0.05423280423280423
0.0 0.05505952380952381 0.16865079365079366 0.044642857142857144 0.07275132275132275
0.0 0.1640625 0.10648148148148148 0.07514880952380952 0.062169312169312166
2.0 0.030877976190476192 0.5105820105820106 0.03943452380952381 0.06349206349206349
