1.0 0.15104166666666666 0.7453703703703703 0.044642857142857144 0.1574074074074074
1.0 0.29501488095238093 0.335978835978836 0.014136904761904762 0.06349206349206349
1.0 0.33816964285714285 0.3816137566137566 0.018601190476190476 0.046296296296296294
2.0 0.3400297619047619 0.35714285714285715 0.01488095238095238 0.042328042328042326
2.0 0.46391369047619047 0.2612433862433862 0.018601190476190476 0.05423280423280423
10.0 0.6179315476190477 0.30224867724867727 0.031994047619047616 0.046296296296296294
1.0 0.3463541666666667 0.3492063492063492 0.012648809523809524 0.05291005291005291
2.0 0.33556547619047616 0.3406084656084656 0.017857142857142856 0.05423280423280423
1.0 0.4497767857142857 0.5072751322751323 0.023065476190476192 0.11507936507936507
1.0 0.6700148809523809 0.5833333333333334 0.027529761904761904 0.11904761904761904
1.0 0.6294642857142857 0.5092592592592593 0.026785714285714284 0.11904761904761904
1.0 0.5528273809523809 0.5191798941798942 0.022321428571428572 0.11243386243386243
1.0 0.5279017857142857 0.4695767195767196 0.023065476190476192 0.1111111111111111
1.0 0.4799107142857143 0.47685185185185186 0.022321428571428572 0.10978835978835978
1.0 0.5107886904761905 0.43187830687830686 0.020089285714285716 0.10185185185185185
1.0 0.5145089285714286 0.44246031746031744 0.021577380952380952 0.10185185185185185
1.0 0.43080357142857145 0.9298941798941799 0.03571428571428571 0.13756613756613756
1.0 0.40476190476190477 0.9212962962962963 0.044642857142857144 0.15211640211640212
1.0 0.33407738095238093 0.6243386243386243 0.03273809523809524 0.13756613756613756
2.0 0.47693452380952384 0.36706349206349204 0.017857142857142856 0.0701058201058201
2.0 0.49851190476190477 0.35185185185185186 0.020833333333333332 0.06349206349206349
2.0 0.49181547619047616 0.3637566137566138 0.020833333333333332 0.06878306878306878
1.0 0.2663690476190476 0.58994708994709 0.026785714285714284 0.1349206349206349
2.0 0.6443452380952381 0.3835978835978836 0.022321428571428572 0.05555555555555555
1.0 0.3013392857142857 0.36507936507936506 0.022321428571428572 0.09523809523809523
1.0 0.47507440476190477 0.27645502645502645 0.01711309523809524 0.07142857142857142
1.0 0.3463541666666667 0.26785714285714285 0.012648809523809524 0.07804232804232804
10.0 0.4367559523809524 0.25 0.03869047619047619 0.047619047619047616
2.0 0.15104166666666666 0.6283068783068783 0.04017857142857143 0.09259259259259259
1.0 0.1800595238095238 0.45436507936507936 0.019345238095238096 0.08597883597883597
1.0 0.22098214285714285 0.5932539682539683 0.03273809523809524 0.1335978835978836
1.0 0.31733630952380953 0.8167989417989417 0.07366071428571429 0.13095238095238096
2.0 0.2935267857142857 0.7896825396825397 0.05133928571428571 0.10317460317460317
1.0 0.23921130952380953 0.7142857142857143 0.04241071428571429 0.09523809523809523
2.0 0.21875 0.6865079365079365 0.047619047619047616 0.09523809523809523
2.0 0.06287202380952381 0.5482804232804233 0.026041666666666668 0.056878306878306875
2.0 0.0896577380952381 0.533068783068783 0.024553571428571428 0.04497354497354497
2.0 0.21391369047619047 0.44113756613756616 0.033482142857142856 0.05952380952380952
1.0 0.1953125 0.44047619047619047 0.020089285714285716 0.047619047619047616
2.0 0.1052827380952381 0.5191798941798942 0.060267857142857144 0.06481481481481481
3.0 0.03422619047619048 0.6197089947089947 0.06696428571428571 0.0992063492063492
1.0 0.013020833333333334 0.42394179894179895 0.023065476190476192 0.10978835978835978
2.0 0.041666666666666664 0.4801587301587302 0.041666666666666664 0.0582010582010582
1.0 0.2883184523809524 0.2976190476190476 0.012648809523809524 0.0582010582010582
1.0 0.13467261904761904 0.2447089947089947 0.011904761904761904 0.05291005291005291
1.0 0.6759672619047619 0.2566137566137566 0.01711309523809524 0.06349206349206349
1.0 0.5811011904761905 0.2923280423280423 0.017857142857142856 0.07936507936507936
1.0 0.12053571428571429 0.16997354497354497 0.011904761904761904 0.05423280423280423
0.0 0.05803571428571429 0.16865079365079366 0.044642857142857144 0.07275132275132275
0.0 0.16592261904761904 0.10648148148148148 0.07589285714285714 0.062169312169312166
2.0 0.03236607142857143 0.5105820105820106 0.03943452380952381 0.06349206349206349
