1.0 0.33779761904761907 0.3386243386243386 0.01488095238095238 0.06349206349206349
1.0 0.3567708333333333 0.38756613756613756 0.012648809523809524 0.042328042328042326
2.0 0.3627232142857143 0.3584656084656085 0.012648809523809524 0.042328042328042326
2.0 0.49330357142857145 0.2671957671957672 0.017857142857142856 0.05291005291005291
10.0 0.6443452380952381 0.30687830687830686 0.03273809523809524 0.047619047619047616
1.0 0.3679315476190476 0.3558201058201058 0.012648809523809524 0.05291005291005291
2.0 0.3560267857142857 0.3472222222222222 0.01711309523809524 0.05423280423280423
1.0 0.46651785714285715 0.5687830687830688 0.022321428571428572 0.13227513227513227
1.0 0.703125 0.6329365079365079 0.02976190476190476 0.12037037037037036
1.0 0.7090773809523809 0.498015873015873 0.023809523809523808 0.10978835978835978
1.0 0.5502232142857143 0.5588624338624338 0.018601190476190476 0.10978835978835978
1.0 0.5974702380952381 0.4775132275132275 0.020833333333333332 0.10317460317460317
1.0 0.46316964285714285 0.4880952380952381 0.023065476190476192 0.1111111111111111
1.0 0.5610119047619048 0.43783068783068785 0.022321428571428572 0.10317460317460317
1.0 0.5264136904761905 0.453042328042328 0.023065476190476192 0.0992063492063492
1.0 0.37611607142857145 0.9292328042328042 0.036458333333333336 0.1388888888888889
1.0 0.35825892857142855 0.9074074074074074 0.04241071428571429 0.14814814814814814
1.0 0.34263392857142855 0.6130952380952381 0.027529761904761904 0.1283068783068783
2.0 0.4914434523809524 0.37632275132275134 0.01711309523809524 0.07275132275132275
2.0 0.5145089285714286 0.3630952380952381 0.01711309523809524 0.05952380952380952
2.0 0.5085565476190477 0.3716931216931217 0.020089285714285716 0.06878306878306878
1.0 0.25632440476190477 0.5826719576719577 0.024553571428571428 0.1335978835978836
2.0 0.6588541666666666 0.39351851851851855 0.027529761904761904 0.051587301587301584
1.0 0.30171130952380953 0.3664021164021164 0.01711309523809524 0.09259259259259259
1.0 0.5189732142857143 0.29034391534391535 0.01711309523809524 0.0701058201058201
1.0 0.3742559523809524 0.2718253968253968 0.011904761904761904 0.07804232804232804
10.0 0.4694940476190476 0.25132275132275134 0.03422619047619048 0.047619047619047616
2.0 0.15513392857142858 0.6111111111111112 0.036458333333333336 0.08994708994708994
1.0 0.19680059523809523 0.4417989417989418 0.020089285714285716 0.08465608465608465
1.0 0.22321428571428573 0.5866402116402116 0.03273809523809524 0.1335978835978836
1.0 0.2853422619047619 0.8022486772486772 0.07366071428571429 0.10714285714285714
2.0 0.25818452380952384 0.7797619047619048 0.052083333333333336 0.10185185185185185
2.0 0.22470238095238096 0.6997354497354498 0.041666666666666664 0.08994708994708994
2.0 0.20461309523809523 0.6792328042328042 0.046130952380952384 0.09391534391534391
2.0 0.0818452380952381 0.5317460317460317 0.025297619047619048 0.05026455026455026
2.0 0.10863095238095238 0.5165343915343915 0.023809523809523808 0.046296296296296294
2.0 0.22805059523809523 0.4398148148148148 0.033482142857142856 0.05952380952380952
1.0 0.2109375 0.4351851851851852 0.020089285714285716 0.047619047619047616
2.0 0.11830357142857142 0.5066137566137566 0.05357142857142857 0.06613756613756613
3.0 0.04241071428571429 0.5978835978835979 0.0625 0.08465608465608465
1.0 0.03757440476190476 0.41534391534391535 0.021577380952380952 0.10052910052910052
2.0 0.06101190476190476 0.46825396825396826 0.050595238095238096 0.0582010582010582
1.0 0.009300595238095238 0.42328042328042326 0.018601190476190476 0.0873015873015873
1.0 0.24107142857142858 0.25925925925925924 0.013392857142857142 0.047619047619047616
1.0 0.20089285714285715 0.22420634920634921 0.013392857142857142 0.046296296296296294
1.0 0.7247023809523809 0.2777777777777778 0.017857142857142856 0.06349206349206349
1.0 0.6063988095238095 0.31084656084656087 0.017857142857142856 0.07936507936507936
1.0 0.18489583333333334 0.17063492063492064 0.012648809523809524 0.047619047619047616
0.0 0.11569940476190477 0.16732804232804233 0.04389880952380952 0.07275132275132275
0.0 0.2269345238095238 0.10912698412698413 0.08928571428571429 0.062169312169312166
2.0 0.06101190476190476 0.4973544973544973 0.03422619047619048 0.06349206349206349
