1.0 0.18973214285714285 0.40674603174603174 0.01636904761904762 0.062169312169312166
1.0 0.21540178571428573 0.414021164021164 0.011160714285714286 0.047619047619047616
2.0 0.23325892857142858 0.4027777777777778 0.014136904761904762 0.046296296296296294
2.0 0.32663690476190477 0.2771164021164021 0.017857142857142856 0.051587301587301584
10.0 0.5014880952380952 0.3115079365079365 0.03422619047619048 0.056878306878306875
1.0 0.24032738095238096 0.3994708994708995 0.01488095238095238 0.06084656084656084
2.0 0.22395833333333334 0.3921957671957672 0.017857142857142856 0.05423280423280423
1.0 0.4713541666666667 0.4695767195767196 0.023065476190476192 0.10052910052910052
1.0 0.5308779761904762 0.546957671957672 0.024553571428571428 0.11507936507936507
1.0 0.49851190476190477 0.5171957671957672 0.028273809523809524 0.10846560846560846
1.0 0.6246279761904762 0.5747354497354498 0.034970238095238096 0.12037037037037036
1.0 0.4799107142857143 0.5291005291005291 0.026785714285714284 0.11904761904761904
1.0 0.4538690476190476 0.48478835978835977 0.023809523809523808 0.10185185185185185
1.0 0.6004464285714286 0.46296296296296297 0.019345238095238096 0.10317460317460317
1.0 0.6450892857142857 0.43783068783068785 0.026785714285714284 0.10317460317460317
1.0 0.3828125 0.7096560846560847 0.03050595238095238 0.16005291005291006
2.0 0.3958333333333333 0.4041005291005291 0.022321428571428572 0.07275132275132275
2.0 0.41183035714285715 0.38492063492063494 0.023065476190476192 0.06613756613756613
2.0 0.4140625 0.39351851851851855 0.020089285714285716 0.06746031746031746
1.0 0.2786458333333333 0.6970899470899471 0.03943452380952381 0.1455026455026455
2.0 0.5625 0.39285714285714285 0.022321428571428572 0.05555555555555555
1.0 0.20014880952380953 0.4332010582010582 0.01636904761904762 0.10185185185185185
1.0 0.25148809523809523 0.27314814814814814 0.01636904761904762 0.0701058201058201
1.0 0.20833333333333334 0.3115079365079365 0.019345238095238096 0.07804232804232804
10.0 0.3020833333333333 0.27645502645502645 0.04017857142857143 0.05026455026455026
2.0 0.13950892857142858 0.7757936507936508 0.046875 0.11772486772486772
1.0 0.09375 0.5667989417989417 0.022321428571428572 0.10449735449735449
1.0 0.2269345238095238 0.7109788359788359 0.03720238095238095 0.15211640211640212
1.0 0.42782738095238093 0.9325396825396826 0.06845238095238096 0.12962962962962962
1.0 0.38058035714285715 0.9298941798941799 0.04389880952380952 0.12169312169312169
2.0 0.2537202380952381 0.8287037037037037 0.052083333333333336 0.11772486772486772
2.0 0.12462797619047619 0.5396825396825397 0.04241071428571429 0.07407407407407407
1.0 0.0234375 0.42592592592592593 0.020089285714285716 0.06878306878306878
1.0 0.2775297619047619 0.35185185185185186 0.013392857142857142 0.0582010582010582
1.0 0.5915178571428571 0.24603174603174602 0.017857142857142856 0.06349206349206349
1.0 0.47023809523809523 0.31084656084656087 0.017857142857142856 0.07936507936507936
