4.0 0.08823529411764706 0.4668534080298786 0.06827731092436974 0.04855275443510738
4.0 0.17542016806722688 0.4635854341736695 0.06302521008403361 0.055088702147525676
4.0 0.24448529411764705 0.46451914098972924 0.05619747899159664 0.04948646125116713
6.0 0.21953781512605042 0.35340802987861814 0.06827731092436974 0.06442577030812324
1.0 0.0661764705882353 0.2703081232492997 0.017857142857142856 0.0196078431372549
4.0 0.46559873949579833 0.6405228758169934 0.027836134453781514 0.09897292250233426
4.0 0.5388655462184874 0.04668534080298786 0.03046218487394958 0.06722689075630252
4.0 0.44459033613445376 0.8160597572362278 0.029936974789915968 0.10457516339869281
7.0 0.42857142857142855 0.9519140989729225 0.015756302521008403 0.06629318394024276
9.0 0.4637605042016807 0.957983193277311 0.03676470588235294 0.08216619981325864
4.0 0.5039390756302521 0.08496732026143791 0.027836134453781514 0.0896358543417367
4.0 0.5307247899159664 0.2703081232492997 0.030987394957983194 0.09243697478991597
4.0 0.5787815126050421 0.27497665732959853 0.05777310924369748 0.08496732026143791
4.0 0.5441176470588235 0.4523809523809524 0.0273109243697479 0.10364145658263306
5.0 0.6517857142857143 0.04855275443510738 0.046218487394957986 0.04855275443510738
4.0 0.5073529411764706 0.469187675070028 0.03046218487394958 0.10550887021475257
4.0 0.5787815126050421 0.6367880485527544 0.038865546218487396 0.11391223155929038
4.0 0.45456932773109243 0.12371615312791784 0.027836134453781514 0.1092436974789916
5.0 0.3539915966386555 0.7502334267040149 0.023109243697478993 0.08123249299719888
4.0 0.36869747899159666 0.9575163398692811 0.06092436974789916 0.0718954248366013
4.0 0.6368172268907563 0.9070961718020542 0.027836134453781514 0.10550887021475257
9.0 0.7048319327731093 0.37815126050420167 0.07247899159663866 0.04855275443510738
4.0 0.6964285714285714 0.3141923436041083 0.05672268907563025 0.0457516339869281
5.0 0.7815126050420168 0.3870214752567694 0.051470588235294115 0.0457516339869281
7.0 0.8311449579831933 0.37021475256769376 0.037289915966386554 0.03081232492997199
10.0 0.4070378151260504 0.8053221288515406 0.012605042016806723 0.03828197945845005
4.0 0.9792542016806722 0.24369747899159663 0.03939075630252101 0.07096171802054155
4.0 0.8918067226890757 0.5835667600373483 0.058823529411764705 0.04668534080298786
4.0 0.876313025210084 0.6638655462184874 0.05514705882352941 0.09710550887021475
4.0 0.9212184873949579 0.6774042950513539 0.04936974789915966 0.09430438842203548
4.0 0.9558823529411765 0.6601307189542484 0.04936974789915966 0.11017740429505135
4.0 0.5186449579831933 0.8319327731092437 0.029936974789915968 0.10644257703081232
1.0 0.8300945378151261 0.5695611577964519 0.013130252100840336 0.018674136321195144
10.0 0.5370273109243697 0.6956115779645191 0.01207983193277311 0.04855275443510738
1.0 0.665703781512605 0.3524743230625584 0.013130252100840336 0.02334267040149393
10.0 0.7266281512605042 0.27310924369747897 0.01523109243697479 0.03454715219421102
10.0 0.7429096638655462 0.16900093370681607 0.01207983193277311 0.0392156862745098
10.0 0.3382352941176471 0.523342670401494 0.022058823529411766 0.025210084033613446
