4.0 0.10714285714285714 0.48739495798319327 0.06197478991596639 0.04855275443510738
4.0 0.19774159663865545 0.4822595704948646 0.05934873949579832 0.04948646125116713
4.0 0.2623424369747899 0.4827264239028945 0.05409663865546219 0.05042016806722689
6.0 0.41439075630252103 0.15406162464985995 0.028361344537815126 0.12511671335200747
1.0 0.16596638655462184 0.3127917833800187 0.015756302521008403 0.018674136321195144
4.0 0.4571953781512605 0.27310924369747897 0.02468487394957983 0.08683473389355742
4.0 0.501313025210084 0.30905695611577966 0.026785714285714284 0.09710550887021475
4.0 0.5349264705882353 0.21241830065359477 0.03413865546218487 0.10364145658263306
4.0 0.5417542016806722 0.3408029878618114 0.027836134453781514 0.09523809523809523
4.0 0.4267331932773109 0.4253034547152194 0.027836134453781514 0.09243697478991597
7.0 0.42016806722689076 0.5798319327731093 0.014705882352941176 0.056022408963585436
9.0 0.4587710084033613 0.6409897292250234 0.03623949579831933 0.1839402427637722
4.0 0.5044642857142857 0.47619047619047616 0.026785714285714284 0.10084033613445378
4.0 0.539390756302521 0.4822595704948646 0.0273109243697479 0.08870214752567694
4.0 0.5945378151260504 0.34173669467787116 0.059873949579831935 0.05228758169934641
4.0 0.5430672268907563 0.6171802054154996 0.0273109243697479 0.09710550887021475
5.0 0.6368172268907563 0.09943977591036414 0.04254201680672269 0.04388422035480859
4.0 0.5149684873949579 0.8888888888888888 0.026785714285714284 0.11204481792717087
4.0 0.5522584033613446 0.888422035480859 0.02888655462184874 0.11297852474323063
5.0 0.36186974789915966 0.7474323062558357 0.023109243697478993 0.08123249299719888
4.0 0.37631302521008403 0.9369747899159664 0.06039915966386555 0.0718954248366013
4.0 0.6226365546218487 0.8907563025210085 0.027836134453781514 0.10457516339869281
9.0 0.6859243697478992 0.4056956115779645 0.06512605042016807 0.04201680672268908
4.0 0.7536764705882353 0.34547152194211017 0.051470588235294115 0.04295051353874883
5.0 0.756827731092437 0.40896358543417366 0.04726890756302521 0.04108309990662932
7.0 0.8048844537815126 0.3968253968253968 0.037289915966386554 0.029878618113912233
10.0 0.3432247899159664 0.5779645191409897 0.022584033613445378 0.022408963585434174
4.0 0.9422268907563025 0.28291316526610644 0.04936974789915966 0.06909430438842204
4.0 0.8571428571428571 0.5919701213818861 0.05357142857142857 0.04481792717086835
4.0 0.84375 0.6666666666666666 0.051995798319327734 0.0896358543417367
4.0 0.8839285714285714 0.6811391223155929 0.046218487394957986 0.08496732026143791
4.0 0.9138655462184874 0.6619981325863679 0.045168067226890755 0.10084033613445378
4.0 0.9516806722689075 0.6559290382819795 0.04096638655462185 0.09430438842203548
1.0 0.7455357142857143 0.6106442577030813 0.014180672268907563 0.018674136321195144
1.0 0.6431197478991597 0.42016806722689076 0.013130252100840336 0.022408963585434174
10.0 0.7082457983193278 0.25396825396825395 0.013130252100840336 0.03734827264239029
10.0 0.7203256302521008 0.20915032679738563 0.01207983193277311 0.03734827264239029
10.0 0.3490021008403361 0.5350140056022409 0.022584033613445378 0.026143790849673203
