4.0 0.6646533613445378 0.1283846872082166 0.043592436974789914 0.096171802054155
4.0 0.5858718487394958 0.430905695611578 0.04779411764705882 0.1092436974789916
4.0 0.6465336134453782 0.2647058823529412 0.038865546218487396 0.11671335200746966
5.0 0.6336659663865546 0.7315592903828197 0.04149159663865546 0.08683473389355742
4.0 0.6830357142857143 0.523342670401494 0.06775210084033613 0.08123249299719888
4.0 0.4217436974789916 0.3104575163398693 0.051470588235294115 0.09803921568627451
9.0 0.17620798319327732 0.7203548085901027 0.08035714285714286 0.10364145658263306
4.0 0.19669117647058823 0.8370681605975724 0.05724789915966386 0.09243697478991597
5.0 0.10688025210084033 0.638188608776844 0.05619747899159664 0.07749766573295985
7.0 0.054884453781512604 0.599906629318394 0.04149159663865546 0.05322128851540616
10.0 0.6877626050420168 0.18907563025210083 0.020483193277310924 0.04201680672268908
4.0 0.08114495798319328 0.34967320261437906 0.06565126050420168 0.08496732026143791
4.0 0.12421218487394958 0.29598506069094305 0.0467436974789916 0.10830999066293184
4.0 0.08377100840336134 0.24136321195144725 0.04044117647058824 0.10737628384687208
4.0 0.047531512605042014 0.22735760971055088 0.037289915966386554 0.11858076563958916
4.0 0.5449054621848739 0.5896358543417367 0.0467436974789916 0.11297852474323063
4.0 0.4805672268907563 0.8221288515406162 0.05042016806722689 0.11858076563958916
9.0 0.44038865546218486 0.6895424836601307 0.08665966386554622 0.20448179271708683
4.0 0.4587710084033613 0.48786181139122314 0.04569327731092437 0.11297852474323063
4.0 0.5194327731092437 0.29411764705882354 0.052521008403361345 0.12138188608776844
5.0 0.46612394957983194 0.17600373482726425 0.04779411764705882 0.11297852474323063
4.0 0.7203256302521008 0.4234360410830999 0.06775210084033613 0.07936507936507936
4.0 0.7153361344537815 0.24509803921568626 0.04831932773109244 0.10177404295051354
4.0 0.7150735294117647 0.1353874883286648 0.04569327731092437 0.10830999066293184
1.0 0.10057773109243698 0.9197012138188608 0.017331932773109245 0.026143790849673203
2.0 0.2271533613445378 0.2992530345471522 0.022584033613445378 0.03081232492997199
10.0 0.2113970588235294 0.788515406162465 0.027836134453781514 0.028944911297852476
10.0 0.05435924369747899 0.8828197945845004 0.02153361344537815 0.036414565826330535
10.0 0.40414915966386555 0.5644257703081232 0.019432773109243698 0.032679738562091505
10.0 0.5139180672268907 0.19934640522875818 0.019432773109243698 0.047619047619047616
10.0 0.11423319327731092 0.7763772175536882 0.022584033613445378 0.028944911297852476
10.0 0.02389705882352941 0.6848739495798319 0.02468487394957983 0.028944911297852476
10.0 0.5821953781512605 0.9780578898225957 0.02468487394957983 0.032679738562091505
