4.0 0.09164915966386554 0.47058823529411764 0.0667016806722689 0.04855275443510738
4.0 0.17804621848739496 0.4668534080298786 0.06197478991596639 0.056022408963585436
4.0 0.24658613445378152 0.46872082166199813 0.05409663865546219 0.05042016806722689
6.0 0.28387605042016806 0.34967320261437906 0.06565126050420168 0.08123249299719888
1.0 0.08455882352941177 0.2796451914098973 0.01680672268907563 0.0196078431372549
4.0 0.4642857142857143 0.5700280112044818 0.028361344537815126 0.096171802054155
4.0 0.5383403361344538 0.1092436974789916 0.03046218487394958 0.09523809523809523
4.0 0.4419642857142857 0.7502334267040149 0.029936974789915968 0.10364145658263306
7.0 0.4259453781512605 0.8851540616246498 0.015756302521008403 0.06722689075630252
9.0 0.46113445378151263 0.9276377217553688 0.03676470588235294 0.14285714285714285
4.0 0.5044642857142857 0.16339869281045752 0.027836134453781514 0.10084033613445378
4.0 0.5344012605042017 0.3253968253968254 0.030987394957983194 0.09243697478991597
4.0 0.5821953781512605 0.29365079365079366 0.06144957983193277 0.07563025210084033
4.0 0.5446428571428571 0.4943977591036415 0.0273109243697479 0.10364145658263306
5.0 0.649422268907563 0.05788982259570495 0.04569327731092437 0.04855275443510738
4.0 0.5091911764705882 0.5513538748832867 0.029936974789915968 0.10737628384687208
4.0 0.5722163865546218 0.6825396825396826 0.0351890756302521 0.11391223155929038
5.0 0.3550420168067227 0.7492997198879552 0.023109243697478993 0.08123249299719888
4.0 0.3692226890756303 0.9565826330532213 0.059873949579831935 0.0718954248366013
4.0 0.6347163865546218 0.9042950513538749 0.027836134453781514 0.10550887021475257
9.0 0.7008928571428571 0.38375350140056025 0.07090336134453781 0.04668534080298786
4.0 0.7032563025210085 0.3197945845004668 0.05672268907563025 0.0457516339869281
5.0 0.7783613445378151 0.38982259570494865 0.05042016806722689 0.0457516339869281
7.0 0.8258928571428571 0.3758169934640523 0.037289915966386554 0.03081232492997199
10.0 0.40388655462184875 0.7418300653594772 0.01365546218487395 0.03454715219421102
4.0 0.9750525210084033 0.2507002801120448 0.044642857142857144 0.0718954248366013
4.0 0.8868172268907563 0.5845004668534081 0.058298319327731093 0.04481792717086835
4.0 0.8707983193277311 0.6638655462184874 0.0546218487394958 0.09523809523809523
4.0 0.9120273109243697 0.6783380018674137 0.04884453781512605 0.09243697478991597
4.0 0.9472163865546218 0.6591970121381886 0.04989495798319328 0.10830999066293184
4.0 0.9826680672268907 0.6517273576097106 0.032563025210084036 0.10084033613445378
4.0 0.5194327731092437 0.9047619047619048 0.029411764705882353 0.10644257703081232
1.0 0.8117121848739496 0.5770308123249299 0.013130252100840336 0.018674136321195144
10.0 0.5433298319327731 0.7675070028011205 0.01207983193277311 0.04855275443510738
1.0 0.6609768907563025 0.36087768440709617 0.013130252100840336 0.02334267040149393
10.0 0.7250525210084033 0.2689075630252101 0.014180672268907563 0.035480859010270774
10.0 0.7387079831932774 0.176937441643324 0.01207983193277311 0.03828197945845005
10.0 0.3403361344537815 0.5256769374416433 0.022058823529411766 0.02427637721755369
