1.0 0.5371323529411764 0.6444444444444445 0.013970588235294118 0.06013071895424837
1.0 0.5393382352941176 0.6303921568627451 0.011764705882352941 0.0542483660130719
1.0 0.5347426470588236 0.6581699346405229 0.021691176470588235 0.06013071895424837
1.0 0.5409926470588236 0.6143790849673203 0.017279411764705883 0.05228758169934641
1.0 0.5443014705882353 0.6813725490196079 0.017279411764705883 0.0673202614379085
7.0 0.31985294117647056 0.5679738562091503 0.027205882352941177 0.05620915032679739
2.0 0.3185661764705882 0.5813725490196079 0.017279411764705883 0.05032679738562092
1.0 0.1604779411764706 0.43823529411764706 0.015808823529411764 0.05555555555555555
1.0 0.1704044117647059 0.47679738562091506 0.015073529411764706 0.0542483660130719
4.0 0.21360294117647058 0.5169934640522876 0.05367647058823529 0.10196078431372549
6.0 0.23768382352941175 0.3931372549019608 0.08713235294117647 0.18888888888888888
6.0 0.27297794117647056 0.30359477124183004 0.039338235294117646 0.07516339869281045
4.0 0.41268382352941174 0.10163398692810457 0.016544117647058824 0.025490196078431372
7.0 0.6049632352941177 0.419281045751634 0.02389705882352941 0.045098039215686274
7.0 0.8590073529411765 0.5977124183006536 0.04448529411764706 0.056862745098039215
0.0 0.7674632352941176 0.32973856209150326 0.11948529411764706 0.09084967320261438
7.0 0.7909926470588236 0.4826797385620915 0.048161764705882355 0.09215686274509804
5.0 0.7290441176470588 0.40980392156862744 0.05367647058823529 0.06013071895424837
4.0 0.6645220588235294 0.33758169934640525 0.03051470588235294 0.049019607843137254
4.0 0.646875 0.31666666666666665 0.027573529411764705 0.03986928104575163
4.0 0.6354779411764706 0.29901960784313725 0.031985294117647056 0.03594771241830065
4.0 0.6170955882352941 0.272875816993464 0.029044117647058824 0.03594771241830065
4.0 0.5443014705882353 0.17614379084967322 0.017279411764705883 0.03071895424836601
4.0 0.5799632352941176 0.22058823529411764 0.020955882352941175 0.03071895424836601
4.0 0.4431985294117647 0.11699346405228758 0.021691176470588235 0.032679738562091505
4.0 0.5474264705882353 0.9013071895424837 0.07867647058823529 0.19477124183006536
1.0 0.1556985294117647 0.6477124183006536 0.015073529411764706 0.06013071895424837
1.0 0.14779411764705883 0.6643790849673202 0.009558823529411765 0.06601307189542484
1.0 0.15349264705882354 0.6728758169934641 0.015073529411764706 0.06993464052287582
1.0 0.1505514705882353 0.6813725490196079 0.01948529411764706 0.08169934640522876
4.0 0.48658088235294117 0.5849673202614379 0.04301470588235294 0.09934640522875816
4.0 0.37996323529411763 0.4133986928104575 0.033455882352941176 0.06862745098039216
5.0 0.45441176470588235 0.3405228758169935 0.027941176470588237 0.058823529411764705
4.0 0.3920955882352941 0.20294117647058824 0.021691176470588235 0.03725490196078431
4.0 0.560110294117647 0.19509803921568628 0.021691176470588235 0.03071895424836601
1.0 0.07959558823529411 0.5591503267973856 0.016544117647058824 0.05163398692810457
1.0 0.10459558823529412 0.5545751633986928 0.014338235294117646 0.049019607843137254
1.0 0.11452205882352941 0.5428104575163398 0.013602941176470588 0.05816993464052288
0.0 0.05018382352941177 0.6513071895424837 0.10036764705882353 0.15620915032679739
1.0 0.9174632352941177 0.6957516339869281 0.02536764705882353 0.06470588235294118
1.0 0.9211397058823529 0.7016339869281045 0.02022058823529412 0.06339869281045751
2.0 0.5998161764705883 0.39771241830065357 0.01213235294117647 0.02679738562091503
2.0 0.6055147058823529 0.40065359477124185 0.011764705882352941 0.02483660130718954
10.0 0.8553308823529412 0.8261437908496732 0.034926470588235295 0.07973856209150326
2.0 0.8575367647058824 0.8107843137254902 0.02536764705882353 0.07124183006535947
10.0 0.509375 0.2218954248366013 0.007720588235294118 0.021568627450980392
0.0 0.9147058823529411 0.4898692810457516 0.16911764705882354 0.3300653594771242
