1.0 0.5430147058823529 0.6437908496732027 0.013970588235294118 0.06013071895424837
1.0 0.544485294117647 0.6316993464052287 0.011764705882352941 0.0542483660130719
1.0 0.5413602941176471 0.6581699346405229 0.021691176470588235 0.06013071895424837
1.0 0.5457720588235294 0.6150326797385621 0.017279411764705883 0.05228758169934641
1.0 0.5501838235294118 0.680718954248366 0.017279411764705883 0.0673202614379085
7.0 0.3220588235294118 0.5660130718954248 0.027205882352941177 0.05620915032679739
2.0 0.3204044117647059 0.5774509803921568 0.017279411764705883 0.05032679738562092
1.0 0.15606617647058824 0.43823529411764706 0.015808823529411764 0.05555555555555555
1.0 0.16268382352941177 0.484640522875817 0.015073529411764706 0.0542483660130719
4.0 0.2125 0.5179738562091504 0.05367647058823529 0.10130718954248366
6.0 0.2358455882352941 0.39509803921568626 0.08419117647058824 0.18888888888888888
6.0 0.2693014705882353 0.3022875816993464 0.039338235294117646 0.07516339869281045
4.0 0.4001838235294118 0.10098039215686275 0.013602941176470588 0.021568627450980392
7.0 0.6055147058823529 0.4238562091503268 0.025 0.045098039215686274
7.0 0.8577205882352941 0.5931372549019608 0.04485294117647059 0.0542483660130719
0.0 0.7678308823529412 0.3264705882352941 0.11948529411764706 0.09084967320261438
7.0 0.7851102941176471 0.4774509803921569 0.048161764705882355 0.09215686274509804
5.0 0.7261029411764706 0.4084967320261438 0.05367647058823529 0.06013071895424837
4.0 0.658639705882353 0.3356209150326797 0.03051470588235294 0.049019607843137254
4.0 0.6443014705882353 0.3160130718954248 0.027573529411764705 0.03986928104575163
4.0 0.6295955882352942 0.2983660130718954 0.031985294117647056 0.03594771241830065
4.0 0.6101102941176471 0.27156862745098037 0.029044117647058824 0.03594771241830065
4.0 0.540625 0.17679738562091504 0.017279411764705883 0.03071895424836601
4.0 0.5726102941176471 0.21928104575163399 0.020955882352941175 0.03071895424836601
4.0 0.43106617647058826 0.11993464052287582 0.014338235294117646 0.015032679738562092
4.0 0.5496323529411765 0.8888888888888888 0.07941176470588235 0.21830065359477124
1.0 0.1610294117647059 0.6503267973856209 0.015441176470588236 0.06013071895424837
1.0 0.153125 0.6683006535947712 0.009191176470588236 0.06601307189542484
1.0 0.15716911764705882 0.6758169934640523 0.015073529411764706 0.07058823529411765
1.0 0.1568014705882353 0.6859477124183007 0.01948529411764706 0.08169934640522876
4.0 0.4400735294117647 0.9392156862745098 0.06470588235294118 0.11503267973856209
4.0 0.48621323529411764 0.5709150326797385 0.042279411764705885 0.09738562091503268
4.0 0.3779411764705882 0.4084967320261438 0.03235294117647059 0.06797385620915032
5.0 0.45 0.33431372549019606 0.026470588235294117 0.05555555555555555
4.0 0.38143382352941174 0.19836601307189541 0.01948529411764706 0.034640522875816995
4.0 0.5553308823529411 0.1957516339869281 0.021691176470588235 0.03071895424836601
1.0 0.07738970588235294 0.5624183006535948 0.016544117647058824 0.05163398692810457
1.0 0.10202205882352941 0.5545751633986928 0.014338235294117646 0.049019607843137254
1.0 0.11158088235294118 0.5441176470588235 0.013602941176470588 0.05816993464052288
0.0 0.05863970588235294 0.673202614379085 0.11727941176470588 0.19738562091503267
1.0 0.9104779411764706 0.6849673202614379 0.022426470588235294 0.06535947712418301
1.0 0.9154411764705882 0.6944444444444444 0.020588235294117647 0.06470588235294118
2.0 0.5994485294117647 0.4022875816993464 0.012867647058823529 0.028104575163398694
2.0 0.6058823529411764 0.40522875816993464 0.011764705882352941 0.026143790849673203
10.0 0.8724264705882353 0.8441176470588235 0.0375 0.08300653594771241
2.0 0.8744485294117647 0.8300653594771242 0.026838235294117645 0.07320261437908497
10.0 0.5049632352941177 0.2238562091503268 0.007720588235294118 0.021568627450980392
0.0 0.9147058823529411 0.48790849673202613 0.16911764705882354 0.3300653594771242
