1.0 0.30330882352941174 0.64640522875817 0.013970588235294118 0.06013071895424837
1.0 0.3292279411764706 0.6392156862745098 0.015073529411764706 0.06797385620915032
1.0 0.34393382352941176 0.6643790849673202 0.021691176470588235 0.0738562091503268
1.0 0.44632352941176473 0.6124183006535948 0.01838235294117647 0.06405228758169934
1.0 0.48363970588235294 0.6624183006535947 0.014338235294117646 0.07254901960784314
7.0 0.2702205882352941 0.6196078431372549 0.027205882352941177 0.08366013071895424
2.0 0.27444852941176473 0.6297385620915033 0.017279411764705883 0.05032679738562092
1.0 0.134375 0.46372549019607845 0.015808823529411764 0.05555555555555555
1.0 0.01636029411764706 0.5800653594771242 0.020955882352941175 0.06862745098039216
1.0 0.07371323529411765 0.5068627450980392 0.017279411764705883 0.06470588235294118
1.0 0.09834558823529412 0.5330065359477124 0.01213235294117647 0.06209150326797386
1.0 0.16268382352941177 0.45065359477124184 0.015073529411764706 0.0542483660130719
4.0 0.14724264705882353 0.5441176470588235 0.07463235294117647 0.10130718954248366
6.0 0.24209558823529412 0.3735294117647059 0.11139705882352942 0.17712418300653596
6.0 0.2994485294117647 0.29248366013071897 0.039338235294117646 0.07516339869281045
5.0 0.3226102941176471 0.26437908496732027 0.023161764705882354 0.04771241830065359
4.0 0.47003676470588235 0.1392156862745098 0.01948529411764706 0.02875816993464052
5.0 0.5424632352941177 0.4738562091503268 0.04007352941176471 0.08104575163398693
4.0 0.5121323529411764 0.3026143790849673 0.027941176470588237 0.044444444444444446
7.0 0.5479779411764706 0.2473856209150327 0.012867647058823529 0.02679738562091503
1.0 0.7908088235294117 0.5627450980392157 0.014705882352941176 0.048366013071895426
1.0 0.7772058823529412 0.5431372549019607 0.014705882352941176 0.05751633986928104
7.0 0.8259191176470588 0.6094771241830066 0.039338235294117646 0.05816993464052288
0.0 0.7654411764705882 0.33169934640522875 0.13676470588235295 0.0934640522875817
7.0 0.7748161764705882 0.4866013071895425 0.04375 0.08562091503267974
5.0 0.7338235294117647 0.41568627450980394 0.05367647058823529 0.06013071895424837
4.0 0.678860294117647 0.3408496732026144 0.029044117647058824 0.049019607843137254
4.0 0.6689338235294118 0.32189542483660133 0.02536764705882353 0.03986928104575163
4.0 0.6568014705882353 0.30359477124183004 0.02610294117647059 0.03594771241830065
4.0 0.6450367647058823 0.27418300653594774 0.02610294117647059 0.03594771241830065
1.0 0.05606617647058824 0.553921568627451 0.022426470588235294 0.05947712418300653
4.0 0.5836397058823529 0.16111111111111112 0.017279411764705883 0.03071895424836601
4.0 0.6170955882352941 0.2238562091503268 0.020955882352941175 0.03071895424836601
5.0 0.4389705882352941 0.730718954248366 0.051470588235294115 0.16601307189542483
4.0 0.25238970588235293 0.5415032679738562 0.07904411764705882 0.09477124183006536
4.0 0.6060661764705882 0.20359477124183006 0.021691176470588235 0.03071895424836601
0.0 0.005330882352941177 0.5473856209150327 0.010661764705882353 0.15490196078431373
10.0 0.653125 0.3866013071895425 0.014338235294117646 0.03333333333333333
2.0 0.6527573529411764 0.38006535947712417 0.01213235294117647 0.038562091503267976
1.0 0.03511029411764706 0.55 0.01801470588235294 0.0673202614379085
10.0 0.5321691176470589 0.1630718954248366 0.007720588235294118 0.021568627450980392
0.0 0.903125 0.5415032679738562 0.1922794117647059 0.3431372549019608
