1.0 0.4496323529411765 0.657516339869281 0.013970588235294118 0.06013071895424837
1.0 0.45183823529411765 0.6330065359477124 0.011764705882352941 0.0542483660130719
1.0 0.4586397058823529 0.6542483660130719 0.021691176470588235 0.06013071895424837
1.0 0.5034926470588236 0.6111111111111112 0.017279411764705883 0.05228758169934641
1.0 0.5068014705882353 0.6741830065359478 0.016544117647058824 0.07647058823529412
7.0 0.2959558823529412 0.6339869281045751 0.027205882352941177 0.08366013071895424
2.0 0.2926470588235294 0.6333333333333333 0.016176470588235296 0.048366013071895426
1.0 0.13841911764705883 0.4591503267973856 0.015808823529411764 0.05555555555555555
1.0 0.16084558823529413 0.47287581699346404 0.015073529411764706 0.0542483660130719
4.0 0.19191176470588237 0.5160130718954249 0.05367647058823529 0.10130718954248366
6.0 0.24209558823529412 0.38006535947712417 0.10404411764705883 0.17712418300653596
6.0 0.2891544117647059 0.30163398692810456 0.039338235294117646 0.07516339869281045
5.0 0.3090073529411765 0.27091503267973854 0.023161764705882354 0.04771241830065359
4.0 0.44724264705882355 0.12091503267973856 0.01948529411764706 0.02875816993464052
4.0 0.5534926470588235 0.5251633986928105 0.04742647058823529 0.07908496732026143
7.0 0.5520220588235294 0.30490196078431375 0.016544117647058824 0.02679738562091503
7.0 0.8483455882352942 0.6140522875816994 0.039338235294117646 0.05816993464052288
0.0 0.7667279411764706 0.35130718954248363 0.15036764705882352 0.0934640522875817
7.0 0.784375 0.4950980392156863 0.04375 0.08562091503267974
5.0 0.7294117647058823 0.4196078431372549 0.05367647058823529 0.06013071895424837
4.0 0.6707720588235294 0.3434640522875817 0.029044117647058824 0.049019607843137254
4.0 0.6623161764705883 0.3284313725490196 0.02536764705882353 0.03986928104575163
4.0 0.6509191176470588 0.30686274509803924 0.02610294117647059 0.03594771241830065
4.0 0.6340073529411765 0.2754901960784314 0.02610294117647059 0.03594771241830065
4.0 0.5615808823529411 0.16895424836601308 0.017279411764705883 0.03071895424836601
4.0 0.6049632352941177 0.2258169934640523 0.020955882352941175 0.03071895424836601
4.0 0.23400735294117647 0.5849673202614379 0.08786764705882352 0.10326797385620914
5.0 0.46397058823529413 0.5418300653594771 0.03602941176470588 0.12679738562091503
4.0 0.3829044117647059 0.3637254901960784 0.03051470588235294 0.05555555555555555
4.0 0.5779411764705882 0.1931372549019608 0.022058823529411766 0.03071895424836601
0.0 0.05772058823529412 0.5748366013071895 0.11544117647058824 0.18888888888888888
2.0 0.5483455882352941 0.29640522875816994 0.010661764705882353 0.020261437908496733
2.0 0.5545955882352941 0.2950980392156863 0.008455882352941176 0.020261437908496733
10.0 0.6847426470588235 0.4977124183006536 0.014338235294117646 0.03333333333333333
2.0 0.6865808823529411 0.49117647058823527 0.01213235294117647 0.038562091503267976
10.0 0.5189338235294118 0.18725490196078431 0.007720588235294118 0.021568627450980392
0.0 0.9025735294117647 0.5375816993464052 0.19338235294117648 0.3431372549019608
