1.0 0.18125 0.6437908496732027 0.013970588235294118 0.06013071895424837
1.0 0.20238970588235294 0.6555555555555556 0.015073529411764706 0.06797385620915032
1.0 0.22371323529411766 0.668954248366013 0.021691176470588235 0.0738562091503268
1.0 0.3040441176470588 0.6516339869281046 0.01838235294117647 0.06405228758169934
1.0 0.39283088235294117 0.6584967320261438 0.015808823529411764 0.07254901960784314
7.0 0.3558823529411765 0.6392156862745098 0.06691176470588235 0.08366013071895424
2.0 0.3674632352941177 0.6147058823529412 0.017279411764705883 0.05032679738562092
1.0 0.15275735294117648 0.4892156862745098 0.015808823529411764 0.05947712418300653
1.0 0.04834558823529412 0.5552287581699347 0.01801470588235294 0.06862745098039216
1.0 0.08731617647058823 0.5062091503267974 0.017279411764705883 0.06470588235294118
1.0 0.10974264705882353 0.5330065359477124 0.015808823529411764 0.06209150326797386
1.0 0.17224264705882353 0.45 0.015073529411764706 0.0542483660130719
4.0 0.20716911764705884 0.5022875816993464 0.07463235294117647 0.10130718954248366
6.0 0.25018382352941176 0.3735294117647059 0.11139705882352942 0.17712418300653596
6.0 0.3079044117647059 0.2950980392156863 0.039338235294117646 0.07516339869281045
5.0 0.3292279411764706 0.2669934640522876 0.023161764705882354 0.04771241830065359
4.0 0.46378676470588237 0.1738562091503268 0.01948529411764706 0.02875816993464052
4.0 0.5735294117647058 0.5264705882352941 0.051470588235294115 0.08823529411764706
4.0 0.5523897058823529 0.3993464052287582 0.03272058823529412 0.05359477124183006
5.0 0.5125 0.23071895424836603 0.01911764705882353 0.04183006535947712
4.0 0.5038602941176471 0.18529411764705883 0.01875 0.029411764705882353
7.0 0.5424632352941177 0.19705882352941176 0.012867647058823529 0.02679738562091503
1.0 0.7858455882352942 0.5813725490196079 0.015073529411764706 0.049019607843137254
1.0 0.778125 0.568954248366013 0.015073529411764706 0.05816993464052288
7.0 0.8365808823529411 0.6127450980392157 0.039338235294117646 0.05816993464052288
0.0 0.7466911764705882 0.32483660130718955 0.16544117647058823 0.0915032679738562
7.0 0.7854779411764706 0.4950980392156863 0.04375 0.08562091503267974
5.0 0.7393382352941177 0.4169934640522876 0.05367647058823529 0.06013071895424837
4.0 0.6858455882352941 0.3434640522875817 0.029044117647058824 0.049019607843137254
4.0 0.6759191176470588 0.32516339869281047 0.02536764705882353 0.03986928104575163
4.0 0.6623161764705883 0.3022875816993464 0.02610294117647059 0.03594771241830065
4.0 0.6505514705882353 0.2754901960784314 0.02610294117647059 0.03594771241830065
1.0 0.0693014705882353 0.553921568627451 0.022426470588235294 0.05947712418300653
4.0 0.5869485294117647 0.16437908496732026 0.017279411764705883 0.03071895424836601
4.0 0.6211397058823529 0.22450980392156863 0.020955882352941175 0.03071895424836601
4.0 0.6071691176470588 0.20294117647058824 0.021691176470588235 0.03071895424836601
0.0 0.018198529411764707 0.5532679738562092 0.036397058823529414 0.15490196078431373
1.0 0.03988970588235294 0.5493464052287582 0.01801470588235294 0.0673202614379085
10.0 0.528860294117647 0.14019607843137255 0.007720588235294118 0.021568627450980392
0.0 0.9060661764705882 0.47875816993464054 0.1827205882352941 0.26862745098039215
