1.0 0.5569852941176471 0.6431372549019608 0.013970588235294118 0.06013071895424837
1.0 0.5544117647058824 0.6323529411764706 0.011764705882352941 0.0542483660130719
1.0 0.5549632352941176 0.6588235294117647 0.021691176470588235 0.06013071895424837
1.0 0.5549632352941176 0.615686274509804 0.017279411764705883 0.05228758169934641
1.0 0.5597426470588235 0.6794117647058824 0.017279411764705883 0.0673202614379085
7.0 0.3275735294117647 0.5607843137254902 0.027205882352941177 0.05620915032679739
2.0 0.32481617647058825 0.5669934640522876 0.017279411764705883 0.05032679738562092
1.0 0.1494485294117647 0.43823529411764706 0.015808823529411764 0.05555555555555555
1.0 0.1619485294117647 0.4892156862745098 0.015073529411764706 0.0542483660130719
4.0 0.20955882352941177 0.5205882352941177 0.05367647058823529 0.10130718954248366
6.0 0.2338235294117647 0.39705882352941174 0.07794117647058824 0.18888888888888888
6.0 0.2630514705882353 0.3022875816993464 0.039338235294117646 0.07516339869281045
4.0 0.3840073529411765 0.10326797385620914 0.01948529411764706 0.02875816993464052
7.0 0.6123161764705882 0.43366013071895426 0.02610294117647059 0.045098039215686274
7.0 0.8590073529411765 0.5866013071895425 0.04522058823529412 0.05032679738562092
0.0 0.7681985294117647 0.32450980392156864 0.11948529411764706 0.09084967320261438
7.0 0.7891544117647059 0.47352941176470587 0.048161764705882355 0.09215686274509804
5.0 0.7191176470588235 0.40522875816993464 0.05367647058823529 0.06013071895424837
4.0 0.6501838235294117 0.33366013071895423 0.03051470588235294 0.049019607843137254
4.0 0.6373161764705882 0.31470588235294117 0.027573529411764705 0.03986928104575163
4.0 0.6211397058823529 0.2977124183006536 0.031985294117647056 0.03594771241830065
4.0 0.6001838235294118 0.26895424836601306 0.029044117647058824 0.03594771241830065
4.0 0.5314338235294118 0.17941176470588235 0.017279411764705883 0.03071895424836601
4.0 0.5597426470588235 0.21797385620915033 0.020955882352941175 0.03071895424836601
4.0 0.41746323529411766 0.1238562091503268 0.01948529411764706 0.03071895424836601
4.0 0.5529411764705883 0.8470588235294118 0.07867647058823529 0.24444444444444444
1.0 0.17463235294117646 0.6562091503267974 0.016911764705882352 0.06013071895424837
1.0 0.16636029411764705 0.6774509803921569 0.009191176470588236 0.06601307189542484
1.0 0.16599264705882352 0.6830065359477124 0.015073529411764706 0.07058823529411765
1.0 0.171875 0.6977124183006536 0.01948529411764706 0.08169934640522876
4.0 0.4488970588235294 0.8905228758169934 0.06470588235294118 0.20718954248366014
4.0 0.48400735294117647 0.5388888888888889 0.039338235294117646 0.0934640522875817
4.0 0.37224264705882354 0.39477124183006534 0.031985294117647056 0.06666666666666667
5.0 0.4404411764705882 0.3209150326797386 0.025 0.05228758169934641
4.0 0.3707720588235294 0.19019607843137254 0.021691176470588235 0.03398692810457516
4.0 0.5428308823529412 0.1977124183006536 0.021691176470588235 0.03071895424836601
1.0 0.071875 0.5709150326797385 0.016544117647058824 0.05163398692810457
1.0 0.09577205882352942 0.553921568627451 0.014338235294117646 0.049019607843137254
1.0 0.10422794117647059 0.5467320261437908 0.013602941176470588 0.05816993464052288
0.0 0.06397058823529411 0.6898692810457516 0.12794117647058822 0.21764705882352942
1.0 0.8998161764705882 0.6722222222222223 0.01948529411764706 0.06601307189542484
1.0 0.9075367647058824 0.6826797385620915 0.020955882352941175 0.06601307189542484
2.0 0.6051470588235294 0.41601307189542486 0.014705882352941176 0.03202614379084967
2.0 0.6125 0.41830065359477125 0.0125 0.02875816993464052
10.0 0.9145220588235294 0.892483660130719 0.05183823529411765 0.08300653594771241
2.0 0.9141544117647059 0.8813725490196078 0.033455882352941176 0.08169934640522876
10.0 0.49761029411764707 0.22450980392156863 0.007720588235294118 0.021568627450980392
0.0 0.9147058823529411 0.4826797385620915 0.16911764705882354 0.3300653594771242
