1.0 0.4113970588235294 0.6483660130718955 0.013970588235294118 0.06013071895424837
1.0 0.4264705882352941 0.6316993464052287 0.011764705882352941 0.0542483660130719
1.0 0.4417279411764706 0.6562091503267974 0.021691176470588235 0.06013071895424837
1.0 0.5060661764705883 0.6058823529411764 0.017279411764705883 0.05228758169934641
1.0 0.5126838235294118 0.6702614379084967 0.017279411764705883 0.0673202614379085
7.0 0.2963235294117647 0.6362745098039215 0.030147058823529412 0.08431372549019608
2.0 0.303125 0.638235294117647 0.017279411764705883 0.05032679738562092
1.0 0.14099264705882353 0.45588235294117646 0.015808823529411764 0.05555555555555555
1.0 0.16268382352941177 0.46045751633986925 0.015073529411764706 0.0542483660130719
4.0 0.18235294117647058 0.5284313725490196 0.05367647058823529 0.10130718954248366
6.0 0.2431985294117647 0.3826797385620915 0.10404411764705883 0.17712418300653596
6.0 0.2902573529411765 0.2983660130718954 0.039338235294117646 0.07516339869281045
5.0 0.3130514705882353 0.272875816993464 0.023161764705882354 0.04771241830065359
4.0 0.44613970588235297 0.12679738562091503 0.01948529411764706 0.02875816993464052
4.0 0.5404411764705882 0.45294117647058824 0.041176470588235294 0.06405228758169934
7.0 0.5509191176470588 0.2950980392156863 0.016544117647058824 0.02679738562091503
7.0 0.8487132352941177 0.6133986928104576 0.039338235294117646 0.05816993464052288
0.0 0.7744485294117647 0.35130718954248363 0.1349264705882353 0.0934640522875817
7.0 0.7920955882352941 0.4892156862745098 0.04375 0.08562091503267974
5.0 0.7375 0.4176470588235294 0.05367647058823529 0.06013071895424837
4.0 0.6777573529411764 0.3434640522875817 0.029044117647058824 0.049019607843137254
4.0 0.6579044117647059 0.32516339869281047 0.02536764705882353 0.03986928104575163
4.0 0.6608455882352942 0.30424836601307187 0.02610294117647059 0.03594771241830065
4.0 0.646875 0.27418300653594774 0.02610294117647059 0.03594771241830065
4.0 0.5582720588235294 0.15784313725490196 0.017279411764705883 0.03071895424836601
4.0 0.6104779411764706 0.22647058823529412 0.020955882352941175 0.03071895424836601
4.0 0.18566176470588236 0.6212418300653595 0.1 0.1130718954248366
5.0 0.4676470588235294 0.5797385620915033 0.03602941176470588 0.12679738562091503
4.0 0.3733455882352941 0.41013071895424835 0.034926470588235295 0.06993464052287582
4.0 0.5810661764705882 0.20098039215686275 0.021691176470588235 0.03071895424836601
0.0 0.056433823529411765 0.5591503267973856 0.11286764705882353 0.17973856209150327
2.0 0.5431985294117647 0.27875816993464053 0.008455882352941176 0.020261437908496733
2.0 0.5479779411764706 0.280718954248366 0.00625 0.020261437908496733
10.0 0.6792279411764706 0.4669934640522876 0.014338235294117646 0.03333333333333333
2.0 0.6792279411764706 0.45784313725490194 0.01213235294117647 0.038562091503267976
10.0 0.5141544117647059 0.18137254901960784 0.007720588235294118 0.021568627450980392
0.0 0.9102941176470588 0.5375816993464052 0.17794117647058824 0.3431372549019608
