1.0 0.3698529411764706 0.6431372549019608 0.013970588235294118 0.06013071895424837
1.0 0.3931985294117647 0.6392156862745098 0.015073529411764706 0.06797385620915032
1.0 0.4053308823529412 0.6630718954248366 0.021691176470588235 0.0738562091503268
1.0 0.5066176470588235 0.6137254901960785 0.01764705882352941 0.06405228758169934
1.0 0.5189338235294118 0.6673202614379085 0.016544117647058824 0.06928104575163399
7.0 0.3047794117647059 0.6241830065359477 0.027205882352941177 0.08366013071895424
2.0 0.3053308823529412 0.6297385620915033 0.017279411764705883 0.05032679738562092
1.0 0.1619485294117647 0.45784313725490194 0.015808823529411764 0.05555555555555555
1.0 0.10386029411764706 0.5133986928104575 0.017279411764705883 0.06470588235294118
1.0 0.12849264705882352 0.5343137254901961 0.01213235294117647 0.06209150326797386
1.0 0.18731617647058824 0.4545751633986928 0.015073529411764706 0.0542483660130719
4.0 0.18161764705882352 0.5388888888888889 0.07205882352941176 0.09738562091503268
6.0 0.26341911764705883 0.3735294117647059 0.10404411764705883 0.17712418300653596
6.0 0.31783088235294116 0.2931372549019608 0.039338235294117646 0.07516339869281045
5.0 0.3391544117647059 0.2656862745098039 0.023161764705882354 0.04771241830065359
4.0 0.478125 0.13398692810457516 0.01948529411764706 0.02875816993464052
5.0 0.5979779411764706 0.6049019607843137 0.05551470588235294 0.11568627450980393
4.0 0.5391544117647059 0.3535947712418301 0.03051470588235294 0.05228758169934641
7.0 0.5674632352941177 0.2656862745098039 0.012867647058823529 0.02679738562091503
7.0 0.8575367647058824 0.615359477124183 0.039338235294117646 0.05816993464052288
0.0 0.7731617647058824 0.3388888888888889 0.12794117647058822 0.0934640522875817
7.0 0.8005514705882353 0.49379084967320264 0.04375 0.08562091503267974
5.0 0.7525735294117647 0.4169934640522876 0.05367647058823529 0.06013071895424837
4.0 0.6979779411764706 0.3434640522875817 0.029044117647058824 0.049019607843137254
4.0 0.6862132352941176 0.323202614379085 0.02536764705882353 0.03986928104575163
4.0 0.6726102941176471 0.3029411764705882 0.02610294117647059 0.03594771241830065
4.0 0.6601102941176471 0.27418300653594774 0.02610294117647059 0.03594771241830065
1.0 0.08915441176470588 0.5565359477124183 0.022426470588235294 0.05947712418300653
4.0 0.5943014705882353 0.1604575163398693 0.017279411764705883 0.03071895424836601
4.0 0.6295955882352942 0.2238562091503268 0.020955882352941175 0.03071895424836601
4.0 0.07003676470588235 0.7049019607843138 0.12095588235294118 0.14052287581699346
5.0 0.4766544117647059 0.6607843137254902 0.040808823529411765 0.14640522875816994
4.0 0.340625 0.484640522875817 0.05772058823529412 0.08300653594771241
4.0 0.6174632352941176 0.19901960784313724 0.021691176470588235 0.03071895424836601
0.0 0.030698529411764704 0.5526143790849674 0.06139705882352941 0.1588235294117647
2.0 0.5652573529411765 0.25326797385620914 0.008455882352941176 0.020261437908496733
2.0 0.5685661764705883 0.25588235294117645 0.00625 0.020261437908496733
10.0 0.6818014705882353 0.41797385620915034 0.014338235294117646 0.03333333333333333
2.0 0.6840073529411764 0.4062091503267974 0.01213235294117647 0.038562091503267976
10.0 0.5439338235294118 0.16633986928104574 0.007720588235294118 0.021568627450980392
0.0 0.9095588235294118 0.5395424836601307 0.17941176470588235 0.3431372549019608
