1.0 0.7040441176470589 0.46143790849673205 0.013970588235294118 0.06013071895424837
1.0 0.6919117647058823 0.45326797385620915 0.011764705882352941 0.0542483660130719
1.0 0.7165441176470588 0.46797385620915033 0.022058823529411766 0.06013071895424837
1.0 0.6862132352941176 0.4477124183006536 0.01948529411764706 0.05228758169934641
1.0 0.7704044117647059 0.49901960784313726 0.015073529411764706 0.056862745098039215
1.0 0.18731617647058824 0.5062091503267974 0.016544117647058824 0.06339869281045751
4.0 0.2670955882352941 0.527124183006536 0.054044117647058826 0.10130718954248366
7.0 0.8391544117647058 0.4362745098039216 0.04522058823529412 0.05032679738562092
0.0 0.7012867647058824 0.2696078431372549 0.28860294117647056 0.09738562091503268
7.0 0.7248161764705883 0.36764705882352944 0.04522058823529412 0.07124183006535947
5.0 0.6505514705882353 0.32679738562091504 0.054044117647058826 0.06013071895424837
4.0 0.5476102941176471 0.27875816993464053 0.03272058823529412 0.045098039215686274
4.0 0.5316176470588235 0.37941176470588234 0.061764705882352944 0.06209150326797386
4.0 0.5474264705882353 0.5290849673202614 0.08014705882352942 0.08562091503267974
4.0 0.4597426470588235 0.3908496732026144 0.06654411764705882 0.09542483660130718
1.0 0.5766544117647059 0.5980392156862745 0.015073529411764706 0.06013071895424837
1.0 0.5845588235294118 0.607516339869281 0.009558823529411765 0.06601307189542484
1.0 0.5966911764705882 0.6140522875816994 0.015441176470588236 0.06993464052287582
1.0 0.6045955882352941 0.6081699346405228 0.01948529411764706 0.08169934640522876
4.0 0.3224264705882353 0.30915032679738563 0.05367647058823529 0.06013071895424837
1.0 0.928125 0.515686274509804 0.01875 0.06405228758169934
1.0 0.8915441176470589 0.4977124183006536 0.020588235294117647 0.0738562091503268
1.0 0.8777573529411765 0.5045751633986928 0.01948529411764706 0.048366013071895426
1.0 0.8693014705882353 0.4931372549019608 0.017279411764705883 0.05816993464052288
10.0 0.5220588235294118 0.5977124183006536 0.03602941176470588 0.05032679738562092
2.0 0.5222426470588235 0.5790849673202615 0.01948529411764706 0.05620915032679739
1.0 0.14136029411764706 0.7584967320261438 0.02022058823529412 0.09215686274509804
1.0 0.17371323529411764 0.6911764705882353 0.01875 0.0803921568627451
1.0 0.21231617647058823 0.6062091503267973 0.015073529411764706 0.07647058823529412
1.0 0.15128676470588234 0.6591503267973856 0.020955882352941175 0.07908496732026143
1.0 0.14577205882352942 0.7133986928104575 0.021691176470588235 0.09607843137254903
1.0 0.17886029411764706 0.638235294117647 0.020955882352941175 0.07254901960784314
1.0 0.16727941176470587 0.6238562091503268 0.016911764705882352 0.07124183006535947
1.0 0.1318014705882353 0.6630718954248366 0.01875 0.08169934640522876
1.0 0.07591911764705882 0.7062091503267974 0.020955882352941175 0.0738562091503268
1.0 0.10018382352941177 0.684640522875817 0.02610294117647059 0.07124183006535947
1.0 0.15091911764705881 0.6421568627450981 0.021691176470588235 0.07908496732026143
1.0 0.14650735294117648 0.6238562091503268 0.015073529411764706 0.06339869281045751
2.0 0.05459558823529412 0.6598039215686274 0.01801470588235294 0.05032679738562092
1.0 0.15643382352941176 0.5 0.016544117647058824 0.0457516339869281
1.0 0.14834558823529412 0.4888888888888889 0.014338235294117646 0.040522875816993466
1.0 0.15606617647058824 0.4676470588235294 0.015073529411764706 0.05032679738562092
10.0 0.10606617647058823 0.7617647058823529 0.020955882352941175 0.08169934640522876
1.0 0.15716911764705882 0.6101307189542484 0.02022058823529412 0.06993464052287582
1.0 0.7626838235294118 0.5513071895424837 0.014338235294117646 0.056862745098039215
1.0 0.7840073529411765 0.5506535947712419 0.015808823529411764 0.060784313725490195
10.0 0.5163602941176471 0.3281045751633987 0.01801470588235294 0.03529411764705882
0.0 0.9233455882352941 0.34738562091503267 0.15183823529411763 0.22156862745098038
0.0 0.7990808823529412 0.3656862745098039 0.09889705882352941 0.09607843137254903
