1.0 0.6452205882352942 0.5771241830065359 0.013970588235294118 0.06013071895424837
1.0 0.6286764705882353 0.5532679738562092 0.011764705882352941 0.0542483660130719
1.0 0.6321691176470589 0.5888888888888889 0.021691176470588235 0.06013071895424837
1.0 0.6130514705882353 0.5490196078431373 0.017279411764705883 0.05228758169934641
1.0 0.6501838235294117 0.5970588235294118 0.017279411764705883 0.0673202614379085
7.0 0.3040441176470588 0.3784313725490196 0.027205882352941177 0.05620915032679739
2.0 0.3049632352941177 0.37222222222222223 0.017279411764705883 0.05032679738562092
1.0 0.10128676470588235 0.4264705882352941 0.015808823529411764 0.05555555555555555
1.0 0.13143382352941177 0.5094771241830065 0.016544117647058824 0.06339869281045751
4.0 0.19963235294117648 0.5316993464052288 0.05 0.09738562091503268
7.0 0.7277573529411765 0.6081699346405228 0.03419117647058824 0.06601307189542484
7.0 0.8185661764705883 0.492483660130719 0.04522058823529412 0.05032679738562092
0.0 0.7196691176470589 0.30947712418300655 0.2599264705882353 0.09084967320261438
7.0 0.7329044117647059 0.4068627450980392 0.04522058823529412 0.07124183006535947
5.0 0.6525735294117647 0.3591503267973856 0.05367647058823529 0.060784313725490195
4.0 0.5634191176470589 0.3022875816993464 0.03272058823529412 0.045098039215686274
4.0 0.5545955882352941 0.28921568627450983 0.026838235294117645 0.03333333333333333
4.0 0.5185661764705882 0.272875816993464 0.031985294117647056 0.03594771241830065
4.0 0.48915441176470587 0.24673202614379086 0.029044117647058824 0.03594771241830065
4.0 0.43106617647058826 0.1996732026143791 0.02463235294117647 0.03071895424836601
4.0 0.32886029411764706 0.2042483660130719 0.03713235294117647 0.042483660130718956
4.0 0.5529411764705883 0.6794117647058824 0.09338235294117647 0.1287581699346405
4.0 0.5139705882352941 0.5133986928104575 0.07573529411764705 0.11960784313725491
1.0 0.35955882352941176 0.6705882352941176 0.013970588235294118 0.06013071895424837
1.0 0.3613970588235294 0.6990196078431372 0.009558823529411765 0.06601307189542484
1.0 0.37996323529411763 0.6983660130718954 0.015073529411764706 0.06993464052287582
1.0 0.38327205882352944 0.699673202614379 0.01948529411764706 0.08169934640522876
4.0 0.40128676470588237 0.4467320261437909 0.05330882352941176 0.0738562091503268
4.0 0.38878676470588236 0.5509803921568628 0.05110294117647059 0.0915032679738562
4.0 0.3292279411764706 0.2761437908496732 0.021691176470588235 0.03986928104575163
4.0 0.26636029411764706 0.26176470588235295 0.028308823529411765 0.03725490196078431
5.0 0.28125 0.20326797385620915 0.025 0.05228758169934641
1.0 0.9707720588235295 0.5666666666666667 0.01801470588235294 0.06405228758169934
1.0 0.8744485294117647 0.5320261437908497 0.011397058823529411 0.0457516339869281
1.0 0.8694852941176471 0.5225490196078432 0.013970588235294118 0.05555555555555555
10.0 0.47205882352941175 0.7081699346405229 0.03602941176470588 0.05032679738562092
2.0 0.47113970588235293 0.6790849673202615 0.02022058823529412 0.05751633986928104
1.0 0.09908088235294117 0.553921568627451 0.016544117647058824 0.05163398692810457
1.0 0.109375 0.5584967320261438 0.017279411764705883 0.049019607843137254
1.0 0.11268382352941177 0.5316993464052288 0.015073529411764706 0.05816993464052288
1.0 0.7979779411764706 0.572875816993464 0.014338235294117646 0.06209150326797386
1.0 0.8108455882352941 0.584640522875817 0.01801470588235294 0.060784313725490195
2.0 0.7125 0.5833333333333334 0.020588235294117647 0.045098039215686274
2.0 0.7240808823529412 0.5859477124183007 0.016544117647058824 0.041176470588235294
10.0 0.43988970588235293 0.2696078431372549 0.014338235294117646 0.029411764705882353
0.0 0.9246323529411765 0.4133986928104575 0.14926470588235294 0.22156862745098038
0.0 0.8126838235294118 0.4107843137254902 0.07095588235294117 0.11437908496732026
