1.0 0.6470588235294118 0.6470588235294118 0.013970588235294118 0.06013071895424837
1.0 0.6301470588235294 0.6199346405228758 0.011764705882352941 0.0542483660130719
1.0 0.6306985294117647 0.6522875816993464 0.021691176470588235 0.06013071895424837
1.0 0.6237132352941176 0.6071895424836601 0.017279411764705883 0.05228758169934641
1.0 0.653125 0.6676470588235294 0.017279411764705883 0.0673202614379085
7.0 0.40183823529411766 0.4954248366013072 0.027205882352941177 0.05620915032679739
2.0 0.40349264705882354 0.49117647058823527 0.017279411764705883 0.05032679738562092
1.0 0.1957720588235294 0.4245098039215686 0.015808823529411764 0.05555555555555555
1.0 0.21011029411764706 0.4977124183006536 0.015073529411764706 0.0542483660130719
4.0 0.26323529411764707 0.5225490196078432 0.05367647058823529 0.10130718954248366
7.0 0.6987132352941177 0.50359477124183 0.02977941176470588 0.05163398692810457
7.0 0.9112132352941177 0.5741830065359477 0.04522058823529412 0.05032679738562092
0.0 0.7681985294117647 0.323202614379085 0.11948529411764706 0.09084967320261438
7.0 0.8277573529411765 0.4643790849673203 0.048161764705882355 0.08431372549019608
5.0 0.7551470588235294 0.396078431372549 0.05367647058823529 0.06013071895424837
4.0 0.6726102941176471 0.32973856209150326 0.03272058823529412 0.045098039215686274
4.0 0.6549632352941176 0.3107843137254902 0.02977941176470588 0.03986928104575163
4.0 0.6354779411764706 0.29248366013071897 0.031985294117647056 0.03594771241830065
4.0 0.6112132352941176 0.26372549019607844 0.029044117647058824 0.03594771241830065
4.0 0.5641544117647059 0.21666666666666667 0.02463235294117647 0.03071895424836601
4.0 0.42408088235294117 0.1522875816993464 0.02463235294117647 0.03529411764705882
4.0 0.5996323529411764 0.6663398692810457 0.07573529411764705 0.17320261437908496
1.0 0.2926470588235294 0.673202614379085 0.013970588235294118 0.06013071895424837
1.0 0.28823529411764703 0.6964052287581699 0.009558823529411765 0.06601307189542484
1.0 0.3034926470588235 0.7147058823529412 0.015073529411764706 0.06993464052287582
1.0 0.30716911764705884 0.7160130718954248 0.01948529411764706 0.08169934640522876
4.0 0.5097426470588236 0.623202614379085 0.05919117647058823 0.11437908496732026
4.0 0.3154411764705882 0.8777777777777778 0.11985294117647059 0.20784313725490197
4.0 0.5001838235294118 0.4235294117647059 0.03419117647058824 0.06143790849673202
4.0 0.4016544117647059 0.3362745098039216 0.028308823529411765 0.05947712418300653
5.0 0.4415441176470588 0.2673202614379085 0.025 0.05228758169934641
4.0 0.36525735294117645 0.15588235294117647 0.02610294117647059 0.042483660130718956
1.0 0.18106617647058823 0.5977124183006536 0.015073529411764706 0.06862745098039216
1.0 0.1542279411764706 0.5696078431372549 0.016544117647058824 0.05163398692810457
1.0 0.1645220588235294 0.5506535947712419 0.014338235294117646 0.049019607843137254
1.0 0.17555147058823528 0.5395424836601307 0.013602941176470588 0.05816993464052288
0.0 0.08014705882352942 0.6813725490196079 0.16029411764705884 0.21764705882352942
1.0 0.9189338235294118 0.6473856209150327 0.01948529411764706 0.06601307189542484
1.0 0.9373161764705882 0.6669934640522875 0.020955882352941175 0.06601307189542484
2.0 0.6909926470588236 0.48333333333333334 0.016544117647058824 0.034640522875816995
2.0 0.6998161764705882 0.484640522875817 0.012867647058823529 0.03071895424836601
10.0 0.5207720588235294 0.24477124183006535 0.01213235294117647 0.029411764705882353
0.0 0.9145220588235294 0.45849673202614377 0.16948529411764707 0.3300653594771242
