1.0 0.6623161764705883 0.6284313725490196 0.013602941176470588 0.05947712418300653
1.0 0.6450367647058823 0.6016339869281045 0.01213235294117647 0.0542483660130719
1.0 0.6444852941176471 0.6290849673202614 0.016911764705882352 0.060784313725490195
1.0 0.6338235294117647 0.5934640522875817 0.016911764705882352 0.058823529411764705
1.0 0.6729779411764706 0.6506535947712418 0.017279411764705883 0.0673202614379085
7.0 0.3863970588235294 0.4522875816993464 0.027205882352941177 0.05751633986928104
2.0 0.3840073529411765 0.4349673202614379 0.017279411764705883 0.05032679738562092
1.0 0.17261029411764706 0.4297385620915033 0.015808823529411764 0.05555555555555555
1.0 0.19393382352941177 0.5062091503267974 0.016544117647058824 0.06339869281045751
4.0 0.25220588235294117 0.5330065359477124 0.05367647058823529 0.10130718954248366
7.0 0.7222426470588236 0.5506535947712419 0.02977941176470588 0.05555555555555555
7.0 0.8983455882352941 0.5506535947712419 0.04522058823529412 0.05032679738562092
0.0 0.7582720588235294 0.32254901960784316 0.13933823529411765 0.09084967320261438
7.0 0.8001838235294118 0.44607843137254904 0.048161764705882355 0.08431372549019608
5.0 0.7268382352941176 0.38758169934640524 0.05367647058823529 0.06013071895424837
4.0 0.6380514705882353 0.3205882352941177 0.03272058823529412 0.045098039215686274
4.0 0.6174632352941176 0.30359477124183004 0.02977941176470588 0.03986928104575163
4.0 0.5965073529411765 0.28594771241830064 0.031985294117647056 0.03594771241830065
4.0 0.5715073529411765 0.2584967320261438 0.029044117647058824 0.03594771241830065
4.0 0.5248161764705882 0.21405228758169934 0.02463235294117647 0.03071895424836601
4.0 0.3880514705882353 0.1696078431372549 0.02610294117647059 0.03071895424836601
4.0 0.6713235294117647 0.9209150326797385 0.10808823529411765 0.1542483660130719
4.0 0.5852941176470589 0.5872549019607843 0.07573529411764705 0.14052287581699346
1.0 0.33492647058823527 0.6764705882352942 0.013970588235294118 0.06013071895424837
1.0 0.3358455882352941 0.6977124183006536 0.009926470588235294 0.06601307189542484
1.0 0.3516544117647059 0.7140522875816994 0.015073529411764706 0.06993464052287582
1.0 0.3628676470588235 0.7140522875816994 0.019852941176470587 0.08169934640522876
4.0 0.4852941176470588 0.5264705882352941 0.05514705882352941 0.0869281045751634
4.0 0.4369485294117647 0.7147058823529412 0.06727941176470588 0.15620915032679739
4.0 0.4496323529411765 0.3562091503267974 0.03602941176470588 0.06013071895424837
4.0 0.3608455882352941 0.30098039215686273 0.028308823529411765 0.05032679738562092
5.0 0.3871323529411765 0.24052287581699347 0.025 0.05228758169934641
4.0 0.31231617647058824 0.13823529411764707 0.02610294117647059 0.042483660130718956
1.0 0.9419117647058823 0.5722222222222222 0.016911764705882352 0.06470588235294118
1.0 0.9606617647058824 0.576797385620915 0.0125 0.03986928104575163
1.0 0.9538602941176471 0.5715686274509804 0.012867647058823529 0.049019607843137254
10.0 0.5375 0.8977124183006536 0.03602941176470588 0.05032679738562092
2.0 0.5365808823529412 0.85359477124183 0.02389705882352941 0.06797385620915032
1.0 0.17224264705882353 0.6068627450980392 0.015073529411764706 0.07647058823529412
1.0 0.1494485294117647 0.5630718954248366 0.016544117647058824 0.05163398692810457
1.0 0.15863970588235293 0.5604575163398693 0.014338235294117646 0.049019607843137254
1.0 0.16783088235294116 0.5428104575163398 0.015073529411764706 0.05816993464052288
0.0 0.07757352941176471 0.6843137254901961 0.13823529411764707 0.2169934640522876
1.0 0.8810661764705883 0.6173202614379085 0.014338235294117646 0.06601307189542484
1.0 0.8950367647058823 0.6369281045751634 0.02463235294117647 0.06601307189542484
2.0 0.7137867647058823 0.5284313725490196 0.016544117647058824 0.034640522875816995
2.0 0.7229779411764706 0.5277777777777778 0.012867647058823529 0.02679738562091503
10.0 0.4983455882352941 0.257843137254902 0.01213235294117647 0.029411764705882353
0.0 0.9137867647058824 0.4199346405228758 0.17095588235294118 0.2699346405228758
