1.0 0.17113970588235294 0.6444444444444445 0.014338235294117646 0.06143790849673202
1.0 0.19136029411764705 0.6535947712418301 0.015073529411764706 0.07058823529411765
1.0 0.21323529411764705 0.6686274509803921 0.021323529411764706 0.07320261437908497
1.0 0.2933823529411765 0.6473856209150327 0.01838235294117647 0.06470588235294118
1.0 0.3849264705882353 0.6571895424836601 0.016911764705882352 0.07254901960784314
3.0 0.38363970588235297 0.6395424836601307 0.06801470588235294 0.07647058823529412
2.0 0.39595588235294116 0.615686274509804 0.016911764705882352 0.04967320261437908
1.0 0.15459558823529412 0.49117647058823527 0.015808823529411764 0.060784313725490195
1.0 0.008088235294117648 0.5584967320261438 0.011764705882352941 0.05032679738562092
1.0 0.011029411764705883 0.5797385620915033 0.011764705882352941 0.047058823529411764
1.0 0.04007352941176471 0.5480392156862746 0.013235294117647059 0.05816993464052288
1.0 0.055330882352941174 0.5486928104575164 0.01801470588235294 0.06993464052287582
1.0 0.026286764705882353 0.5300653594771242 0.017279411764705883 0.04967320261437908
1.0 0.049448529411764704 0.5016339869281046 0.015073529411764706 0.052941176470588235
1.0 0.09503676470588235 0.5058823529411764 0.013602941176470588 0.06535947712418301
1.0 0.08731617647058823 0.3179738562091503 0.009926470588235294 0.038562091503267976
1.0 0.07205882352941176 0.3241830065359477 0.011764705882352941 0.04183006535947712
1.0 0.10147058823529412 0.3003267973856209 0.011764705882352941 0.03986928104575163
1.0 0.11139705882352942 0.30163398692810456 0.009558823529411765 0.03986928104575163
1.0 0.11452205882352941 0.5303921568627451 0.015808823529411764 0.06209150326797386
1.0 0.17591911764705884 0.44803921568627453 0.015073529411764706 0.0542483660130719
4.0 0.22205882352941175 0.4954248366013072 0.075 0.09673202614379085
6.0 0.25220588235294117 0.37287581699346406 0.10735294117647058 0.17320261437908496
6.0 0.3084558823529412 0.2934640522875817 0.03602941176470588 0.0718954248366013
5.0 0.32941176470588235 0.2673202614379085 0.019852941176470587 0.048366013071895426
1.0 0.34448529411764706 0.22418300653594772 0.004411764705882353 0.023529411764705882
0.0 0.36617647058823527 0.16143790849673204 0.05 0.08104575163398693
4.0 0.46011029411764703 0.1758169934640523 0.01801470588235294 0.026143790849673203
4.0 0.5626838235294118 0.4774509803921569 0.04375 0.0803921568627451
4.0 0.5498161764705882 0.3689542483660131 0.029044117647058824 0.04771241830065359
5.0 0.5113970588235294 0.21535947712418302 0.016911764705882352 0.038562091503267976
4.0 0.5051470588235294 0.17647058823529413 0.015441176470588236 0.02483660130718954
4.0 0.46801470588235294 0.07124183006535947 0.007352941176470588 0.01437908496732026
4.0 0.47794117647058826 0.07058823529411765 0.006617647058823529 0.01045751633986928
0.0 0.48566176470588235 0.03398692810457516 0.051470588235294115 0.06013071895424837
10.0 0.5286764705882353 0.13594771241830064 0.0029411764705882353 0.009150326797385621
7.0 0.5424632352941177 0.19673202614379084 0.009926470588235294 0.0196078431372549
2.0 0.5426470588235294 0.18758169934640523 0.0029411764705882353 0.01045751633986928
2.0 0.5450367647058824 0.18758169934640523 0.0033088235294117647 0.009150326797385621
2.0 0.528125 0.13790849673202615 0.0033088235294117647 0.009150326797385621
1.0 0.8347426470588235 0.6862745098039216 0.017279411764705883 0.06928104575163399
1.0 0.8310661764705882 0.6568627450980392 0.02022058823529412 0.06405228758169934
1.0 0.8509191176470589 0.6718954248366014 0.015073529411764706 0.06535947712418301
1.0 0.7933823529411764 0.5875816993464053 0.010294117647058823 0.05359477124183006
1.0 0.7863970588235294 0.5683006535947712 0.013235294117647059 0.05032679738562092
1.0 0.8871323529411764 0.6437908496732027 0.016911764705882352 0.07058823529411765
10.0 0.9193014705882353 0.696078431372549 0.02977941176470588 0.06405228758169934
1.0 0.9068014705882353 0.6437908496732027 0.017279411764705883 0.06274509803921569
1.0 0.8988970588235294 0.6287581699346405 0.016176470588235296 0.06013071895424837
2.0 0.8748161764705882 0.6212418300653595 0.012867647058823529 0.046405228758169936
2.0 0.8670955882352941 0.6147058823529412 0.012867647058823529 0.03594771241830065
7.0 0.8387867647058823 0.6111111111111112 0.039338235294117646 0.058823529411764705
2.0 0.8340073529411764 0.5882352941176471 0.015073529411764706 0.0392156862745098
2.0 0.8483455882352942 0.5905228758169935 0.012867647058823529 0.03594771241830065
2.0 0.8654411764705883 0.5673202614379085 0.01838235294117647 0.048366013071895426
2.0 0.8860294117647058 0.5735294117647058 0.014705882352941176 0.038562091503267976
1.0 0.9136029411764706 0.6375816993464052 0.007352941176470588 0.03594771241830065
1.0 0.975 0.734640522875817 0.013235294117647059 0.06535947712418301
1.0 0.9854779411764706 0.7245098039215686 0.014338235294117646 0.06862745098039216
1.0 0.9340073529411764 0.6251633986928105 0.014338235294117646 0.046405228758169936
1.0 0.5650735294117647 0.10784313725490197 0.003676470588235294 0.01437908496732026
1.0 0.6001838235294118 0.21013071895424837 0.0033088235294117647 0.021568627450980392
1.0 0.6055147058823529 0.2065359477124183 0.005147058823529412 0.022222222222222223
1.0 0.596875 0.1996732026143791 0.004779411764705883 0.01895424836601307
2.0 0.6316176470588235 0.2937908496732026 0.006617647058823529 0.01895424836601307
10.0 0.6323529411764706 0.3026143790849673 0.007352941176470588 0.0196078431372549
1.0 0.6165441176470589 0.20522875816993463 0.004411764705882353 0.022222222222222223
1.0 0.79375 0.29150326797385623 0.006617647058823529 0.03398692810457516
1.0 0.8163602941176471 0.2777777777777778 0.00625 0.030065359477124184
1.0 0.8259191176470588 0.28888888888888886 0.007720588235294118 0.032679738562091505
1.0 0.8121323529411765 0.3130718954248366 0.007352941176470588 0.02875816993464052
1.0 0.809375 0.30130718954248364 0.006985294117647059 0.03529411764705882
1.0 0.7988970588235295 0.3196078431372549 0.008088235294117648 0.03790849673202614
1.0 0.7990808823529412 0.34738562091503267 0.007720588235294118 0.038562091503267976
1.0 0.7841911764705882 0.2931372549019608 0.006617647058823529 0.03071895424836601
1.0 0.7834558823529412 0.3160130718954248 0.008088235294117648 0.038562091503267976
1.0 0.7777573529411764 0.29183006535947714 0.00625 0.03202614379084967
1.0 0.7601102941176471 0.31862745098039214 0.008455882352941176 0.03202614379084967
1.0 0.8294117647058824 0.36209150326797385 0.010294117647058823 0.03790849673202614
0.0 0.7444852941176471 0.32483660130718955 0.16323529411764706 0.0915032679738562
0.0 0.8415441176470588 0.38333333333333336 0.16838235294117648 0.0934640522875817
0.0 0.9628676470588236 0.5591503267973856 0.07205882352941176 0.2581699346405229
8.0 0.7847426470588236 0.49052287581699344 0.04375 0.08562091503267974
5.0 0.7395220588235294 0.4150326797385621 0.052573529411764706 0.06143790849673202
4.0 0.6865808823529411 0.3415032679738562 0.028308823529411765 0.049019607843137254
5.0 0.678860294117647 0.323202614379085 0.02536764705882353 0.03986928104575163
4.0 0.6634191176470589 0.30098039215686273 0.02610294117647059 0.03594771241830065
4.0 0.6516544117647058 0.27450980392156865 0.02610294117647059 0.03529411764705882
1.0 0.07224264705882352 0.5526143790849674 0.02022058823529412 0.060784313725490195
4.0 0.5830882352941177 0.16241830065359478 0.01838235294117647 0.03202614379084967
4.0 0.6220588235294118 0.22320261437908498 0.022058823529411766 0.03333333333333333
1.0 0.8408088235294118 0.4745098039215686 0.013970588235294118 0.05228758169934641
1.0 0.8630514705882353 0.4473856209150327 0.01213235294117647 0.042483660130718956
1.0 0.8799632352941177 0.44281045751633985 0.009926470588235294 0.052941176470588235
1.0 0.8880514705882353 0.4372549019607843 0.01213235294117647 0.044444444444444446
4.0 0.609375 0.20098039215686275 0.021691176470588235 0.03071895424836601
0.0 0.02077205882352941 0.5493464052287582 0.04154411764705882 0.15490196078431373
1.0 0.04393382352941176 0.5473856209150327 0.01801470588235294 0.0673202614379085
10.0 0.5255514705882353 0.13758169934640524 0.007720588235294118 0.021568627450980392
0.0 0.9069852941176471 0.469281045751634 0.1801470588235294 0.257516339869281
