1.0 0.5599264705882353 0.6431372549019608 0.013970588235294118 0.06013071895424837
1.0 0.5566176470588236 0.6323529411764706 0.011764705882352941 0.0542483660130719
1.0 0.5575367647058823 0.6588235294117647 0.021691176470588235 0.06013071895424837
1.0 0.5568014705882353 0.615686274509804 0.017279411764705883 0.05228758169934641
1.0 0.5619485294117647 0.6794117647058824 0.017279411764705883 0.0673202614379085
7.0 0.3286764705882353 0.5601307189542484 0.027205882352941177 0.05620915032679739
2.0 0.32591911764705883 0.5650326797385621 0.017279411764705883 0.05032679738562092
1.0 0.14871323529411765 0.43823529411764706 0.015808823529411764 0.05555555555555555
1.0 0.16158088235294119 0.49052287581699344 0.015073529411764706 0.0542483660130719
4.0 0.2088235294117647 0.5212418300653595 0.05367647058823529 0.10130718954248366
6.0 0.23363970588235294 0.39705882352941174 0.07683823529411765 0.18888888888888888
6.0 0.2619485294117647 0.3022875816993464 0.039338235294117646 0.07516339869281045
4.0 0.38143382352941174 0.10326797385620914 0.01948529411764706 0.02875816993464052
7.0 0.6141544117647059 0.43562091503267975 0.02610294117647059 0.045098039215686274
7.0 0.8608455882352941 0.5866013071895425 0.04522058823529412 0.05032679738562092
0.0 0.7681985294117647 0.32450980392156864 0.11948529411764706 0.09084967320261438
7.0 0.789889705882353 0.47287581699346404 0.048161764705882355 0.09215686274509804
5.0 0.7209558823529412 0.4045751633986928 0.05367647058823529 0.06013071895424837
4.0 0.6498161764705882 0.33366013071895423 0.03051470588235294 0.049019607843137254
4.0 0.6354779411764706 0.31470588235294117 0.027573529411764705 0.03986928104575163
4.0 0.6200367647058823 0.2977124183006536 0.031985294117647056 0.03594771241830065
4.0 0.5994485294117647 0.26895424836601306 0.029044117647058824 0.03594771241830065
4.0 0.5295955882352941 0.18006535947712418 0.017279411764705883 0.03071895424836601
4.0 0.5586397058823529 0.21797385620915033 0.020955882352941175 0.03071895424836601
4.0 0.4152573529411765 0.1238562091503268 0.02022058823529412 0.03071895424836601
4.0 0.553125 0.8356209150326798 0.07757352941176471 0.2411764705882353
1.0 0.17738970588235295 0.657516339869281 0.017279411764705883 0.06013071895424837
1.0 0.16893382352941178 0.6794117647058824 0.009191176470588236 0.06601307189542484
1.0 0.16783088235294116 0.6849673202614379 0.015073529411764706 0.07058823529411765
1.0 0.17518382352941175 0.7003267973856209 0.01948529411764706 0.08169934640522876
4.0 0.4525735294117647 0.8787581699346405 0.06470588235294118 0.20718954248366014
4.0 0.48161764705882354 0.5320261437908497 0.03897058823529412 0.0915032679738562
4.0 0.3740808823529412 0.3915032679738562 0.03125 0.06535947712418301
5.0 0.4386029411764706 0.3183006535947712 0.025 0.05228758169934641
4.0 0.36819852941176473 0.18823529411764706 0.02389705882352941 0.03790849673202614
4.0 0.5402573529411765 0.19836601307189541 0.021691176470588235 0.03071895424836601
1.0 0.0744485294117647 0.5709150326797385 0.016544117647058824 0.05163398692810457
1.0 0.096875 0.5552287581699347 0.014338235294117646 0.049019607843137254
1.0 0.1056985294117647 0.5467320261437908 0.013602941176470588 0.05816993464052288
0.0 0.06415441176470588 0.6911764705882353 0.12830882352941175 0.21764705882352942
1.0 0.8983455882352941 0.6709150326797385 0.01948529411764706 0.06601307189542484
1.0 0.9064338235294118 0.680718954248366 0.020955882352941175 0.06601307189542484
2.0 0.6073529411764705 0.4189542483660131 0.015441176470588236 0.032679738562091505
2.0 0.6143382352941177 0.42091503267973857 0.0125 0.02875816993464052
10.0 0.9251838235294118 0.9032679738562092 0.05183823529411765 0.08496732026143791
2.0 0.9264705882352942 0.8915032679738563 0.03308823529411765 0.08104575163398693
10.0 0.49613970588235295 0.22516339869281046 0.007720588235294118 0.021568627450980392
0.0 0.9147058823529411 0.48137254901960785 0.16911764705882354 0.3300653594771242
