1.0 0.17408088235294117 0.6434640522875817 0.014338235294117646 0.060784313725490195
1.0 0.19393382352941177 0.6529411764705882 0.015073529411764706 0.06928104575163399
1.0 0.21599264705882354 0.6686274509803921 0.021691176470588235 0.07320261437908497
1.0 0.2959558823529412 0.6480392156862745 0.01838235294117647 0.06470588235294118
1.0 0.3869485294117647 0.657843137254902 0.017279411764705883 0.07254901960784314
3.0 0.3792279411764706 0.638235294117647 0.06727941176470588 0.0803921568627451
2.0 0.39136029411764706 0.6140522875816994 0.017279411764705883 0.05032679738562092
1.0 0.15496323529411765 0.49084967320261436 0.015808823529411764 0.06013071895424837
1.0 0.009926470588235294 0.5571895424836601 0.013235294117647059 0.05032679738562092
1.0 0.011397058823529411 0.5790849673202615 0.011764705882352941 0.047058823529411764
1.0 0.04191176470588235 0.5473856209150327 0.013235294117647059 0.05816993464052288
1.0 0.05422794117647059 0.5490196078431373 0.01801470588235294 0.06928104575163399
1.0 0.027022058823529413 0.5297385620915033 0.017279411764705883 0.05032679738562092
1.0 0.04834558823529412 0.5022875816993464 0.015073529411764706 0.052941176470588235
1.0 0.09430147058823529 0.5068627450980392 0.013602941176470588 0.06601307189542484
1.0 0.08566176470588235 0.3183006535947712 0.010294117647058823 0.0392156862745098
1.0 0.07205882352941176 0.32483660130718955 0.011764705882352941 0.04183006535947712
1.0 0.10073529411764706 0.30098039215686273 0.011764705882352941 0.03986928104575163
1.0 0.11066176470588235 0.30163398692810456 0.009558823529411765 0.03986928104575163
1.0 0.11452205882352941 0.5303921568627451 0.015808823529411764 0.06209150326797386
1.0 0.17591911764705884 0.44803921568627453 0.015073529411764706 0.0542483660130719
4.0 0.22040441176470588 0.49607843137254903 0.07463235294117647 0.09934640522875816
6.0 0.2525735294117647 0.373202614379085 0.10955882352941176 0.17516339869281045
6.0 0.309375 0.29411764705882354 0.03786764705882353 0.07320261437908497
5.0 0.3295955882352941 0.26666666666666666 0.021691176470588235 0.048366013071895426
1.0 0.34338235294117647 0.22450980392156863 0.004411764705882353 0.024183006535947713
0.0 0.36617647058823527 0.16143790849673204 0.05 0.08104575163398693
4.0 0.46011029411764703 0.17516339869281045 0.01875 0.027450980392156862
4.0 0.564889705882353 0.4852941176470588 0.04522058823529412 0.08169934640522876
4.0 0.549264705882353 0.37450980392156863 0.030147058823529412 0.04967320261437908
5.0 0.5121323529411764 0.2173202614379085 0.01764705882352941 0.038562091503267976
4.0 0.5047794117647059 0.17777777777777778 0.016911764705882352 0.027450980392156862
4.0 0.46875 0.07124183006535947 0.006617647058823529 0.01437908496732026
4.0 0.4783088235294118 0.07058823529411765 0.006617647058823529 0.01045751633986928
0.0 0.4852941176470588 0.03235294117647059 0.051470588235294115 0.05947712418300653
10.0 0.5286764705882353 0.1392156862745098 0.0029411764705882353 0.009150326797385621
7.0 0.5417279411764706 0.19509803921568628 0.011397058823529411 0.02287581699346405
2.0 0.5424632352941177 0.18888888888888888 0.002573529411764706 0.01045751633986928
2.0 0.5448529411764705 0.18888888888888888 0.0029411764705882353 0.009150326797385621
2.0 0.5284926470588235 0.13725490196078433 0.0033088235294117647 0.009150326797385621
1.0 0.8360294117647059 0.6866013071895425 0.014705882352941176 0.06993464052287582
1.0 0.8325367647058823 0.657516339869281 0.02022058823529412 0.06405228758169934
1.0 0.8520220588235294 0.6725490196078432 0.015073529411764706 0.06535947712418301
1.0 0.7891544117647059 0.5843137254901961 0.012867647058823529 0.050980392156862744
1.0 0.7823529411764706 0.5683006535947712 0.013970588235294118 0.0542483660130719
1.0 0.8867647058823529 0.6437908496732027 0.016911764705882352 0.07058823529411765
10.0 0.9193014705882353 0.696078431372549 0.02977941176470588 0.06405228758169934
1.0 0.9068014705882353 0.6457516339869281 0.017279411764705883 0.06274509803921569
1.0 0.8979779411764706 0.6294117647058823 0.016544117647058824 0.06013071895424837
2.0 0.8748161764705882 0.6212418300653595 0.012867647058823529 0.046405228758169936
2.0 0.8670955882352941 0.6147058823529412 0.012867647058823529 0.03594771241830065
7.0 0.8387867647058823 0.6111111111111112 0.039338235294117646 0.058823529411764705
2.0 0.8340073529411764 0.5888888888888889 0.015073529411764706 0.0392156862745098
2.0 0.8483455882352942 0.5908496732026144 0.012867647058823529 0.03529411764705882
2.0 0.8654411764705883 0.5679738562091503 0.01838235294117647 0.048366013071895426
2.0 0.8860294117647058 0.5735294117647058 0.014705882352941176 0.038562091503267976
1.0 0.9117647058823529 0.6401960784313725 0.007352941176470588 0.03594771241830065
1.0 0.9753676470588235 0.7362745098039216 0.013235294117647059 0.06601307189542484
1.0 0.9869485294117647 0.7284313725490196 0.014338235294117646 0.06862745098039216
1.0 0.9318014705882353 0.6264705882352941 0.014338235294117646 0.046405228758169936
1.0 0.5647058823529412 0.10784313725490197 0.003676470588235294 0.01437908496732026
1.0 0.6001838235294118 0.21045751633986928 0.0033088235294117647 0.022222222222222223
1.0 0.6055147058823529 0.20718954248366014 0.005147058823529412 0.022222222222222223
1.0 0.5976102941176471 0.20032679738562092 0.004779411764705883 0.01895424836601307
2.0 0.6316176470588235 0.2957516339869281 0.006617647058823529 0.01895424836601307
10.0 0.631985294117647 0.3045751633986928 0.007352941176470588 0.0196078431372549
1.0 0.6172794117647059 0.20522875816993463 0.004411764705882353 0.022222222222222223
1.0 0.7939338235294118 0.29215686274509806 0.00625 0.03398692810457516
1.0 0.8170955882352942 0.2777777777777778 0.00625 0.030065359477124184
1.0 0.8277573529411765 0.2901960784313726 0.007720588235294118 0.032679738562091505
1.0 0.8125 0.3130718954248366 0.007352941176470588 0.02875816993464052
1.0 0.8097426470588235 0.30130718954248364 0.006985294117647059 0.03529411764705882
1.0 0.7988970588235295 0.3202614379084967 0.008088235294117648 0.03790849673202614
1.0 0.8 0.3480392156862745 0.008088235294117648 0.038562091503267976
1.0 0.7840073529411765 0.2950980392156863 0.00625 0.03071895424836601
1.0 0.7838235294117647 0.3160130718954248 0.008088235294117648 0.038562091503267976
1.0 0.778125 0.29215686274509806 0.00625 0.03137254901960784
1.0 0.7601102941176471 0.31862745098039214 0.008455882352941176 0.03202614379084967
1.0 0.830514705882353 0.36437908496732024 0.010294117647058823 0.03725490196078431
0.0 0.7448529411764706 0.32483660130718955 0.16544117647058823 0.0915032679738562
0.0 0.8411764705882353 0.3826797385620915 0.1676470588235294 0.0934640522875817
0.0 0.9628676470588236 0.5591503267973856 0.07205882352941176 0.2581699346405229
8.0 0.7847426470588236 0.49117647058823527 0.04375 0.08562091503267974
5.0 0.7397058823529412 0.41535947712418303 0.052941176470588235 0.060784313725490195
4.0 0.6871323529411765 0.3415032679738562 0.028676470588235293 0.049019607843137254
5.0 0.6792279411764706 0.3238562091503268 0.02536764705882353 0.03986928104575163
4.0 0.6637867647058824 0.30098039215686273 0.02610294117647059 0.03594771241830065
4.0 0.6520220588235294 0.27483660130718957 0.02610294117647059 0.03594771241830065
1.0 0.07297794117647059 0.5522875816993464 0.02022058823529412 0.06013071895424837
4.0 0.5834558823529412 0.1627450980392157 0.01764705882352941 0.03137254901960784
4.0 0.6227941176470588 0.22320261437908498 0.021323529411764706 0.03202614379084967
1.0 0.8422794117647059 0.47581699346405226 0.013970588235294118 0.05228758169934641
1.0 0.8645220588235294 0.4493464052287582 0.01213235294117647 0.042483660130718956
1.0 0.8818014705882353 0.4434640522875817 0.009926470588235294 0.052941176470588235
1.0 0.8895220588235294 0.4388888888888889 0.01213235294117647 0.045098039215686274
4.0 0.6090073529411765 0.20032679738562092 0.021691176470588235 0.03071895424836601
0.0 0.02261029411764706 0.5480392156862746 0.04522058823529412 0.15490196078431373
1.0 0.043198529411764705 0.5473856209150327 0.01801470588235294 0.0673202614379085
10.0 0.5262867647058823 0.13823529411764707 0.007720588235294118 0.021568627450980392
0.0 0.9068014705882353 0.47091503267973855 0.18051470588235294 0.25947712418300656
