1.0 0.513235294117647 0.6630718954248366 0.013970588235294118 0.05947712418300653
1.0 0.5084558823529411 0.6316993464052287 0.011764705882352941 0.0542483660130719
1.0 0.506985294117647 0.6486928104575164 0.020588235294117647 0.05947712418300653
1.0 0.5347426470588236 0.6120915032679739 0.017279411764705883 0.05163398692810457
1.0 0.5376838235294118 0.6781045751633987 0.016544117647058824 0.07124183006535947
7.0 0.3185661764705882 0.6205882352941177 0.027573529411764705 0.06993464052287582
2.0 0.3200367647058823 0.6316993464052287 0.017279411764705883 0.05032679738562092
1.0 0.178125 0.4388888888888889 0.015808823529411764 0.05555555555555555
1.0 0.19613970588235294 0.46176470588235297 0.015073529411764706 0.0542483660130719
4.0 0.2318014705882353 0.5003267973856209 0.05625 0.08954248366013072
6.0 0.2737132352941177 0.37745098039215685 0.10551470588235294 0.17712418300653596
6.0 0.31930147058823527 0.30163398692810456 0.039338235294117646 0.07516339869281045
4.0 0.47555147058823527 0.11699346405228758 0.01948529411764706 0.02875816993464052
4.0 0.6251838235294118 0.680718954248366 0.07022058823529412 0.12222222222222222
7.0 0.5950367647058824 0.3359477124183007 0.016544117647058824 0.03398692810457516
7.0 0.8674632352941176 0.6218954248366013 0.039338235294117646 0.05816993464052288
0.0 0.7740808823529411 0.346078431372549 0.12242647058823529 0.0934640522875817
7.0 0.8126838235294118 0.4996732026143791 0.04375 0.08562091503267974
5.0 0.763235294117647 0.42287581699346405 0.05367647058823529 0.06013071895424837
4.0 0.7009191176470588 0.346078431372549 0.03051470588235294 0.049019607843137254
4.0 0.6887867647058824 0.3284313725490196 0.02536764705882353 0.03986928104575163
4.0 0.6715073529411765 0.3055555555555556 0.02610294117647059 0.03594771241830065
4.0 0.6579044117647059 0.27875816993464053 0.02610294117647059 0.03594771241830065
4.0 0.5895220588235294 0.1604575163398693 0.017279411764705883 0.03071895424836601
4.0 0.6240808823529411 0.22712418300653595 0.020955882352941175 0.03071895424836601
4.0 0.32886029411764706 0.5245098039215687 0.07169117647058823 0.0934640522875817
5.0 0.49301470588235297 0.48137254901960785 0.03602941176470588 0.08169934640522876
4.0 0.4213235294117647 0.3032679738562091 0.028676470588235293 0.048366013071895426
4.0 0.6115808823529412 0.19705882352941176 0.021691176470588235 0.03071895424836601
0.0 0.06102941176470588 0.5790849673202615 0.12205882352941176 0.20392156862745098
2.0 0.590625 0.32254901960784316 0.010661764705882353 0.020261437908496733
2.0 0.5943014705882353 0.32254901960784316 0.008455882352941176 0.020261437908496733
10.0 0.7338235294117647 0.5666666666666667 0.01764705882352941 0.03790849673202614
2.0 0.734375 0.5581699346405229 0.013602941176470588 0.043137254901960784
10.0 0.5476102941176471 0.1931372549019608 0.007720588235294118 0.021568627450980392
0.0 0.919485294117647 0.5290849673202614 0.15955882352941175 0.3431372549019608
