1.0 0.13933823529411765 0.6447712418300654 0.01911764705882353 0.06209150326797386
1.0 0.15496323529411765 0.6581699346405229 0.016544117647058824 0.08104575163398693
1.0 0.17536764705882352 0.6679738562091503 0.01838235294117647 0.06797385620915032
1.0 0.2566176470588235 0.6372549019607843 0.01911764705882353 0.06928104575163399
1.0 0.35661764705882354 0.6516339869281046 0.01764705882352941 0.07581699346405228
3.0 0.44926470588235295 0.6526143790849673 0.0713235294117647 0.06339869281045751
2.0 0.46433823529411766 0.634313725490196 0.015441176470588236 0.04771241830065359
1.0 0.15496323529411765 0.4980392156862745 0.016544117647058824 0.06405228758169934
1.0 0.011397058823529411 0.5807189542483661 0.0125 0.04771241830065359
1.0 0.02738970588235294 0.5480392156862746 0.014338235294117646 0.05816993464052288
1.0 0.04650735294117647 0.5568627450980392 0.015808823529411764 0.07058823529411765
1.0 0.019669117647058823 0.5300653594771242 0.017279411764705883 0.04967320261437908
1.0 0.04632352941176471 0.5026143790849673 0.015441176470588236 0.05359477124183006
1.0 0.08713235294117647 0.5084967320261438 0.013235294117647059 0.06535947712418301
1.0 0.08455882352941177 0.3084967320261438 0.009558823529411765 0.03790849673202614
1.0 0.07022058823529412 0.3173202614379085 0.0125 0.041176470588235294
1.0 0.09889705882352941 0.2977124183006536 0.0125 0.03986928104575163
1.0 0.10974264705882353 0.2957516339869281 0.009191176470588236 0.03986928104575163
1.0 0.11286764705882353 0.5290849673202614 0.015441176470588236 0.060784313725490195
1.0 0.17426470588235293 0.4454248366013072 0.014705882352941176 0.052941176470588235
4.0 0.2457720588235294 0.47581699346405226 0.06801470588235294 0.09019607843137255
6.0 0.2511029411764706 0.37254901960784315 0.10147058823529412 0.16862745098039217
6.0 0.30569852941176473 0.29183006535947714 0.03125 0.06601307189542484
5.0 0.32591911764705883 0.2679738562091503 0.010661764705882353 0.048366013071895426
1.0 0.34871323529411763 0.22418300653594772 0.004779411764705883 0.022222222222222223
0.0 0.36617647058823527 0.16143790849673204 0.05 0.08104575163398693
4.0 0.45073529411764707 0.18496732026143792 0.016176470588235296 0.023529411764705882
4.0 0.5380514705882353 0.39052287581699346 0.03125 0.06209150326797386
4.0 0.5316176470588235 0.31666666666666665 0.023529411764705882 0.045098039215686274
5.0 0.5033088235294118 0.18594771241830066 0.015441176470588236 0.03725490196078431
4.0 0.49411764705882355 0.15718954248366013 0.013235294117647059 0.020261437908496733
4.0 0.459375 0.0738562091503268 0.008455882352941176 0.013071895424836602
4.0 0.46948529411764706 0.07287581699346406 0.006617647058823529 0.00980392156862745
0.0 0.4786764705882353 0.036601307189542485 0.051470588235294115 0.06013071895424837
10.0 0.5194852941176471 0.13202614379084968 0.003676470588235294 0.009150326797385621
7.0 0.533639705882353 0.1869281045751634 0.008455882352941176 0.01568627450980392
2.0 0.5314338235294118 0.17614379084967322 0.0033088235294117647 0.00980392156862745
2.0 0.5345588235294118 0.17647058823529413 0.003676470588235294 0.009150326797385621
2.0 0.5198529411764706 0.13300653594771242 0.003676470588235294 0.00980392156862745
1.0 0.805514705882353 0.681045751633987 0.01911764705882353 0.06928104575163399
1.0 0.8075367647058823 0.6490196078431373 0.02022058823529412 0.06405228758169934
1.0 0.8341911764705883 0.6663398692810457 0.016911764705882352 0.06339869281045751
1.0 0.7841911764705882 0.5849673202614379 0.010294117647058823 0.05359477124183006
1.0 0.7790441176470588 0.5669934640522876 0.013235294117647059 0.05032679738562092
1.0 0.893014705882353 0.6405228758169934 0.016911764705882352 0.07058823529411765
10.0 0.9193014705882353 0.696078431372549 0.02977941176470588 0.06405228758169934
1.0 0.9053308823529411 0.634313725490196 0.017279411764705883 0.06209150326797386
1.0 0.899264705882353 0.6215686274509804 0.016176470588235296 0.06013071895424837
2.0 0.8748161764705882 0.6212418300653595 0.012867647058823529 0.046405228758169936
2.0 0.8670955882352941 0.6147058823529412 0.012867647058823529 0.03594771241830065
7.0 0.8398897058823529 0.6107843137254902 0.040808823529411765 0.060784313725490195
2.0 0.8340073529411764 0.5836601307189543 0.015073529411764706 0.0392156862745098
2.0 0.8483455882352942 0.5859477124183007 0.012867647058823529 0.03594771241830065
2.0 0.8654411764705883 0.5594771241830065 0.01838235294117647 0.048366013071895426
2.0 0.8838235294117647 0.5696078431372549 0.015441176470588236 0.03986928104575163
1.0 0.924264705882353 0.619281045751634 0.007352941176470588 0.03594771241830065
1.0 0.9566176470588236 0.6993464052287581 0.013235294117647059 0.06535947712418301
1.0 0.9619485294117647 0.6908496732026144 0.014338235294117646 0.06928104575163399
1.0 0.9637867647058823 0.6218954248366013 0.014338235294117646 0.046405228758169936
1.0 0.5564338235294117 0.10620915032679738 0.004044117647058824 0.013725490196078431
1.0 0.591360294117647 0.2088235294117647 0.004044117647058824 0.021568627450980392
1.0 0.5977941176470588 0.2022875816993464 0.004411764705882353 0.024183006535947713
1.0 0.5893382352941177 0.19705882352941176 0.004411764705882353 0.01895424836601307
2.0 0.6204044117647058 0.26633986928104575 0.006985294117647059 0.01895424836601307
10.0 0.6204044117647058 0.27712418300653596 0.007720588235294118 0.0196078431372549
1.0 0.6104779411764706 0.20065359477124184 0.004779411764705883 0.022222222222222223
1.0 0.7851102941176471 0.2875816993464052 0.007720588235294118 0.032679738562091505
1.0 0.809375 0.2751633986928105 0.00625 0.02875816993464052
1.0 0.8204044117647059 0.28627450980392155 0.007720588235294118 0.032679738562091505
1.0 0.8029411764705883 0.3003267973856209 0.006617647058823529 0.03333333333333333
1.0 0.7983455882352941 0.2928104575163399 0.00625 0.03398692810457516
1.0 0.7919117647058823 0.31241830065359477 0.007352941176470588 0.03790849673202614
1.0 0.7878676470588235 0.3411764705882353 0.006617647058823529 0.03790849673202614
1.0 0.7729779411764706 0.28660130718954246 0.006985294117647059 0.03071895424836601
1.0 0.7761029411764706 0.3130718954248366 0.008088235294117648 0.0392156862745098
1.0 0.7645220588235294 0.2849673202614379 0.00625 0.032679738562091505
1.0 0.7545955882352942 0.3160130718954248 0.008455882352941176 0.03202614379084967
1.0 0.8147058823529412 0.34901960784313724 0.010294117647058823 0.03790849673202614
0.0 0.7382352941176471 0.32745098039215687 0.13014705882352942 0.08888888888888889
0.0 0.8316176470588236 0.3810457516339869 0.14852941176470588 0.08366013071895424
0.0 0.9628676470588236 0.5591503267973856 0.07205882352941176 0.2581699346405229
8.0 0.784375 0.48366013071895425 0.04301470588235294 0.08888888888888889
5.0 0.7375 0.4140522875816993 0.045588235294117645 0.06862745098039216
4.0 0.6825367647058823 0.3392156862745098 0.02389705882352941 0.04967320261437908
5.0 0.674264705882353 0.3176470588235294 0.02426470588235294 0.03790849673202614
4.0 0.6602941176470588 0.2983660130718954 0.026470588235294117 0.03725490196078431
4.0 0.6457720588235294 0.27091503267973854 0.026838235294117645 0.034640522875816995
1.0 0.06727941176470588 0.5532679738562092 0.020588235294117647 0.06601307189542484
4.0 0.5801470588235295 0.1591503267973856 0.022794117647058822 0.038562091503267976
4.0 0.6165441176470589 0.22287581699346407 0.027205882352941177 0.044444444444444446
1.0 0.8419117647058824 0.4699346405228758 0.013970588235294118 0.05228758169934641
1.0 0.8573529411764705 0.4415032679738562 0.011764705882352941 0.042483660130718956
1.0 0.8735294117647059 0.43856209150326797 0.009558823529411765 0.05228758169934641
1.0 0.8805147058823529 0.4326797385620915 0.011764705882352941 0.044444444444444446
4.0 0.6009191176470589 0.1957516339869281 0.021691176470588235 0.03071895424836601
0.0 0.017830882352941176 0.5277777777777778 0.03566176470588235 0.1954248366013072
10.0 0.5196691176470588 0.13104575163398693 0.007720588235294118 0.021568627450980392
0.0 0.909375 0.4467320261437909 0.1738970588235294 0.23071895424836603
