1.0 0.2691176470588235 0.64640522875817 0.013970588235294118 0.06013071895424837
1.0 0.29761029411764706 0.6437908496732027 0.015073529411764706 0.06797385620915032
1.0 0.309375 0.6643790849673202 0.021691176470588235 0.0738562091503268
1.0 0.4128676470588235 0.6222222222222222 0.01838235294117647 0.06405228758169934
1.0 0.4652573529411765 0.6624183006535947 0.014338235294117646 0.07254901960784314
7.0 0.2676470588235294 0.6222222222222222 0.03161764705882353 0.08366013071895424
2.0 0.2733455882352941 0.6277777777777778 0.017279411764705883 0.05032679738562092
1.0 0.13290441176470588 0.4702614379084967 0.015808823529411764 0.05555555555555555
1.0 0.015441176470588236 0.5761437908496732 0.019852941176470587 0.06862745098039216
1.0 0.07040441176470588 0.5101307189542483 0.017279411764705883 0.06470588235294118
1.0 0.09503676470588235 0.5330065359477124 0.012867647058823529 0.06209150326797386
1.0 0.15900735294117646 0.45326797385620915 0.015073529411764706 0.0542483660130719
4.0 0.14172794117647058 0.5434640522875817 0.07463235294117647 0.10130718954248366
6.0 0.2431985294117647 0.3735294117647059 0.11139705882352942 0.17712418300653596
6.0 0.3005514705882353 0.29248366013071897 0.039338235294117646 0.07516339869281045
5.0 0.3229779411764706 0.2656862745098039 0.023161764705882354 0.04771241830065359
4.0 0.4681985294117647 0.14575163398692811 0.01948529411764706 0.02875816993464052
4.0 0.6211397058823529 0.8166666666666667 0.07095588235294117 0.15098039215686274
5.0 0.5275735294117647 0.40784313725490196 0.03235294117647059 0.06797385620915032
4.0 0.506985294117647 0.2722222222222222 0.023529411764705882 0.03986928104575163
7.0 0.5443014705882353 0.2388888888888889 0.012867647058823529 0.02679738562091503
1.0 0.7814338235294118 0.5696078431372549 0.015073529411764706 0.049019607843137254
1.0 0.7696691176470588 0.553921568627451 0.015073529411764706 0.05816993464052288
7.0 0.8193014705882353 0.6140522875816994 0.039338235294117646 0.05816993464052288
0.0 0.7621323529411764 0.330718954248366 0.14191176470588235 0.09281045751633987
7.0 0.771875 0.48856209150326796 0.04375 0.08562091503267974
5.0 0.7286764705882353 0.4150326797385621 0.05367647058823529 0.06013071895424837
4.0 0.6770220588235294 0.34477124183006536 0.029044117647058824 0.049019607843137254
4.0 0.6667279411764706 0.32189542483660133 0.02536764705882353 0.03986928104575163
4.0 0.6556985294117647 0.30359477124183004 0.02610294117647059 0.03594771241830065
4.0 0.6428308823529412 0.27418300653594774 0.02610294117647059 0.03594771241830065
1.0 0.053125 0.553921568627451 0.022426470588235294 0.05947712418300653
4.0 0.5825367647058823 0.16176470588235295 0.017279411764705883 0.03071895424836601
4.0 0.6134191176470588 0.22450980392156863 0.020955882352941175 0.03071895424836601
5.0 0.42371323529411764 0.8032679738562092 0.05772058823529412 0.18169934640522875
4.0 0.18731617647058824 0.5996732026143791 0.09301470588235294 0.11045751633986928
4.0 0.6005514705882353 0.20032679738562092 0.021691176470588235 0.03071895424836601
0.0 0.004595588235294118 0.5441176470588235 0.009191176470588236 0.15490196078431373
10.0 0.6454044117647059 0.3718954248366013 0.009926470588235294 0.032679738562091505
2.0 0.6450367647058823 0.36503267973856207 0.01213235294117647 0.03071895424836601
1.0 0.02849264705882353 0.5480392156862746 0.01801470588235294 0.0673202614379085
10.0 0.528860294117647 0.1591503267973856 0.007720588235294118 0.021568627450980392
0.0 0.9005514705882353 0.5415032679738562 0.1974264705882353 0.3431372549019608
