1.0 0.6970588235294117 0.46013071895424834 0.013970588235294118 0.06013071895424837
1.0 0.6827205882352941 0.45130718954248367 0.011764705882352941 0.0542483660130719
1.0 0.7119485294117647 0.46601307189542485 0.021691176470588235 0.06013071895424837
1.0 0.6810661764705882 0.44836601307189544 0.01948529411764706 0.05228758169934641
1.0 0.7652573529411765 0.4977124183006536 0.015073529411764706 0.056862745098039215
1.0 0.1806985294117647 0.507516339869281 0.016544117647058824 0.06339869281045751
4.0 0.26176470588235295 0.527124183006536 0.05367647058823529 0.10130718954248366
7.0 0.8318014705882353 0.4349673202614379 0.04522058823529412 0.05032679738562092
0.0 0.6998161764705882 0.269281045751634 0.2908088235294118 0.09803921568627451
7.0 0.7240808823529412 0.36764705882352944 0.04522058823529412 0.07124183006535947
5.0 0.6441176470588236 0.32745098039215687 0.05367647058823529 0.06013071895424837
4.0 0.5409926470588236 0.27875816993464053 0.03272058823529412 0.045098039215686274
4.0 0.5332720588235295 0.3839869281045752 0.06213235294117647 0.06209150326797386
4.0 0.5424632352941177 0.5290849673202614 0.07977941176470588 0.0869281045751634
4.0 0.4514705882352941 0.3931372549019608 0.06691176470588235 0.10130718954248366
1.0 0.5744485294117647 0.5973856209150327 0.014338235294117646 0.06013071895424837
1.0 0.5823529411764706 0.6081699346405228 0.009558823529411765 0.06601307189542484
1.0 0.5943014705882353 0.6137254901960785 0.015073529411764706 0.07058823529411765
1.0 0.6009191176470589 0.6078431372549019 0.01948529411764706 0.08235294117647059
4.0 0.31433823529411764 0.307843137254902 0.05367647058823529 0.06013071895424837
1.0 0.9204044117647059 0.5143790849673202 0.01875 0.06405228758169934
1.0 0.8827205882352941 0.49836601307189543 0.020588235294117647 0.0738562091503268
1.0 0.8707720588235294 0.5032679738562091 0.01948529411764706 0.048366013071895426
1.0 0.8623161764705882 0.49117647058823527 0.017279411764705883 0.05816993464052288
10.0 0.5161764705882353 0.5983660130718954 0.03602941176470588 0.05032679738562092
2.0 0.5167279411764706 0.5797385620915033 0.01948529411764706 0.05620915032679739
1.0 0.13731617647058825 0.7604575163398692 0.02022058823529412 0.09215686274509804
1.0 0.16819852941176472 0.6931372549019608 0.01875 0.0803921568627451
1.0 0.20716911764705884 0.6068627450980392 0.015073529411764706 0.07647058823529412
1.0 0.1454044117647059 0.6604575163398693 0.020955882352941175 0.07908496732026143
1.0 0.14025735294117647 0.7166666666666667 0.021691176470588235 0.09607843137254903
1.0 0.17261029411764706 0.6388888888888888 0.020955882352941175 0.07254901960784314
1.0 0.16176470588235295 0.6251633986928105 0.01838235294117647 0.07124183006535947
1.0 0.12518382352941176 0.6663398692810457 0.01875 0.08169934640522876
1.0 0.06966911764705883 0.7107843137254902 0.020955882352941175 0.0738562091503268
1.0 0.09466911764705882 0.6866013071895425 0.02610294117647059 0.07124183006535947
1.0 0.14356617647058822 0.6447712418300654 0.021691176470588235 0.07908496732026143
1.0 0.13988970588235294 0.6251633986928105 0.015073529411764706 0.06339869281045751
2.0 0.04797794117647059 0.6624183006535947 0.01801470588235294 0.05032679738562092
1.0 0.1479779411764706 0.5042483660130719 0.016544117647058824 0.049019607843137254
1.0 0.14136029411764706 0.4915032679738562 0.014338235294117646 0.047058823529411764
1.0 0.14981617647058823 0.4741830065359477 0.015073529411764706 0.05032679738562092
10.0 0.0994485294117647 0.7637254901960784 0.020955882352941175 0.08169934640522876
1.0 0.15165441176470587 0.6127450980392157 0.02022058823529412 0.06993464052287582
1.0 0.7571691176470589 0.5486928104575164 0.014338235294117646 0.056862745098039215
1.0 0.7773897058823529 0.55 0.015808823529411764 0.060784313725490195
10.0 0.5145220588235294 0.32973856209150326 0.01801470588235294 0.03725490196078431
0.0 0.9233455882352941 0.34673202614379084 0.15183823529411763 0.22156862745098038
0.0 0.7981617647058824 0.3656862745098039 0.10073529411764706 0.09607843137254903
