10.0 0.6577380952380952 0.6613756613756614 0.017857142857142856 0.0291005291005291
10.0 0.6863839285714286 0.6461640211640212 0.021577380952380952 0.027777777777777776
4.0 0.39099702380952384 0.9576719576719577 0.04836309523809524 0.06878306878306878
4.0 0.39099702380952384 0.8716931216931217 0.05282738095238095 0.08994708994708994
4.0 0.3950892857142857 0.75 0.03571428571428571 0.07407407407407407
10.0 0.44047619047619047 0.8253968253968254 0.01636904761904762 0.05555555555555555
10.0 0.44642857142857145 0.7328042328042328 0.01636904761904762 0.0582010582010582
10.0 0.3084077380952381 0.5727513227513228 0.014136904761904762 0.03968253968253968
4.0 0.41555059523809523 0.5357142857142857 0.05580357142857143 0.05026455026455026
0.0 0.38244047619047616 0.20965608465608465 0.02976190476190476 0.12566137566137567
8.0 0.7392113095238095 0.591931216931217 0.03794642857142857 0.046296296296296294
10.0 0.5476190476190477 0.5687830687830688 0.022321428571428572 0.0291005291005291
7.0 0.3132440476190476 0.4576719576719577 0.03125 0.031746031746031744
10.0 0.7719494047619048 0.591931216931217 0.03050595238095238 0.05423280423280423
7.0 0.3898809523809524 0.32605820105820105 0.01636904761904762 0.03306878306878307
4.0 0.35453869047619047 0.4060846560846561 0.020089285714285716 0.031746031746031744
4.0 0.35900297619047616 0.3862433862433862 0.018601190476190476 0.026455026455026454
8.0 0.26450892857142855 0.40145502645502645 0.027529761904761904 0.03306878306878307
10.0 0.41517857142857145 0.373015873015873 0.013392857142857142 0.026455026455026454
2.0 0.32254464285714285 0.5462962962962963 0.014136904761904762 0.031746031746031744
0.0 0.3072916666666667 0.4193121693121693 0.043154761904761904 0.08994708994708994
10.0 0.3932291666666667 0.3974867724867725 0.012648809523809524 0.02513227513227513
10.0 0.4029017857142857 0.4226190476190476 0.012648809523809524 0.027777777777777776
4.0 0.5252976190476191 0.3697089947089947 0.01636904761904762 0.03306878306878307
5.0 0.45349702380952384 0.35185185185185186 0.033482142857142856 0.026455026455026454
10.0 0.5837053571428571 0.5376984126984127 0.023065476190476192 0.03042328042328042
10.0 0.4884672619047619 0.7691798941798942 0.01711309523809524 0.04894179894179894
8.0 0.5126488095238095 0.8630952380952381 0.026785714285714284 0.09391534391534391
7.0 0.4758184523809524 0.6732804232804233 0.020089285714285716 0.05291005291005291
1.0 0.33891369047619047 0.6428571428571429 0.01711309523809524 0.047619047619047616
10.0 0.5 0.6554232804232805 0.010416666666666666 0.041005291005291
10.0 0.5163690476190477 0.6521164021164021 0.011904761904761904 0.05026455026455026
7.0 0.45424107142857145 0.5952380952380952 0.04836309523809524 0.09523809523809523
8.0 0.8098958333333334 0.6302910052910053 0.04538690476190476 0.05952380952380952
4.0 0.6648065476190477 0.533068783068783 0.05580357142857143 0.03968253968253968
10.0 0.4185267857142857 0.5502645502645502 0.01711309523809524 0.037037037037037035
4.0 0.7879464285714286 0.5370370370370371 0.06398809523809523 0.047619047619047616
10.0 0.32328869047619047 0.4808201058201058 0.027529761904761904 0.041005291005291
1.0 0.2697172619047619 0.4801587301587302 0.011160714285714286 0.03439153439153439
10.0 0.375 0.3531746031746032 0.011904761904761904 0.021164021164021163
10.0 0.42745535714285715 0.455026455026455 0.014136904761904762 0.04497354497354497
4.0 0.41183035714285715 0.35912698412698413 0.012648809523809524 0.02513227513227513
8.0 0.5926339285714286 0.4914021164021164 0.031994047619047616 0.046296296296296294
4.0 0.5286458333333334 0.35383597883597884 0.024553571428571428 0.022486772486772486
4.0 0.5412946428571429 0.35714285714285715 0.026041666666666668 0.0291005291005291
6.0 0.5606398809523809 0.35648148148148145 0.033482142857142856 0.03835978835978836
4.0 0.5829613095238095 0.36706349206349204 0.024553571428571428 0.027777777777777776
4.0 0.5963541666666666 0.37103174603174605 0.027529761904761904 0.027777777777777776
5.0 0.6153273809523809 0.37367724867724866 0.03422619047619048 0.03042328042328042
4.0 0.640625 0.37962962962962965 0.02976190476190476 0.0291005291005291
5.0 0.47358630952380953 0.3862433862433862 0.031994047619047616 0.037037037037037035
4.0 0.4817708333333333 0.4021164021164021 0.03050595238095238 0.037037037037037035
5.0 0.49888392857142855 0.4074074074074074 0.034970238095238096 0.031746031746031744
5.0 0.5249255952380952 0.41534391534391535 0.023065476190476192 0.03968253968253968
5.0 0.7206101190476191 0.5132275132275133 0.04985119047619048 0.042328042328042326
4.0 0.6700148809523809 0.42592592592592593 0.021577380952380952 0.03968253968253968
5.0 0.7109375 0.44113756613756616 0.04241071428571429 0.03571428571428571
6.0 0.8136160714285714 0.5171957671957672 0.07068452380952381 0.047619047619047616
10.0 0.5840773809523809 0.9232804232804233 0.017857142857142856 0.06878306878306878
10.0 0.4114583333333333 0.3915343915343915 0.013392857142857142 0.0291005291005291
4.0 0.49032738095238093 0.3458994708994709 0.02976190476190476 0.027777777777777776
