4.0 0.4959077380952381 0.7361111111111112 0.04092261904761905 0.09391534391534391
4.0 0.4029017857142857 0.6574074074074074 0.027529761904761904 0.07671957671957672
10.0 0.5394345238095238 0.7142857142857143 0.013392857142857142 0.05026455026455026
10.0 0.6324404761904762 0.9477513227513228 0.013392857142857142 0.056878306878306875
4.0 0.47619047619047616 0.6507936507936508 0.03273809523809524 0.06878306878306878
5.0 0.47544642857142855 0.591931216931217 0.03273809523809524 0.06481481481481481
7.0 0.5409226190476191 0.6640211640211641 0.01488095238095238 0.04497354497354497
10.0 0.5018601190476191 0.5357142857142857 0.015625 0.026455026455026454
4.0 0.4713541666666667 0.53505291005291 0.024553571428571428 0.04894179894179894
4.0 0.47061011904761907 0.5 0.020089285714285716 0.047619047619047616
4.0 0.4680059523809524 0.4656084656084656 0.017857142857142856 0.037037037037037035
10.0 0.5580357142857143 0.5985449735449735 0.013392857142857142 0.03835978835978836
1.0 0.15327380952380953 0.7612433862433863 0.017857142857142856 0.06746031746031746
4.0 0.49069940476190477 0.3578042328042328 0.03794642857142857 0.02513227513227513
0.0 0.4486607142857143 0.2003968253968254 0.022321428571428572 0.0992063492063492
4.0 0.29575892857142855 0.43915343915343913 0.06770833333333333 0.05291005291005291
4.0 0.4334077380952381 0.31547619047619047 0.014136904761904762 0.02513227513227513
4.0 0.43526785714285715 0.3048941798941799 0.01488095238095238 0.027777777777777776
4.0 0.45349702380952384 0.2724867724867725 0.015625 0.026455026455026454
10.0 0.17633928571428573 0.7076719576719577 0.044642857142857144 0.042328042328042326
8.0 0.5331101190476191 0.5443121693121693 0.023065476190476192 0.06746031746031746
10.0 0.4895833333333333 0.3644179894179894 0.00744047619047619 0.027777777777777776
10.0 0.5085565476190477 0.3994708994708995 0.012648809523809524 0.03968253968253968
0.0 0.25930059523809523 0.36904761904761907 0.07217261904761904 0.10317460317460317
10.0 0.5543154761904762 0.8591269841269841 0.019345238095238096 0.07275132275132275
7.0 0.5081845238095238 0.5079365079365079 0.017857142857142856 0.03439153439153439
10.0 0.5412946428571429 0.49272486772486773 0.00818452380952381 0.03306878306878307
10.0 0.5334821428571429 0.5826719576719577 0.011904761904761904 0.04365079365079365
7.0 0.5085565476190477 0.43452380952380953 0.023065476190476192 0.06746031746031746
10.0 0.5104166666666666 0.38955026455026454 0.01488095238095238 0.04365079365079365
4.0 0.6681547619047619 0.328042328042328 0.019345238095238096 0.0291005291005291
