10.0 0.5509672619047619 0.623015873015873 0.011160714285714286 0.031746031746031744
4.0 0.421875 0.9398148148148148 0.046130952380952384 0.10978835978835978
5.0 0.42485119047619047 0.8141534391534392 0.043154761904761904 0.11507936507936507
7.0 0.49702380952380953 0.7427248677248677 0.01488095238095238 0.04894179894179894
10.0 0.5784970238095238 0.580026455026455 0.021577380952380952 0.027777777777777776
4.0 0.4211309523809524 0.7103174603174603 0.03422619047619048 0.07671957671957672
4.0 0.4192708333333333 0.6415343915343915 0.03050595238095238 0.06349206349206349
4.0 0.41555059523809523 0.6111111111111112 0.023065476190476192 0.05291005291005291
10.0 0.46726190476190477 0.7466931216931217 0.01636904761904762 0.056878306878306875
0.0 0.10379464285714286 0.6633597883597884 0.061755952380952384 0.11243386243386243
0.0 0.15773809523809523 0.7043650793650794 0.03571428571428571 0.07804232804232804
7.0 0.26450892857142855 0.7685185185185185 0.03050595238095238 0.07407407407407407
0.0 0.39360119047619047 0.21626984126984128 0.022321428571428572 0.0992063492063492
8.0 0.5334821428571429 0.47685185185185186 0.026785714285714284 0.03571428571428571
10.0 0.36755952380952384 0.4708994708994709 0.019345238095238096 0.021164021164021163
10.0 0.4010416666666667 0.4656084656084656 0.019345238095238096 0.0291005291005291
4.0 0.16852678571428573 0.578042328042328 0.06770833333333333 0.05026455026455026
7.0 0.4226190476190476 0.33796296296296297 0.01636904761904762 0.03306878306878307
4.0 0.37797619047619047 0.36243386243386244 0.017857142857142856 0.026455026455026454
4.0 0.3794642857142857 0.3478835978835979 0.017857142857142856 0.026455026455026454
10.0 0.44047619047619047 0.3888888888888889 0.013392857142857142 0.026455026455026454
0.0 0.12462797619047619 0.4417989417989418 0.06473214285714286 0.1164021164021164
2.0 0.36607142857142855 0.414021164021164 0.011904761904761904 0.026455026455026454
4.0 0.5252976190476191 0.3683862433862434 0.01636904761904762 0.03306878306878307
5.0 0.4642857142857143 0.3220899470899471 0.03125 0.027777777777777776
10.0 0.6640625 0.453042328042328 0.023065476190476192 0.03042328042328042
10.0 0.4713541666666667 0.6805555555555556 0.018601190476190476 0.051587301587301584
8.0 0.5260416666666666 0.7982804232804233 0.026785714285714284 0.09391534391534391
7.0 0.47619047619047616 0.578042328042328 0.017857142857142856 0.03439153439153439
10.0 0.49776785714285715 0.5608465608465608 0.008928571428571428 0.037037037037037035
10.0 0.5145089285714286 0.5634920634920635 0.012648809523809524 0.04497354497354497
7.0 0.4680059523809524 0.5152116402116402 0.028273809523809524 0.07539682539682539
10.0 0.4557291666666667 0.43452380952380953 0.015625 0.04365079365079365
4.0 0.4330357142857143 0.32275132275132273 0.01488095238095238 0.026455026455026454
4.0 0.5316220238095238 0.32076719576719576 0.024553571428571428 0.022486772486772486
4.0 0.5427827380952381 0.32407407407407407 0.026041666666666668 0.021164021164021163
5.0 0.48623511904761907 0.3439153439153439 0.03050595238095238 0.03439153439153439
4.0 0.49107142857142855 0.3584656084656085 0.028273809523809524 0.03439153439153439
5.0 0.5063244047619048 0.36574074074074076 0.027529761904761904 0.03306878306878307
5.0 0.6875 0.4444444444444444 0.047619047619047616 0.042328042328042326
4.0 0.6502976190476191 0.3783068783068783 0.022321428571428572 0.0291005291005291
5.0 0.6852678571428571 0.38492063492063494 0.03571428571428571 0.03439153439153439
10.0 0.5372023809523809 0.876984126984127 0.017857142857142856 0.06878306878306878
4.0 0.4966517857142857 0.31415343915343913 0.026041666666666668 0.02513227513227513
