10.0 0.6116071428571429 0.6421957671957672 0.01488095238095238 0.03042328042328042
5.0 0.40922619047619047 0.9503968253968254 0.05505952380952381 0.09391534391534391
7.0 0.49367559523809523 0.8247354497354498 0.014136904761904762 0.056878306878306875
10.0 0.6402529761904762 0.6170634920634921 0.021577380952380952 0.027777777777777776
4.0 0.40625 0.8333333333333334 0.043154761904761904 0.10052910052910052
4.0 0.4010416666666667 0.7308201058201058 0.03125 0.06481481481481481
4.0 0.40327380952380953 0.6693121693121693 0.026785714285714284 0.06878306878306878
10.0 0.4523809523809524 0.7652116402116402 0.01636904761904762 0.056878306878306875
0.0 0.08258928571428571 0.8432539682539683 0.03571428571428571 0.07804232804232804
7.0 0.21726190476190477 0.9173280423280423 0.03571428571428571 0.09391534391534391
10.0 0.37016369047619047 0.5436507936507936 0.014136904761904762 0.03968253968253968
4.0 0.47842261904761907 0.48214285714285715 0.049107142857142856 0.03835978835978836
0.0 0.3865327380952381 0.22420634920634921 0.024553571428571428 0.10714285714285714
8.0 0.6372767857142857 0.5337301587301587 0.031994047619047616 0.041005291005291
10.0 0.3005952380952381 0.5985449735449735 0.011904761904761904 0.03306878306878307
10.0 0.47470238095238093 0.5119047619047619 0.022321428571428572 0.0291005291005291
7.0 0.4069940476190476 0.4365079365079365 0.03125 0.031746031746031744
7.0 0.4017857142857143 0.3326719576719577 0.01636904761904762 0.03306878306878307
4.0 0.36495535714285715 0.38492063492063494 0.018601190476190476 0.0291005291005291
4.0 0.36867559523809523 0.36507936507936506 0.018601190476190476 0.026455026455026454
8.0 0.2845982142857143 0.3802910052910053 0.024553571428571428 0.03042328042328042
10.0 0.4322916666666667 0.38095238095238093 0.013392857142857142 0.026455026455026454
0.0 0.06994047619047619 0.458994708994709 0.047619047619047616 0.1111111111111111
2.0 0.34375 0.4722222222222222 0.011904761904761904 0.026455026455026454
0.0 0.3244047619047619 0.3941798941798942 0.043154761904761904 0.08994708994708994
4.0 0.5252976190476191 0.3697089947089947 0.01636904761904762 0.03306878306878307
10.0 0.6350446428571429 0.47156084656084657 0.023065476190476192 0.03042328042328042
10.0 0.48660714285714285 0.7202380952380952 0.020833333333333332 0.051587301587301584
8.0 0.5215773809523809 0.8048941798941799 0.026785714285714284 0.09391534391534391
7.0 0.4773065476190476 0.6203703703703703 0.01711309523809524 0.042328042328042326
10.0 0.49888392857142855 0.6150793650793651 0.009672619047619048 0.03968253968253968
10.0 0.5152529761904762 0.6137566137566137 0.012648809523809524 0.047619047619047616
7.0 0.46205357142857145 0.548941798941799 0.03125 0.07671957671957672
4.0 0.7034970238095238 0.49603174603174605 0.04836309523809524 0.03439153439153439
10.0 0.42224702380952384 0.5125661375661376 0.015625 0.03835978835978836
10.0 0.44047619047619047 0.44576719576719576 0.01488095238095238 0.04497354497354497
4.0 0.4255952380952381 0.33994708994708994 0.01488095238095238 0.026455026455026454
4.0 0.5316220238095238 0.33664021164021163 0.024553571428571428 0.022486772486772486
4.0 0.5427827380952381 0.3425925925925926 0.024553571428571428 0.026455026455026454
6.0 0.5584077380952381 0.3425925925925926 0.033482142857142856 0.037037037037037035
4.0 0.5796130952380952 0.3492063492063492 0.025297619047619048 0.026455026455026454
4.0 0.5904017857142857 0.35383597883597884 0.026041666666666668 0.027777777777777776
4.0 0.6101190476190477 0.35648148148148145 0.03571428571428571 0.03042328042328042
4.0 0.6320684523809523 0.3584656084656085 0.029017857142857144 0.0291005291005291
5.0 0.48214285714285715 0.36507936507936506 0.02976190476190476 0.03439153439153439
4.0 0.4895833333333333 0.38227513227513227 0.028273809523809524 0.037037037037037035
5.0 0.5226934523809523 0.39285714285714285 0.024553571428571428 0.03439153439153439
5.0 0.7038690476190477 0.4775132275132275 0.047619047619047616 0.042328042328042326
4.0 0.6584821428571429 0.4001322751322751 0.022321428571428572 0.03306878306878307
5.0 0.6960565476190477 0.41335978835978837 0.04092261904761905 0.03571428571428571
10.0 0.546875 0.8637566137566137 0.017857142857142856 0.06878306878306878
