4.0 0.47433035714285715 0.8128306878306878 0.046875 0.10978835978835978
4.0 0.37351190476190477 0.9272486772486772 0.046130952380952384 0.13227513227513227
10.0 0.4955357142857143 0.6428571428571429 0.011904761904761904 0.03968253968253968
4.0 0.45126488095238093 0.7175925925925926 0.033482142857142856 0.07804232804232804
5.0 0.4494047619047619 0.6415343915343915 0.03422619047619048 0.07936507936507936
7.0 0.5119047619047619 0.6375661375661376 0.01488095238095238 0.04497354497354497
10.0 0.49330357142857145 0.5476190476190477 0.01488095238095238 0.0291005291005291
4.0 0.4453125 0.5767195767195767 0.026041666666666668 0.05291005291005291
4.0 0.44308035714285715 0.533068783068783 0.020089285714285716 0.047619047619047616
4.0 0.43936011904761907 0.4966931216931217 0.021577380952380952 0.03571428571428571
10.0 0.5665922619047619 0.8214285714285714 0.018601190476190476 0.047619047619047616
10.0 0.5186011904761905 0.8062169312169312 0.01636904761904762 0.046296296296296294
1.0 0.06696428571428571 0.8617724867724867 0.01488095238095238 0.07275132275132275
4.0 0.40922619047619047 0.36904761904761907 0.03720238095238095 0.026455026455026454
0.0 0.40922619047619047 0.19907407407407407 0.022321428571428572 0.0992063492063492
4.0 0.47433035714285715 0.3776455026455027 0.03943452380952381 0.02513227513227513
8.0 0.46651785714285715 0.36507936507936506 0.020833333333333332 0.031746031746031744
8.0 0.41592261904761907 0.40674603174603174 0.026785714285714284 0.03571428571428571
4.0 0.24776785714285715 0.47354497354497355 0.06696428571428571 0.05026455026455026
4.0 0.39880952380952384 0.330026455026455 0.017857142857142856 0.02513227513227513
4.0 0.40066964285714285 0.3194444444444444 0.01711309523809524 0.027777777777777776
4.0 0.4185267857142857 0.25925925925925924 0.014136904761904762 0.0291005291005291
10.0 0.1056547619047619 0.8068783068783069 0.044642857142857144 0.042328042328042326
8.0 0.5535714285714286 0.498015873015873 0.022321428571428572 0.05423280423280423
10.0 0.4601934523809524 0.3835978835978836 0.012648809523809524 0.026455026455026454
0.0 0.21502976190476192 0.38492063492063494 0.06994047619047619 0.10582010582010581
10.0 0.5044642857142857 0.7248677248677249 0.01636904761904762 0.05291005291005291
8.0 0.5546875 0.8637566137566137 0.027529761904761904 0.10317460317460317
7.0 0.48288690476190477 0.5105820105820106 0.017857142857142856 0.03439153439153439
10.0 0.5137648809523809 0.48743386243386244 0.00818452380952381 0.03306878306878307
10.0 0.5115327380952381 0.5304232804232805 0.012648809523809524 0.042328042328042326
7.0 0.4799107142857143 0.4537037037037037 0.023809523809523808 0.06878306878306878
10.0 0.47879464285714285 0.4021164021164021 0.015625 0.04497354497354497
4.0 0.44717261904761907 0.294973544973545 0.01488095238095238 0.026455026455026454
4.0 0.6436011904761905 0.3386243386243386 0.020833333333333332 0.0291005291005291
5.0 0.6744791666666666 0.3472222222222222 0.03050595238095238 0.03042328042328042
