10.0 0.5617559523809523 0.623015873015873 0.011904761904761904 0.031746031746031744
4.0 0.41964285714285715 0.9537037037037037 0.047619047619047616 0.07936507936507936
5.0 0.42299107142857145 0.8326719576719577 0.04538690476190476 0.12037037037037036
7.0 0.4962797619047619 0.7566137566137566 0.01488095238095238 0.05026455026455026
10.0 0.5896577380952381 0.5866402116402116 0.021577380952380952 0.027777777777777776
4.0 0.4192708333333333 0.7235449735449735 0.034970238095238096 0.07936507936507936
4.0 0.4174107142857143 0.6567460317460317 0.03125 0.06481481481481481
4.0 0.4133184523809524 0.6223544973544973 0.023065476190476192 0.056878306878306875
10.0 0.46279761904761907 0.7440476190476191 0.01636904761904762 0.056878306878306875
0.0 0.09375 0.6712962962962963 0.06398809523809523 0.11243386243386243
0.0 0.14583333333333334 0.7242063492063492 0.03571428571428571 0.07804232804232804
7.0 0.25892857142857145 0.7843915343915344 0.03273809523809524 0.07936507936507936
0.0 0.39211309523809523 0.21626984126984128 0.022321428571428572 0.0992063492063492
8.0 0.5446428571428571 0.48214285714285715 0.026785714285714284 0.03571428571428571
10.0 0.35267857142857145 0.48478835978835977 0.01636904761904762 0.01984126984126984
10.0 0.41443452380952384 0.4708994708994709 0.020833333333333332 0.0291005291005291
4.0 0.15513392857142858 0.5925925925925926 0.06770833333333333 0.05026455026455026
7.0 0.47767857142857145 0.4146825396825397 0.026785714285714284 0.03306878306878307
7.0 0.4181547619047619 0.33796296296296297 0.01636904761904762 0.03306878306878307
4.0 0.3757440476190476 0.36574074074074076 0.017857142857142856 0.027777777777777776
4.0 0.3776041666666667 0.3505291005291005 0.018601190476190476 0.026455026455026454
10.0 0.43898809523809523 0.38756613756613756 0.013392857142857142 0.026455026455026454
0.0 0.11644345238095238 0.4470899470899471 0.061755952380952384 0.1164021164021164
2.0 0.3630952380952381 0.421957671957672 0.011904761904761904 0.026455026455026454
4.0 0.5252976190476191 0.3697089947089947 0.01636904761904762 0.03306878306878307
5.0 0.4635416666666667 0.32341269841269843 0.03125 0.027777777777777776
10.0 0.6588541666666666 0.4556878306878307 0.023065476190476192 0.03042328042328042
10.0 0.4724702380952381 0.6805555555555556 0.019345238095238096 0.051587301587301584
8.0 0.5245535714285714 0.792989417989418 0.026785714285714284 0.09391534391534391
7.0 0.47693452380952384 0.582010582010582 0.017857142857142856 0.03439153439153439
10.0 0.49776785714285715 0.5714285714285714 0.008928571428571428 0.037037037037037035
10.0 0.5145089285714286 0.5727513227513228 0.012648809523809524 0.04497354497354497
7.0 0.46726190476190477 0.5178571428571429 0.02976190476190476 0.07804232804232804
10.0 0.45424107142857145 0.43584656084656087 0.015625 0.04365079365079365
4.0 0.43154761904761907 0.3253968253968254 0.01488095238095238 0.026455026455026454
4.0 0.5316220238095238 0.3220899470899471 0.024553571428571428 0.022486772486772486
4.0 0.5427827380952381 0.32671957671957674 0.026041666666666668 0.021164021164021163
5.0 0.48549107142857145 0.34656084656084657 0.03050595238095238 0.03439153439153439
4.0 0.49107142857142855 0.3611111111111111 0.028273809523809524 0.03439153439153439
5.0 0.5040922619047619 0.36706349206349204 0.027529761904761904 0.03306878306878307
5.0 0.6904761904761905 0.4497354497354497 0.047619047619047616 0.042328042328042326
4.0 0.6514136904761905 0.376984126984127 0.021577380952380952 0.037037037037037035
5.0 0.6867559523809523 0.3888888888888889 0.03571428571428571 0.03439153439153439
10.0 0.5357142857142857 0.8637566137566137 0.017857142857142856 0.06878306878306878
4.0 0.4959077380952381 0.3167989417989418 0.026041666666666668 0.02513227513227513
