4.0 0.47544642857142855 0.7744708994708994 0.043154761904761904 0.0992063492063492
4.0 0.37983630952380953 0.8201058201058201 0.04389880952380952 0.1164021164021164
10.0 0.5044642857142857 0.6488095238095238 0.011904761904761904 0.041005291005291
4.0 0.45498511904761907 0.6832010582010583 0.033482142857142856 0.0701058201058201
5.0 0.4523809523809524 0.6164021164021164 0.03273809523809524 0.06878306878306878
7.0 0.5133928571428571 0.6283068783068783 0.01488095238095238 0.04497354497354497
10.0 0.4888392857142857 0.5370370370370371 0.01488095238095238 0.0291005291005291
4.0 0.44828869047619047 0.5535714285714286 0.024553571428571428 0.04894179894179894
4.0 0.4460565476190476 0.5185185185185185 0.020089285714285716 0.047619047619047616
4.0 0.44233630952380953 0.4828042328042328 0.020089285714285716 0.037037037037037035
10.0 0.5505952380952381 0.7242063492063492 0.017857142857142856 0.04894179894179894
10.0 0.5275297619047619 0.826058201058201 0.01488095238095238 0.04894179894179894
1.0 0.09114583333333333 0.8108465608465608 0.015625 0.06613756613756613
4.0 0.44494047619047616 0.3637566137566138 0.03720238095238095 0.026455026455026454
0.0 0.41443452380952384 0.19907407407407407 0.022321428571428572 0.0992063492063492
4.0 0.25930059523809523 0.4576719576719577 0.06770833333333333 0.05026455026455026
4.0 0.4025297619047619 0.3220899470899471 0.017857142857142856 0.02513227513227513
4.0 0.40438988095238093 0.31283068783068785 0.015625 0.027777777777777776
4.0 0.42299107142857145 0.2585978835978836 0.014136904761904762 0.03042328042328042
10.0 0.125 0.7552910052910053 0.044642857142857144 0.042328042328042326
8.0 0.5372023809523809 0.5046296296296297 0.022321428571428572 0.05423280423280423
10.0 0.4642857142857143 0.38293650793650796 0.00744047619047619 0.027777777777777776
0.0 0.22395833333333334 0.376984126984127 0.06994047619047619 0.10317460317460317
10.0 0.5126488095238095 0.7361111111111112 0.017857142857142856 0.05423280423280423
8.0 0.5628720238095238 0.8756613756613757 0.027529761904761904 0.10317460317460317
7.0 0.4851190476190476 0.5052910052910053 0.017857142857142856 0.03439153439153439
10.0 0.5174851190476191 0.4808201058201058 0.00818452380952381 0.03306878306878307
10.0 0.5115327380952381 0.5370370370370371 0.012648809523809524 0.042328042328042326
7.0 0.48288690476190477 0.4417989417989418 0.023809523809523808 0.06878306878306878
10.0 0.484375 0.3968253968253968 0.01488095238095238 0.04497354497354497
4.0 0.45163690476190477 0.2923280423280423 0.01488095238095238 0.026455026455026454
4.0 0.6436011904761905 0.33201058201058203 0.020833333333333332 0.0291005291005291
