4.0 0.47619047619047616 0.7579365079365079 0.041666666666666664 0.09523809523809523
4.0 0.38095238095238093 0.7784391534391535 0.03720238095238095 0.10449735449735449
10.0 0.5081845238095238 0.6541005291005291 0.011904761904761904 0.04365079365079365
4.0 0.4557291666666667 0.671957671957672 0.033482142857142856 0.06878306878306878
5.0 0.4538690476190476 0.6051587301587301 0.03273809523809524 0.06481481481481481
7.0 0.5126488095238095 0.6283068783068783 0.01488095238095238 0.04497354497354497
10.0 0.48660714285714285 0.533068783068783 0.01488095238095238 0.0291005291005291
4.0 0.4497767857142857 0.5443121693121693 0.024553571428571428 0.04894179894179894
4.0 0.44680059523809523 0.5119047619047619 0.020089285714285716 0.047619047619047616
4.0 0.44382440476190477 0.47619047619047616 0.018601190476190476 0.037037037037037035
10.0 0.5457589285714286 0.6937830687830688 0.01711309523809524 0.046296296296296294
10.0 0.5260416666666666 0.8485449735449735 0.01488095238095238 0.04894179894179894
1.0 0.0978422619047619 0.7916666666666666 0.015625 0.06481481481481481
4.0 0.38467261904761907 0.3584656084656085 0.043154761904761904 0.026455026455026454
4.0 0.46205357142857145 0.36243386243386244 0.03720238095238095 0.026455026455026454
0.0 0.4166666666666667 0.19907407407407407 0.022321428571428572 0.0992063492063492
4.0 0.2615327380952381 0.4523809523809524 0.06770833333333333 0.05026455026455026
4.0 0.40476190476190477 0.31812169312169314 0.017857142857142856 0.02513227513227513
4.0 0.4069940476190476 0.30952380952380953 0.01488095238095238 0.026455026455026454
4.0 0.4252232142857143 0.25925925925925924 0.014136904761904762 0.0291005291005291
10.0 0.1331845238095238 0.7433862433862434 0.044642857142857144 0.042328042328042326
8.0 0.5305059523809523 0.5066137566137566 0.022321428571428572 0.05555555555555555
10.0 0.46577380952380953 0.37896825396825395 0.00744047619047619 0.027777777777777776
0.0 0.22767857142857142 0.37433862433862436 0.06994047619047619 0.10317460317460317
10.0 0.5163690476190477 0.7407407407407407 0.017857142857142856 0.05555555555555555
8.0 0.5628720238095238 0.8902116402116402 0.027529761904761904 0.10317460317460317
7.0 0.48660714285714285 0.5026455026455027 0.017857142857142856 0.03439153439153439
10.0 0.5189732142857143 0.4794973544973545 0.00818452380952381 0.03306878306878307
10.0 0.5115327380952381 0.541005291005291 0.012648809523809524 0.042328042328042326
7.0 0.48400297619047616 0.43584656084656087 0.023065476190476192 0.06746031746031746
10.0 0.48549107142857145 0.3941798941798942 0.015625 0.04497354497354497
4.0 0.4538690476190476 0.291005291005291 0.01488095238095238 0.026455026455026454
4.0 0.6443452380952381 0.32936507936507936 0.020833333333333332 0.0291005291005291
