10.0 0.7998511904761905 0.623015873015873 0.020833333333333332 0.0291005291005291
10.0 0.8232886904761905 0.625 0.024553571428571428 0.01984126984126984
8.0 0.8939732142857143 0.6058201058201058 0.04241071428571429 0.05555555555555555
10.0 0.7209821428571429 0.6369047619047619 0.03273809523809524 0.03835978835978836
4.0 0.006696428571428571 0.5145502645502645 0.013392857142857142 0.04497354497354497
10.0 0.05505952380952381 0.8425925925925926 0.03571428571428571 0.0873015873015873
10.0 0.03162202380952381 0.9543650793650794 0.029017857142857144 0.08597883597883597
0.0 0.1566220238095238 0.6554232804232805 0.034970238095238096 0.051587301587301584
10.0 0.6852678571428571 0.47156084656084657 0.020833333333333332 0.03835978835978836
10.0 0.027529761904761904 0.39351851851851855 0.011904761904761904 0.02513227513227513
10.0 0.04538690476190476 0.43452380952380953 0.013392857142857142 0.02513227513227513
10.0 0.23921130952380953 0.5238095238095238 0.01711309523809524 0.031746031746031744
7.0 0.1722470238095238 0.49537037037037035 0.027529761904761904 0.03306878306878307
7.0 0.6886160714285714 0.4246031746031746 0.034970238095238096 0.042328042328042326
1.0 0.6670386904761905 0.4298941798941799 0.009672619047619048 0.037037037037037035
4.0 0.9029017857142857 0.41798941798941797 0.04389880952380952 0.05026455026455026
1.0 0.8195684523809523 0.43584656084656087 0.012648809523809524 0.041005291005291
4.0 0.5252976190476191 0.3697089947089947 0.01636904761904762 0.03306878306878307
4.0 0.14322916666666666 0.4398148148148148 0.03794642857142857 0.03571428571428571
5.0 0.12611607142857142 0.4060846560846561 0.04092261904761905 0.031746031746031744
10.0 0.05431547619047619 0.7962962962962963 0.022321428571428572 0.07142857142857142
10.0 0.15215773809523808 0.8895502645502645 0.033482142857142856 0.05423280423280423
8.0 0.31436011904761907 0.9166666666666666 0.046875 0.10582010582010581
7.0 0.3091517857142857 0.8485449735449735 0.033482142857142856 0.07539682539682539
1.0 0.19903273809523808 0.8578042328042328 0.015625 0.07275132275132275
1.0 0.18675595238095238 0.841931216931217 0.01636904761904762 0.06481481481481481
10.0 0.34151785714285715 0.8187830687830688 0.023809523809523808 0.0582010582010582
10.0 0.35974702380952384 0.8029100529100529 0.024553571428571428 0.05291005291005291
10.0 0.4557291666666667 0.7261904761904762 0.03943452380952381 0.047619047619047616
10.0 0.8392857142857143 0.7824074074074074 0.03422619047619048 0.056878306878306875
10.0 0.8151041666666666 0.7652116402116402 0.04389880952380952 0.05423280423280423
1.0 0.6927083333333334 0.7347883597883598 0.011904761904761904 0.04894179894179894
7.0 0.1715029761904762 0.7235449735449735 0.13020833333333334 0.1164021164021164
8.0 0.6763392857142857 0.6785714285714286 0.049107142857142856 0.06878306878306878
4.0 0.31919642857142855 0.6448412698412699 0.0744047619047619 0.06481481481481481
10.0 0.1875 0.66005291005291 0.020833333333333332 0.05026455026455026
4.0 0.40922619047619047 0.5972222222222222 0.06696428571428571 0.056878306878306875
3.0 0.3307291666666667 0.5859788359788359 0.029017857142857144 0.042328042328042326
10.0 0.10305059523809523 0.5231481481481481 0.021577380952380952 0.03835978835978836
1.0 0.044270833333333336 0.5753968253968254 0.011160714285714286 0.03439153439153439
10.0 0.07328869047619048 0.5105820105820106 0.014136904761904762 0.023809523809523808
10.0 0.08816964285714286 0.47354497354497355 0.021577380952380952 0.03968253968253968
4.0 0.07961309523809523 0.41798941798941797 0.025297619047619048 0.03439153439153439
8.0 0.29464285714285715 0.5866402116402116 0.043154761904761904 0.04365079365079365
4.0 0.22358630952380953 0.39814814814814814 0.029017857142857144 0.0291005291005291
4.0 0.24293154761904762 0.39880952380952384 0.03050595238095238 0.027777777777777776
6.0 0.2689732142857143 0.3921957671957672 0.04538690476190476 0.04365079365079365
4.0 0.2961309523809524 0.4007936507936508 0.026785714285714284 0.031746031746031744
4.0 0.31361607142857145 0.40343915343915343 0.029017857142857144 0.031746031746031744
5.0 0.33891369047619047 0.40476190476190477 0.034970238095238096 0.037037037037037035
4.0 0.36495535714285715 0.40476190476190477 0.029017857142857144 0.031746031746031744
4.0 0.38430059523809523 0.43187830687830686 0.04538690476190476 0.03835978835978836
4.0 0.15215773809523808 0.44775132275132273 0.036458333333333336 0.04365079365079365
5.0 0.17447916666666666 0.44841269841269843 0.036458333333333336 0.05026455026455026
4.0 0.19270833333333334 0.4669312169312169 0.03720238095238095 0.05026455026455026
5.0 0.21316964285714285 0.4722222222222222 0.04389880952380952 0.05026455026455026
5.0 0.25111607142857145 0.47619047619047616 0.024553571428571428 0.05026455026455026
1.0 0.30171130952380953 0.49867724867724866 0.014136904761904762 0.04497354497354497
5.0 0.2924107142857143 0.47156084656084657 0.03125 0.051587301587301584
4.0 0.3273809523809524 0.4728835978835979 0.028273809523809524 0.04894179894179894
5.0 0.35825892857142855 0.4669312169312169 0.027529761904761904 0.05026455026455026
5.0 0.38876488095238093 0.460978835978836 0.03050595238095238 0.051587301587301584
10.0 0.31436011904761907 0.5231481481481481 0.027529761904761904 0.041005291005291
10.0 0.4025297619047619 0.5562169312169312 0.02976190476190476 0.041005291005291
4.0 0.44419642857142855 0.5714285714285714 0.05654761904761905 0.05026455026455026
4.0 0.5792410714285714 0.5747354497354498 0.06919642857142858 0.051587301587301584
5.0 0.5208333333333334 0.5555555555555556 0.05952380952380952 0.05291005291005291
4.0 0.42336309523809523 0.4583333333333333 0.02976190476190476 0.05423280423280423
5.0 0.4773065476190476 0.4689153439153439 0.046875 0.046296296296296294
4.0 0.5305059523809523 0.44841269841269843 0.02976190476190476 0.04497354497354497
10.0 0.6845238095238095 0.5555555555555556 0.02976190476190476 0.03439153439153439
6.0 0.6190476190476191 0.5390211640211641 0.08333333333333333 0.062169312169312166
4.0 0.5718005952380952 0.44113756613756616 0.033482142857142856 0.04894179894179894
10.0 0.6473214285714286 0.5132275132275133 0.023809523809523808 0.026455026455026454
10.0 0.5907738095238095 0.6884920634920635 0.01636904761904762 0.056878306878306875
10.0 0.8314732142857143 0.48412698412698413 0.023065476190476192 0.037037037037037035
4.0 0.9148065476190477 0.4808201058201058 0.057291666666666664 0.04365079365079365
10.0 0.22470238095238096 0.5244708994708994 0.013392857142857142 0.02513227513227513
4.0 0.16815476190476192 0.3915343915343915 0.03125 0.037037037037037035
4.0 0.8787202380952381 0.42394179894179895 0.043154761904761904 0.041005291005291
4.0 0.9334077380952381 0.41534391534391535 0.05282738095238095 0.04497354497354497
10.0 0.06436011904761904 0.5582010582010583 0.024553571428571428 0.042328042328042326
