10.0 0.6808035714285714 0.6653439153439153 0.020833333333333332 0.0291005291005291
10.0 0.7127976190476191 0.6765873015873016 0.026785714285714284 0.02513227513227513
10.0 0.22321428571428573 0.966931216931217 0.022321428571428572 0.06084656084656084
4.0 0.07998511904761904 0.8538359788359788 0.04985119047619048 0.11507936507936507
8.0 0.7912946428571429 0.6481481481481481 0.04241071428571429 0.05555555555555555
10.0 0.5848214285714286 0.6686507936507936 0.03273809523809524 0.03835978835978836
10.0 0.8924851190476191 0.6435185185185185 0.03050595238095238 0.05423280423280423
4.0 0.07700892857142858 0.49933862433862436 0.027529761904761904 0.046296296296296294
4.0 0.08482142857142858 0.4662698412698413 0.028273809523809524 0.03835978835978836
10.0 0.1324404761904762 0.7096560846560847 0.03571428571428571 0.06481481481481481
10.0 0.10305059523809523 0.7533068783068783 0.029017857142857144 0.07539682539682539
0.0 0.2682291666666667 0.6322751322751323 0.034970238095238096 0.05026455026455026
10.0 0.6086309523809523 0.5026455026455027 0.020833333333333332 0.03968253968253968
0.0 0.023809523809523808 0.5165343915343915 0.03869047619047619 0.11772486772486772
10.0 0.12760416666666666 0.4173280423280423 0.012648809523809524 0.02513227513227513
10.0 0.14136904761904762 0.45436507936507936 0.013392857142857142 0.02513227513227513
7.0 0.7354910714285714 0.44576719576719576 0.034970238095238096 0.042328042328042326
1.0 0.7120535714285714 0.458994708994709 0.013392857142857142 0.03968253968253968
4.0 0.5252976190476191 0.3697089947089947 0.01636904761904762 0.03306878306878307
5.0 0.20238095238095238 0.4060846560846561 0.04017857142857143 0.031746031746031744
10.0 0.16480654761904762 0.6746031746031746 0.034970238095238096 0.037037037037037035
10.0 0.20796130952380953 0.906084656084656 0.036458333333333336 0.06613756613756613
8.0 0.3255208333333333 0.9298941798941799 0.036458333333333336 0.10317460317460317
7.0 0.2935267857142857 0.826058201058201 0.024553571428571428 0.062169312169312166
1.0 0.16852678571428573 0.8445767195767195 0.01711309523809524 0.06481481481481481
1.0 0.16145833333333334 0.8353174603174603 0.01636904761904762 0.06481481481481481
10.0 0.3255208333333333 0.8035714285714286 0.020089285714285716 0.04365079365079365
10.0 0.34375 0.7837301587301587 0.017857142857142856 0.051587301587301584
10.0 0.5342261904761905 0.718915343915344 0.03869047619047619 0.046296296296296294
10.0 0.8076636904761905 0.8201058201058201 0.04389880952380952 0.0582010582010582
10.0 0.7808779761904762 0.7956349206349206 0.04389880952380952 0.05423280423280423
7.0 0.22395833333333334 0.7281746031746031 0.07738095238095238 0.11772486772486772
8.0 0.6659226190476191 0.6970899470899471 0.050595238095238096 0.06349206349206349
4.0 0.38169642857142855 0.6137566137566137 0.07142857142857142 0.05026455026455026
10.0 0.20982142857142858 0.6587301587301587 0.020833333333333332 0.042328042328042326
4.0 0.48325892857142855 0.591931216931217 0.06324404761904762 0.04894179894179894
10.0 0.140625 0.542989417989418 0.020833333333333332 0.03835978835978836
1.0 0.07328869047619048 0.5767195767195767 0.011160714285714286 0.03439153439153439
10.0 0.12611607142857142 0.4689153439153439 0.014136904761904762 0.02513227513227513
10.0 0.16703869047619047 0.49537037037037035 0.021577380952380952 0.041005291005291
4.0 0.15811011904761904 0.41534391534391535 0.021577380952380952 0.031746031746031744
8.0 0.33630952380952384 0.5787037037037037 0.043154761904761904 0.04365079365079365
4.0 0.29538690476190477 0.3968253968253968 0.02976190476190476 0.026455026455026454
4.0 0.3132440476190476 0.4001322751322751 0.02976190476190476 0.027777777777777776
6.0 0.3325892857142857 0.39616402116402116 0.041666666666666664 0.041005291005291
4.0 0.35379464285714285 0.40674603174603174 0.026041666666666668 0.03306878306878307
4.0 0.37202380952380953 0.41005291005291006 0.028273809523809524 0.031746031746031744
5.0 0.3939732142857143 0.4093915343915344 0.033482142857142856 0.03835978835978836
4.0 0.42224702380952384 0.4146825396825397 0.03050595238095238 0.027777777777777776
4.0 0.4330357142857143 0.43584656084656087 0.046130952380952384 0.03835978835978836
4.0 0.22061011904761904 0.44312169312169314 0.036458333333333336 0.03968253968253968
5.0 0.24069940476190477 0.44312169312169314 0.036458333333333336 0.05026455026455026
4.0 0.2533482142857143 0.460978835978836 0.03794642857142857 0.051587301587301584
5.0 0.26748511904761907 0.4695767195767196 0.04389880952380952 0.047619047619047616
5.0 0.3013392857142857 0.47685185185185186 0.025297619047619048 0.04894179894179894
5.0 0.34226190476190477 0.4755291005291005 0.02976190476190476 0.04894179894179894
4.0 0.3757440476190476 0.4755291005291005 0.028273809523809524 0.04894179894179894
5.0 0.40401785714285715 0.4708994708994709 0.028273809523809524 0.04497354497354497
5.0 0.4341517857142857 0.4662698412698413 0.03050595238095238 0.051587301587301584
10.0 0.26525297619047616 0.5231481481481481 0.021577380952380952 0.046296296296296294
4.0 0.4642857142857143 0.5714285714285714 0.05357142857142857 0.042328042328042326
4.0 0.6960565476190477 0.582010582010582 0.07366071428571429 0.05291005291005291
5.0 0.5420386904761905 0.5628306878306878 0.060267857142857144 0.051587301587301584
4.0 0.46688988095238093 0.4642857142857143 0.026041666666666668 0.047619047619047616
5.0 0.5145089285714286 0.4781746031746032 0.04836309523809524 0.04894179894179894
4.0 0.5703125 0.4636243386243386 0.029017857142857144 0.04365079365079365
10.0 0.7950148809523809 0.5634920634920635 0.03050595238095238 0.03439153439153439
6.0 0.6376488095238095 0.5535714285714286 0.08333333333333333 0.062169312169312166
4.0 0.6179315476190477 0.45701058201058203 0.03794642857142857 0.04894179894179894
10.0 0.7894345238095238 0.5277777777777778 0.023809523809523808 0.026455026455026454
10.0 0.5189732142857143 0.8015873015873016 0.01711309523809524 0.04497354497354497
10.0 0.2261904761904762 0.498015873015873 0.013392857142857142 0.02513227513227513
4.0 0.24367559523809523 0.3915343915343915 0.031994047619047616 0.03439153439153439
10.0 0.07738095238095238 0.6011904761904762 0.025297619047619048 0.03042328042328042
