10.0 0.6000744047619048 0.6382275132275133 0.014136904761904762 0.03042328042328042
5.0 0.41257440476190477 0.9325396825396826 0.05133928571428571 0.12962962962962962
7.0 0.49367559523809523 0.8022486772486772 0.014136904761904762 0.05423280423280423
10.0 0.6283482142857143 0.6104497354497355 0.021577380952380952 0.027777777777777776
4.0 0.4095982142857143 0.8048941798941799 0.04092261904761905 0.09391534391534391
4.0 0.40773809523809523 0.7136243386243386 0.03125 0.06481481481481481
4.0 0.4055059523809524 0.658068783068783 0.026785714285714284 0.06481481481481481
10.0 0.45461309523809523 0.7572751322751323 0.01636904761904762 0.056878306878306875
0.0 0.09895833333333333 0.8115079365079365 0.03571428571428571 0.07804232804232804
7.0 0.22842261904761904 0.878968253968254 0.03571428571428571 0.09391534391534391
10.0 0.3828125 0.5370370370370371 0.014136904761904762 0.03968253968253968
4.0 0.4929315476190476 0.4722222222222222 0.04836309523809524 0.03968253968253968
0.0 0.38764880952380953 0.21957671957671956 0.023809523809523808 0.10317460317460317
8.0 0.6119791666666666 0.5191798941798942 0.03050595238095238 0.03835978835978836
0.0 0.1015625 0.8994708994708994 0.11235119047619048 0.10052910052910052
10.0 0.3084077380952381 0.5595238095238095 0.012648809523809524 0.023809523809523808
10.0 0.45982142857142855 0.5 0.022321428571428572 0.0291005291005291
4.0 0.12239583333333333 0.6322751322751323 0.06770833333333333 0.05026455026455026
7.0 0.4259672619047619 0.4312169312169312 0.03050595238095238 0.031746031746031744
7.0 0.40476190476190477 0.33134920634920634 0.01636904761904762 0.03306878306878307
4.0 0.36755952380952384 0.37962962962962965 0.017857142857142856 0.0291005291005291
4.0 0.3709077380952381 0.3611111111111111 0.018601190476190476 0.026455026455026454
10.0 0.4337797619047619 0.38227513227513227 0.013392857142857142 0.026455026455026454
0.0 0.08110119047619048 0.45105820105820105 0.047619047619047616 0.1111111111111111
2.0 0.35044642857142855 0.45634920634920634 0.011904761904761904 0.026455026455026454
0.0 0.3273809523809524 0.3862433862433862 0.043154761904761904 0.08994708994708994
4.0 0.5252976190476191 0.3697089947089947 0.01636904761904762 0.03306878306878307
10.0 0.6409970238095238 0.4662698412698413 0.023065476190476192 0.03042328042328042
10.0 0.48214285714285715 0.7083333333333334 0.020833333333333332 0.051587301587301584
8.0 0.5219494047619048 0.798941798941799 0.027529761904761904 0.09259259259259259
7.0 0.4773065476190476 0.6097883597883598 0.01711309523809524 0.03968253968253968
10.0 0.49888392857142855 0.6051587301587301 0.009672619047619048 0.03835978835978836
10.0 0.5152529761904762 0.6044973544973545 0.012648809523809524 0.047619047619047616
7.0 0.4616815476190476 0.5403439153439153 0.033482142857142856 0.08333333333333333
4.0 0.7131696428571429 0.48677248677248675 0.046875 0.03439153439153439
10.0 0.42224702380952384 0.5033068783068783 0.015625 0.03835978835978836
10.0 0.44382440476190477 0.44312169312169314 0.015625 0.04497354497354497
4.0 0.4270833333333333 0.335978835978836 0.01488095238095238 0.026455026455026454
4.0 0.5316220238095238 0.3326719576719577 0.024553571428571428 0.022486772486772486
4.0 0.5431547619047619 0.3392857142857143 0.025297619047619048 0.02513227513227513
6.0 0.5576636904761905 0.3386243386243386 0.033482142857142856 0.037037037037037035
4.0 0.5773809523809523 0.3492063492063492 0.025297619047619048 0.026455026455026454
4.0 0.5900297619047619 0.3492063492063492 0.025297619047619048 0.0291005291005291
4.0 0.6090029761904762 0.35185185185185186 0.036458333333333336 0.0291005291005291
4.0 0.6298363095238095 0.35714285714285715 0.029017857142857144 0.031746031746031744
5.0 0.48325892857142855 0.3584656084656085 0.03050595238095238 0.03439153439153439
4.0 0.49107142857142855 0.37566137566137564 0.028273809523809524 0.037037037037037035
5.0 0.49888392857142855 0.38293650793650796 0.027529761904761904 0.03306878306878307
5.0 0.5230654761904762 0.3888888888888889 0.022321428571428572 0.03439153439153439
5.0 0.6994047619047619 0.4695767195767196 0.047619047619047616 0.042328042328042326
4.0 0.65625 0.3955026455026455 0.022321428571428572 0.0291005291005291
5.0 0.6938244047619048 0.4074074074074074 0.03943452380952381 0.03439153439153439
10.0 0.5416666666666666 0.8637566137566137 0.017857142857142856 0.06878306878306878
