10.0 0.5360863095238095 0.6309523809523809 0.011160714285714286 0.031746031746031744
4.0 0.4263392857142857 0.9041005291005291 0.044642857142857144 0.11243386243386243
5.0 0.42819940476190477 0.7843915343915344 0.03943452380952381 0.10582010582010581
7.0 0.49776785714285715 0.718915343915344 0.01488095238095238 0.046296296296296294
10.0 0.5591517857142857 0.5681216931216931 0.021577380952380952 0.027777777777777776
4.0 0.42410714285714285 0.6884920634920635 0.03273809523809524 0.07275132275132275
4.0 0.4226190476190476 0.625 0.02976190476190476 0.056878306878306875
4.0 0.4192708333333333 0.5932539682539683 0.021577380952380952 0.04894179894179894
10.0 0.47619047619047616 0.7546296296296297 0.01636904761904762 0.056878306878306875
0.0 0.12016369047619048 0.6501322751322751 0.057291666666666664 0.11243386243386243
10.0 0.3411458333333333 0.9054232804232805 0.018601190476190476 0.09391534391534391
0.0 0.3958333333333333 0.21626984126984128 0.022321428571428572 0.0992063492063492
8.0 0.515625 0.4689153439153439 0.026785714285714284 0.03571428571428571
10.0 0.39099702380952384 0.455026455026455 0.021577380952380952 0.021164021164021163
10.0 0.3794642857142857 0.458994708994709 0.019345238095238096 0.026455026455026454
4.0 0.19084821428571427 0.5555555555555556 0.06770833333333333 0.05026455026455026
7.0 0.43005952380952384 0.3392857142857143 0.01636904761904762 0.03306878306878307
4.0 0.38095238095238093 0.3578042328042328 0.017857142857142856 0.02513227513227513
4.0 0.38169642857142855 0.3439153439153439 0.017857142857142856 0.026455026455026454
8.0 0.6651785714285714 0.4887566137566138 0.022321428571428572 0.05423280423280423
10.0 0.4412202380952381 0.3915343915343915 0.013392857142857142 0.026455026455026454
0.0 0.14360119047619047 0.43584656084656087 0.06994047619047619 0.11772486772486772
2.0 0.37202380952380953 0.40476190476190477 0.011904761904761904 0.026455026455026454
10.0 0.49107142857142855 0.46164021164021163 0.022321428571428572 0.026455026455026454
4.0 0.5256696428571429 0.3644179894179894 0.01711309523809524 0.03306878306878307
5.0 0.4650297619047619 0.31812169312169314 0.03125 0.027777777777777776
10.0 0.4728422619047619 0.6871693121693122 0.01711309523809524 0.051587301587301584
8.0 0.5275297619047619 0.8088624338624338 0.026785714285714284 0.09391534391534391
7.0 0.47619047619047616 0.5740740740740741 0.017857142857142856 0.03439153439153439
10.0 0.49702380952380953 0.5443121693121693 0.008928571428571428 0.03571428571428571
10.0 0.5137648809523809 0.546957671957672 0.012648809523809524 0.04365079365079365
7.0 0.4713541666666667 0.5112433862433863 0.029017857142857144 0.07275132275132275
10.0 0.45907738095238093 0.4332010582010582 0.01488095238095238 0.04365079365079365
4.0 0.4337797619047619 0.3187830687830688 0.01488095238095238 0.026455026455026454
4.0 0.5323660714285714 0.31812169312169314 0.024553571428571428 0.022486772486772486
4.0 0.5420386904761905 0.32142857142857145 0.026041666666666668 0.021164021164021163
5.0 0.48623511904761907 0.3412698412698413 0.03050595238095238 0.03439153439153439
4.0 0.49404761904761907 0.3531746031746032 0.028273809523809524 0.03439153439153439
5.0 0.5040922619047619 0.35714285714285715 0.029017857142857144 0.031746031746031744
5.0 0.6845238095238095 0.4365079365079365 0.047619047619047616 0.042328042328042326
4.0 0.6488095238095238 0.3716931216931217 0.022321428571428572 0.0291005291005291
5.0 0.6830357142857143 0.37962962962962965 0.03571428571428571 0.03439153439153439
10.0 0.5394345238095238 0.9007936507936508 0.017857142857142856 0.06878306878306878
4.0 0.49813988095238093 0.3101851851851852 0.026041666666666668 0.02513227513227513
