4.0 0.49813988095238093 0.7400793650793651 0.04092261904761905 0.09391534391534391
4.0 0.40662202380952384 0.6931216931216931 0.034970238095238096 0.08465608465608465
10.0 0.5416666666666666 0.6851851851851852 0.013392857142857142 0.05026455026455026
4.0 0.48139880952380953 0.6507936507936508 0.03273809523809524 0.06878306878306878
5.0 0.47842261904761907 0.5932539682539683 0.03273809523809524 0.06481481481481481
7.0 0.5416666666666666 0.6455026455026455 0.01488095238095238 0.04497354497354497
10.0 0.5074404761904762 0.5317460317460317 0.01488095238095238 0.026455026455026454
4.0 0.47507440476190477 0.5363756613756614 0.024553571428571428 0.04894179894179894
4.0 0.4728422619047619 0.5026455026455027 0.020089285714285716 0.047619047619047616
4.0 0.4732142857142857 0.4656084656084656 0.017857142857142856 0.037037037037037035
10.0 0.5628720238095238 0.626984126984127 0.015625 0.03968253968253968
10.0 0.5498511904761905 0.9503968253968254 0.01488095238095238 0.04894179894179894
1.0 0.14657738095238096 0.7572751322751323 0.017857142857142856 0.06746031746031746
4.0 0.4661458333333333 0.3558201058201058 0.04092261904761905 0.026455026455026454
0.0 0.4479166666666667 0.18055555555555555 0.022321428571428572 0.0992063492063492
4.0 0.29538690476190477 0.4444444444444444 0.06845238095238096 0.05291005291005291
4.0 0.4348958333333333 0.31746031746031744 0.015625 0.026455026455026454
4.0 0.43787202380952384 0.3048941798941799 0.014136904761904762 0.027777777777777776
4.0 0.45498511904761907 0.2671957671957672 0.015625 0.0291005291005291
10.0 0.17485119047619047 0.7129629629629629 0.044642857142857144 0.042328042328042326
8.0 0.5386904761904762 0.5277777777777778 0.022321428571428572 0.05555555555555555
10.0 0.49255952380952384 0.36574074074074076 0.00744047619047619 0.027777777777777776
0.0 0.26004464285714285 0.36772486772486773 0.07068452380952381 0.10317460317460317
10.0 0.5513392857142857 0.798941798941799 0.019345238095238096 0.06613756613756613
7.0 0.5133928571428571 0.5013227513227513 0.017857142857142856 0.03439153439153439
10.0 0.5453869047619048 0.48478835978835977 0.008928571428571428 0.03306878306878307
10.0 0.5353422619047619 0.5628306878306878 0.012648809523809524 0.04365079365079365
7.0 0.5107886904761905 0.43386243386243384 0.023065476190476192 0.06613756613756613
10.0 0.5122767857142857 0.39351851851851855 0.015625 0.04365079365079365
4.0 0.48288690476190477 0.28703703703703703 0.01488095238095238 0.026455026455026454
4.0 0.671875 0.32936507936507936 0.020833333333333332 0.0291005291005291
