4.0 0.49813988095238093 0.7400793650793651 0.04092261904761905 0.09391534391534391
4.0 0.4069940476190476 0.6957671957671958 0.03571428571428571 0.08465608465608465
10.0 0.5412946428571429 0.6832010582010583 0.012648809523809524 0.04894179894179894
4.0 0.48214285714285715 0.6507936507936508 0.03273809523809524 0.06878306878306878
5.0 0.47842261904761907 0.5932539682539683 0.03273809523809524 0.06481481481481481
7.0 0.5416666666666666 0.6428571428571429 0.01488095238095238 0.04497354497354497
10.0 0.5081845238095238 0.531084656084656 0.01488095238095238 0.027777777777777776
4.0 0.47507440476190477 0.5363756613756614 0.024553571428571428 0.04894179894179894
4.0 0.4728422619047619 0.5026455026455027 0.020089285714285716 0.047619047619047616
4.0 0.4732142857142857 0.4656084656084656 0.017857142857142856 0.037037037037037035
10.0 0.5628720238095238 0.6296296296296297 0.015625 0.03968253968253968
10.0 0.5498511904761905 0.9457671957671958 0.01488095238095238 0.05026455026455026
1.0 0.14583333333333334 0.7572751322751323 0.017857142857142856 0.06746031746031746
4.0 0.4642857142857143 0.3558201058201058 0.041666666666666664 0.026455026455026454
0.0 0.4479166666666667 0.1779100529100529 0.022321428571428572 0.0992063492063492
4.0 0.29538690476190477 0.4451058201058201 0.06845238095238096 0.051587301587301584
4.0 0.43563988095238093 0.3187830687830688 0.015625 0.026455026455026454
4.0 0.4382440476190476 0.3062169312169312 0.01488095238095238 0.027777777777777776
4.0 0.45498511904761907 0.2671957671957672 0.015625 0.0291005291005291
10.0 0.17410714285714285 0.7129629629629629 0.044642857142857144 0.042328042328042326
8.0 0.5394345238095238 0.5264550264550265 0.022321428571428572 0.05555555555555555
10.0 0.49330357142857145 0.36706349206349204 0.00744047619047619 0.027777777777777776
0.0 0.2604166666666667 0.36772486772486773 0.06994047619047619 0.10317460317460317
10.0 0.5509672619047619 0.7943121693121693 0.018601190476190476 0.06481481481481481
7.0 0.5133928571428571 0.5013227513227513 0.017857142857142856 0.03439153439153439
10.0 0.5453869047619048 0.4834656084656085 0.008928571428571428 0.03306878306878307
10.0 0.5353422619047619 0.5615079365079365 0.012648809523809524 0.04365079365079365
7.0 0.5115327380952381 0.43386243386243384 0.023065476190476192 0.06613756613756613
10.0 0.5137648809523809 0.3941798941798942 0.015625 0.04497354497354497
4.0 0.4836309523809524 0.28703703703703703 0.01488095238095238 0.026455026455026454
4.0 0.671875 0.32936507936507936 0.020833333333333332 0.0291005291005291
