10.0 0.5900297619047619 0.6342592592592593 0.013392857142857142 0.03042328042328042
5.0 0.41555059523809523 0.9074074074074074 0.04985119047619048 0.1402116402116402
7.0 0.49441964285714285 0.791005291005291 0.014136904761904762 0.05291005291005291
10.0 0.6186755952380952 0.6051587301587301 0.021577380952380952 0.027777777777777776
4.0 0.41220238095238093 0.7817460317460317 0.03869047619047619 0.08994708994708994
4.0 0.41294642857142855 0.6990740740740741 0.03125 0.06481481481481481
4.0 0.40736607142857145 0.6494708994708994 0.026041666666666668 0.06349206349206349
10.0 0.4568452380952381 0.751984126984127 0.01636904761904762 0.056878306878306875
0.0 0.11235119047619048 0.78505291005291 0.03571428571428571 0.07804232804232804
7.0 0.23660714285714285 0.8505291005291006 0.03571428571428571 0.09259259259259259
10.0 0.39099702380952384 0.533068783068783 0.014136904761904762 0.03968253968253968
4.0 0.5055803571428571 0.4642857142857143 0.046875 0.03968253968253968
0.0 0.38839285714285715 0.21626984126984128 0.022321428571428572 0.0992063492063492
8.0 0.5907738095238095 0.5072751322751323 0.028273809523809524 0.03835978835978836
10.0 0.20833333333333334 0.9398148148148148 0.03125 0.09126984126984126
10.0 0.31808035714285715 0.53505291005291 0.012648809523809524 0.01984126984126984
10.0 0.4486607142857143 0.49206349206349204 0.022321428571428572 0.0291005291005291
4.0 0.12983630952380953 0.623015873015873 0.06770833333333333 0.05026455026455026
7.0 0.4408482142857143 0.4279100529100529 0.029017857142857144 0.03306878306878307
7.0 0.4069940476190476 0.33134920634920634 0.01636904761904762 0.03306878306878307
4.0 0.3697916666666667 0.37566137566137564 0.017857142857142856 0.0291005291005291
4.0 0.3723958333333333 0.3584656084656085 0.018601190476190476 0.026455026455026454
10.0 0.43526785714285715 0.3835978835978836 0.013392857142857142 0.026455026455026454
0.0 0.08891369047619048 0.4497354497354497 0.04836309523809524 0.1111111111111111
2.0 0.3541666666666667 0.44576719576719576 0.011904761904761904 0.026455026455026454
0.0 0.33035714285714285 0.38095238095238093 0.043154761904761904 0.08994708994708994
4.0 0.5252976190476191 0.3697089947089947 0.01636904761904762 0.03306878306878307
10.0 0.6454613095238095 0.4636243386243386 0.023065476190476192 0.03042328042328042
10.0 0.47953869047619047 0.6951058201058201 0.020089285714285716 0.051587301587301584
8.0 0.5230654761904762 0.7943121693121693 0.028273809523809524 0.09391534391534391
7.0 0.4773065476190476 0.6011904761904762 0.01711309523809524 0.03835978835978836
10.0 0.49813988095238093 0.5958994708994709 0.009672619047619048 0.03835978835978836
10.0 0.5148809523809523 0.5965608465608465 0.011904761904761904 0.047619047619047616
7.0 0.46391369047619047 0.5317460317460317 0.029017857142857144 0.07936507936507936
4.0 0.7206101190476191 0.4801587301587302 0.046875 0.03439153439153439
10.0 0.42410714285714285 0.4966931216931217 0.01488095238095238 0.03835978835978836
10.0 0.44642857142857145 0.44113756613756616 0.01488095238095238 0.04365079365079365
4.0 0.42857142857142855 0.3333333333333333 0.01488095238095238 0.026455026455026454
4.0 0.5316220238095238 0.330026455026455 0.024553571428571428 0.022486772486772486
4.0 0.5431547619047619 0.3353174603174603 0.025297619047619048 0.02513227513227513
6.0 0.5576636904761905 0.335978835978836 0.033482142857142856 0.037037037037037035
4.0 0.5766369047619048 0.34523809523809523 0.025297619047619048 0.026455026455026454
4.0 0.5900297619047619 0.3458994708994709 0.025297619047619048 0.027777777777777776
4.0 0.6078869047619048 0.34854497354497355 0.03571428571428571 0.03042328042328042
4.0 0.6294642857142857 0.35185185185185186 0.02976190476190476 0.031746031746031744
5.0 0.48325892857142855 0.3531746031746032 0.03050595238095238 0.03439153439153439
4.0 0.49255952380952384 0.36772486772486773 0.028273809523809524 0.03439153439153439
5.0 0.49962797619047616 0.3776455026455027 0.027529761904761904 0.03306878306878307
5.0 0.6971726190476191 0.4642857142857143 0.047619047619047616 0.042328042328042326
4.0 0.6555059523809523 0.39021164021164023 0.022321428571428572 0.0291005291005291
5.0 0.6915922619047619 0.4021164021164021 0.03794642857142857 0.03439153439153439
10.0 0.5401785714285714 0.8637566137566137 0.017857142857142856 0.06878306878306878
