10.0 0.5691964285714286 0.6256613756613757 0.011904761904761904 0.031746031746031744
4.0 0.4177827380952381 0.9636243386243386 0.04836309523809524 0.05952380952380952
5.0 0.42150297619047616 0.8505291005291006 0.046875 0.12433862433862433
7.0 0.4955357142857143 0.7658730158730159 0.01488095238095238 0.05026455026455026
10.0 0.5978422619047619 0.591931216931217 0.021577380952380952 0.027777777777777776
4.0 0.4181547619047619 0.7321428571428571 0.03571428571428571 0.08068783068783068
4.0 0.41592261904761907 0.6673280423280423 0.03125 0.06481481481481481
4.0 0.41183035714285715 0.6296296296296297 0.024553571428571428 0.0582010582010582
10.0 0.46130952380952384 0.7453703703703703 0.01636904761904762 0.056878306878306875
0.0 0.08705357142857142 0.6765873015873016 0.06547619047619048 0.11243386243386243
0.0 0.13839285714285715 0.7374338624338624 0.03571428571428571 0.07804232804232804
7.0 0.2533482142857143 0.7996031746031746 0.033482142857142856 0.08333333333333333
10.0 0.4103422619047619 0.5251322751322751 0.014136904761904762 0.03968253968253968
0.0 0.3913690476190476 0.21626984126984128 0.022321428571428572 0.0992063492063492
8.0 0.5513392857142857 0.4861111111111111 0.026785714285714284 0.03571428571428571
10.0 0.34263392857142855 0.49404761904761907 0.014136904761904762 0.01984126984126984
10.0 0.42299107142857145 0.4748677248677249 0.021577380952380952 0.0291005291005291
4.0 0.14769345238095238 0.6005291005291006 0.06770833333333333 0.05026455026455026
7.0 0.46986607142857145 0.4173280423280423 0.03050595238095238 0.03306878306878307
7.0 0.41517857142857145 0.33664021164021163 0.01636904761904762 0.03306878306878307
4.0 0.37388392857142855 0.36772486772486773 0.01711309523809524 0.026455026455026454
4.0 0.37611607142857145 0.35185185185185186 0.018601190476190476 0.026455026455026454
10.0 0.4382440476190476 0.3862433862433862 0.013392857142857142 0.026455026455026454
0.0 0.1134672619047619 0.4497354497354497 0.06324404761904762 0.1164021164021164
2.0 0.36160714285714285 0.42724867724867727 0.011904761904761904 0.026455026455026454
4.0 0.5252976190476191 0.3697089947089947 0.01636904761904762 0.03306878306878307
5.0 0.46279761904761907 0.3247354497354497 0.03125 0.027777777777777776
10.0 0.6551339285714286 0.45701058201058203 0.023065476190476192 0.03042328042328042
10.0 0.47433035714285715 0.6818783068783069 0.018601190476190476 0.051587301587301584
8.0 0.5241815476190477 0.7923280423280423 0.027529761904761904 0.09259259259259259
7.0 0.47693452380952384 0.5833333333333334 0.017857142857142856 0.03439153439153439
10.0 0.49813988095238093 0.578042328042328 0.009672619047619048 0.037037037037037035
10.0 0.5145089285714286 0.5787037037037037 0.012648809523809524 0.046296296296296294
7.0 0.46651785714285715 0.5191798941798942 0.03125 0.07804232804232804
10.0 0.43005952380952384 0.48412698412698413 0.011904761904761904 0.042328042328042326
10.0 0.45275297619047616 0.43716931216931215 0.015625 0.04365079365079365
4.0 0.43080357142857145 0.328042328042328 0.01488095238095238 0.026455026455026454
4.0 0.5316220238095238 0.32341269841269843 0.024553571428571428 0.022486772486772486
4.0 0.5435267857142857 0.328042328042328 0.026041666666666668 0.021164021164021163
6.0 0.5576636904761905 0.328042328042328 0.033482142857142856 0.037037037037037035
5.0 0.48474702380952384 0.3478835978835979 0.03050595238095238 0.03439153439153439
4.0 0.49181547619047616 0.36243386243386244 0.028273809523809524 0.03439153439153439
5.0 0.5026041666666666 0.3697089947089947 0.027529761904761904 0.03306878306878307
5.0 0.6919642857142857 0.4537037037037037 0.047619047619047616 0.042328042328042326
4.0 0.6521577380952381 0.3802910052910053 0.021577380952380952 0.03571428571428571
5.0 0.6882440476190477 0.3915343915343915 0.03571428571428571 0.03439153439153439
10.0 0.5364583333333334 0.8637566137566137 0.017857142857142856 0.06878306878306878
4.0 0.4959077380952381 0.31812169312169314 0.026041666666666668 0.02513227513227513
