4.0 0.4758184523809524 0.7665343915343915 0.04241071428571429 0.09656084656084656
4.0 0.3802083333333333 0.7982804232804233 0.04017857142857143 0.10978835978835978
10.0 0.5059523809523809 0.6514550264550265 0.011904761904761904 0.04365079365079365
4.0 0.4564732142857143 0.6759259259259259 0.033482142857142856 0.06878306878306878
5.0 0.453125 0.6104497354497355 0.03273809523809524 0.06746031746031746
7.0 0.5126488095238095 0.6283068783068783 0.01488095238095238 0.04497354497354497
10.0 0.48735119047619047 0.5343915343915344 0.01488095238095238 0.0291005291005291
4.0 0.4490327380952381 0.5482804232804233 0.024553571428571428 0.04894179894179894
4.0 0.4460565476190476 0.5158730158730159 0.020089285714285716 0.047619047619047616
4.0 0.4427083333333333 0.4794973544973545 0.019345238095238096 0.03571428571428571
10.0 0.5479910714285714 0.708994708994709 0.01711309523809524 0.047619047619047616
10.0 0.5267857142857143 0.8366402116402116 0.01488095238095238 0.04894179894179894
1.0 0.09561011904761904 0.7996031746031746 0.015625 0.06481481481481481
4.0 0.453125 0.36243386243386244 0.03720238095238095 0.026455026455026454
0.0 0.41592261904761907 0.19907407407407407 0.022321428571428572 0.0992063492063492
4.0 0.26004464285714285 0.455026455026455 0.06770833333333333 0.05026455026455026
4.0 0.4036458333333333 0.32076719576719576 0.01711309523809524 0.02513227513227513
4.0 0.4055059523809524 0.3115079365079365 0.01488095238095238 0.027777777777777776
4.0 0.4244791666666667 0.2585978835978836 0.014136904761904762 0.03042328042328042
10.0 0.12946428571428573 0.7473544973544973 0.044642857142857144 0.042328042328042326
8.0 0.5342261904761905 0.5059523809523809 0.022321428571428572 0.05423280423280423
10.0 0.4650297619047619 0.38293650793650796 0.00744047619047619 0.027777777777777776
0.0 0.22544642857142858 0.37566137566137564 0.06994047619047619 0.10317460317460317
10.0 0.5145089285714286 0.7380952380952381 0.01711309523809524 0.05555555555555555
8.0 0.5628720238095238 0.8822751322751323 0.027529761904761904 0.10317460317460317
7.0 0.48586309523809523 0.503968253968254 0.017857142857142856 0.03439153439153439
10.0 0.5182291666666666 0.4794973544973545 0.00818452380952381 0.03306878306878307
10.0 0.5115327380952381 0.5396825396825397 0.012648809523809524 0.042328042328042326
7.0 0.48325892857142855 0.4384920634920635 0.023065476190476192 0.06746031746031746
10.0 0.48474702380952384 0.3955026455026455 0.015625 0.04497354497354497
4.0 0.453125 0.2923280423280423 0.01488095238095238 0.026455026455026454
4.0 0.6443452380952381 0.3306878306878307 0.020833333333333332 0.0291005291005291
