4.0 0.44680059523809523 0.7321428571428571 0.04092261904761905 0.09391534391534391
4.0 0.35379464285714285 0.6203703703703703 0.027529761904761904 0.07142857142857142
10.0 0.5033482142857143 0.7572751322751323 0.014136904761904762 0.051587301587301584
10.0 0.5658482142857143 0.8525132275132276 0.014136904761904762 0.056878306878306875
4.0 0.42857142857142855 0.6501322751322751 0.03422619047619048 0.0701058201058201
5.0 0.4255952380952381 0.5866402116402116 0.03273809523809524 0.06481481481481481
7.0 0.49776785714285715 0.6904761904761905 0.01488095238095238 0.04497354497354497
10.0 0.45275297619047616 0.5443121693121693 0.015625 0.02513227513227513
4.0 0.42299107142857145 0.5337301587301587 0.024553571428571428 0.04894179894179894
4.0 0.42075892857142855 0.5 0.020089285714285716 0.047619047619047616
4.0 0.41964285714285715 0.46164021164021163 0.017857142857142856 0.037037037037037035
10.0 0.5052083333333334 0.5595238095238095 0.008928571428571428 0.03439153439153439
4.0 0.4021577380952381 0.35648148148148145 0.034970238095238096 0.027777777777777776
0.0 0.41220238095238093 0.210978835978836 0.02976190476190476 0.10185185185185185
4.0 0.23846726190476192 0.4470899470899471 0.06770833333333333 0.05026455026455026
4.0 0.38169642857142855 0.31746031746031744 0.013392857142857142 0.026455026455026454
4.0 0.38318452380952384 0.30092592592592593 0.01488095238095238 0.027777777777777776
4.0 0.4010416666666667 0.2777777777777778 0.017857142857142856 0.0291005291005291
10.0 0.11830357142857142 0.7235449735449735 0.044642857142857144 0.042328042328042326
8.0 0.48400297619047616 0.5661375661375662 0.023065476190476192 0.06349206349206349
10.0 0.45907738095238093 0.3637566137566138 0.008928571428571428 0.026455026455026454
10.0 0.4270833333333333 0.3955026455026455 0.011904761904761904 0.03968253968253968
0.0 0.20796130952380953 0.37037037037037035 0.07217261904761904 0.10317460317460317
10.0 0.5238095238095238 0.957010582010582 0.020833333333333332 0.07539682539682539
7.0 0.46056547619047616 0.5132275132275133 0.017857142857142856 0.03439153439153439
10.0 0.4888392857142857 0.5158730158730159 0.008928571428571428 0.031746031746031744
10.0 0.48660714285714285 0.6117724867724867 0.011904761904761904 0.04365079365079365
7.0 0.4564732142857143 0.43452380952380953 0.024553571428571428 0.06481481481481481
10.0 0.46130952380952384 0.3915343915343915 0.013392857142857142 0.042328042328042326
4.0 0.6156994047619048 0.32275132275132273 0.020089285714285716 0.0291005291005291
